0.0	-1	1125
0.8153283596038818	-1	611
1.1089141368865967	-1	611
1.1196763515472412	-1	611
1.1208367347717285	-1	1125
1.3744993209838867	-1	611
1.374901533126831	-1	611
1.8111371994018555	-1	611
1.8185703754425049	-1	611
1.9075100421905518	-1	611
1.9075157642364502	-1	611
1.9078361988067627	-1	611
1.9706971645355225	-1	1256
1.9707086086273193	-1	910
1.971980333328247	-1	1125
1.9766240119934082	-1	902
2.0055551528930664	-1	1256
2.005565881729126	-1	312
2.738865852355957	-1	485
2.7388830184936523	-1	1256
2.738887071609497	-1	1256
2.738888740539551	-1	808
2.738891124725342	-1	1256
2.7388923168182373	-1	1256
2.7388932704925537	-1	556
2.7393085956573486	-1	611
2.7450289726257324	-1	902
2.748194694519043	-1	1125
3.0446534156799316	-1	1256
3.044665575027466	-1	312
3.0524861812591553	-1	705
3.0534045696258545	-1	611
3.065419912338257	-1	611
3.660031318664551	-1	611
3.6600449085235596	-1	1256
3.660048007965088	-1	312
3.6600501537323	-1	1256
3.6600513458251953	-1	105
3.660360336303711	-1	611
3.6711266040802	-1	1125
3.6822474002838135	-1	611
4.2732994556427	-1	611
4.5810630321502686	-1	1256
4.581087589263916	-1	312
4.587986707687378	-1	1235
4.589487791061401	-1	611
4.609044790267944	-1	611
4.617087364196777	-1	611
4.634598255157471	-1	1125
5.503177165985107	-1	1256
5.503203630447388	-1	910
5.50747537612915	-1	1180
5.509304046630859	-1	611
5.5209667682647705	-1	611
5.657364130020142	-1	611
6.4237236976623535	-1	611
6.614838123321533	-1	611
6.6153459548950195	-1	611
7.337066173553467	-1	1125
7.340189218521118	-1	611
7.3514556884765625	-1	611
7.959933280944824	-1	611
8.26778531074524	-1	1125
8.272756814956665	-1	1125
8.286344766616821	-1	1125
8.40529727935791	-1	611
8.409125089645386	-1	611
8.411133766174316	-1	1125
8.81097960472107	-1	611
8.816479206085205	-1	611
8.822810173034668	-1	1125
8.846340894699097	-1	1256
8.846351146697998	-1	312
8.846728563308716	-1	1125
8.954297542572021	-1	1256
8.954309463500977	-1	105
9.497068881988525	-1	611
9.497086524963379	-1	1256
9.497089385986328	-1	312
9.49709177017212	-1	1256
9.497092723846436	-1	312
9.49709439277649	-1	1256
9.497095346450806	-1	312
9.497097253799438	-1	1256
9.497098922729492	-1	312
9.497495889663696	-1	611
9.503593683242798	-1	682
9.506876468658447	-1	1125
9.80466628074646	-1	1256
9.804677963256836	-1	910
9.811968803405762	-1	611
10.113577842712402	-1	884
10.113607406616211	-1	1256
10.113614320755005	-1	186
10.11524772644043	-1	611
10.132117986679077	-1	1154
10.133105754852295	-1	1125
10.138662338256836	-1	611
10.240655660629272	-1	1154
10.241075277328491	-1	1125
10.251409769058228	-1	611
10.727096319198608	-1	611
10.727109432220459	-1	1256
10.727112054824829	-1	312
10.727114200592041	-1	1256
10.727115154266357	-1	312
10.727116823196411	-1	1256
10.727118015289307	-1	312
10.72711968421936	-1	1256
10.727120876312256	-1	312
10.727468967437744	-1	611
10.73531985282898	-1	1256
10.735325336456299	-1	312
10.739694118499756	-1	611
11.035229682922363	-1	307
11.035240888595581	-1	1256
11.035243511199951	-1	910
11.035512447357178	-1	611
11.042367458343506	-1	902
11.143855333328247	-1	1256
11.143882751464844	-1	910
11.213175535202026	-1	1256
11.213207960128784	-1	910
11.213217735290527	-1	1256
11.21322250366211	-1	910
11.213229417800903	-1	1256
11.213234663009644	-1	1256
11.213239192962646	-1	774
11.213245391845703	-1	1256
11.213250398635864	-1	1256
11.213255167007446	-1	556
11.213260650634766	-1	1256
11.235147953033447	-1	1125
11.247724771499634	-1	611
11.302154541015625	-1	1256
11.30216646194458	-1	312
11.33260464668274	-1	1256
11.33805513381958	-1	312
11.432092189788818	-1	1256
11.432104110717773	-1	312
11.440707206726074	-1	1256
11.440717935562134	-1	910
11.450817346572876	-1	1256
11.450825214385986	-1	910
11.456122398376465	-1	286
11.460126399993896	-1	1256
11.460133790969849	-1	910
11.460241794586182	-1	611
11.481722831726074	-1	928
11.488218069076538	-1	1256
11.488229513168335	-1	910
11.496042490005493	-1	902
11.813981294631958	-1	611
11.821608781814575	-1	1256
11.821628093719482	-1	312
11.821651697158813	-1	1256
11.8216552734375	-1	910
11.821659803390503	-1	1256
11.82166337966919	-1	1146
11.821667194366455	-1	1256
11.821670770645142	-1	910
11.821672439575195	-1	1256
11.821672916412354	-1	928
11.821674346923828	-1	1256
11.821675300598145	-1	1256
11.821676254272461	-1	561
11.821677923202515	-1	1256
11.821678400039673	-1	1146
11.823493719100952	-1	1516
11.826985836029053	-1	1219
11.836985111236572	-1	1125
11.880795955657959	-1	1256
11.880807638168335	-1	312
11.91547441482544	-1	1256
11.915485620498657	-1	910
11.915933609008789	-1	1256
11.915938138961792	-1	928
11.924571752548218	-1	286
11.980848550796509	-1	983
11.980997562408447	-1	611
12.09230351448059	-1	1256
12.092316389083862	-1	910
12.112287044525146	-1	884
12.112343788146973	-1	1256
12.11234974861145	-1	910
12.11235499382019	-1	1256
12.112364530563354	-1	1256
12.112366914749146	-1	556
12.129641056060791	-1	1256
12.129655122756958	-1	910
12.134126424789429	-1	286
12.199411153793335	-1	1256
12.199424505233765	-1	910
12.199845790863037	-1	1256
12.19985032081604	-1	910
12.199874639511108	-1	611
12.203929901123047	-1	104
12.21675968170166	-1	1256
12.216771364212036	-1	512
12.216774463653564	-1	1256
12.216775894165039	-1	312
12.261352062225342	-1	1256
12.26136302947998	-1	910
12.261380910873413	-1	1256
12.261382579803467	-1	928
12.265964269638062	-1	1256
12.267646789550781	-1	611
12.277225017547607	-1	1256
12.277238607406616	-1	910
12.27836537361145	-1	1256
12.278372764587402	-1	928
12.282559633255005	-1	286
12.28699254989624	-1	1256
12.287011623382568	-1	312
12.297029733657837	-1	1256
12.297054052352905	-1	312
12.29797649383545	-1	1256
12.297988414764404	-1	910
12.299409866333008	-1	1256
12.299428462982178	-1	928
12.29959750175476	-1	611
12.314729928970337	-1	1256
12.314743518829346	-1	910
12.318490505218506	-1	1256
12.318500280380249	-1	1256
12.318502187728882	-1	774
12.318646669387817	-1	611
12.327692031860352	-1	1256
12.327703952789307	-1	910
12.33350396156311	-1	304
12.334403991699219	-1	1256
12.334417581558228	-1	312
12.341414213180542	-1	1256
12.34144139289856	-1	312
12.47536325454712	-1	1256
12.475374698638916	-1	910
12.475540399551392	-1	611
12.483936548233032	-1	902
12.483959913253784	-1	611
12.491301536560059	-1	1256
12.491314888000488	-1	312
12.519052982330322	-1	1256
12.519063949584961	-1	151
12.522286415100098	-1	611
12.813806772232056	-1	1125
12.820565462112427	-1	1256
12.820576190948486	-1	910
12.820579290390015	-1	1256
12.820581197738647	-1	928
12.820582866668701	-1	1256
12.820584058761597	-1	1128
12.82058572769165	-1	1256
12.820586919784546	-1	1256
12.820588111877441	-1	556
12.820589542388916	-1	1256
12.820590734481812	-1	910
12.820592641830444	-1	1256
12.82059359550476	-1	1146
12.820595264434814	-1	1256
12.82059621810913	-1	910
12.835024356842041	-1	689
12.835050821304321	-1	611
12.839062452316284	-1	1516
12.847142219543457	-1	705
12.885160446166992	-1	1256
12.885172128677368	-1	312
12.936208009719849	-1	1256
12.936224937438965	-1	312
12.953224658966064	-1	1256
12.953237533569336	-1	312
13.182293176651001	-1	1057
13.814374208450317	-1	1125
14.299180269241333	-1	611
14.311877489089966	-1	1256
14.311907768249512	-1	312
14.311915159225464	-1	1256
14.31191897392273	-1	1107
14.311924457550049	-1	1256
14.311929941177368	-1	965
14.311936140060425	-1	1256
14.311941146850586	-1	928
14.311947584152222	-1	1256
14.311952114105225	-1	530
14.31195616722107	-1	1256
14.311959028244019	-1	910
14.311963319778442	-1	1256
14.311967611312866	-1	910
14.311973571777344	-1	1256
14.311978578567505	-1	516
14.314101934432983	-1	1256
14.314112901687622	-1	910
14.314127922058105	-1	1256
14.31412959098816	-1	928
14.314131259918213	-1	1256
14.314132452011108	-1	1128
14.314133882522583	-1	1256
14.314135074615479	-1	1256
14.314136266708374	-1	556
14.314137935638428	-1	1256
14.31413984298706	-1	1256
14.314140796661377	-1	556
14.31414246559143	-1	1256
14.314143419265747	-1	910
14.31414532661438	-1	1256
14.314146280288696	-1	419
14.31867504119873	-1	611
14.32356858253479	-1	1516
14.323584794998169	-1	1516
14.332977533340454	-1	285
14.336522579193115	-1	1516
14.36748194694519	-1	191
14.37895393371582	-1	611
14.719692945480347	-1	1154
14.720067262649536	-1	611
14.731443643569946	-1	1125
14.815269947052002	-1	611
14.900771379470825	-1	1256
14.900805234909058	-1	312
14.90081787109375	-1	1256
14.901179790496826	-1	1256
14.901185512542725	-1	910
14.901241540908813	-1	611
14.902107000350952	-1	1256
14.902116537094116	-1	1256
14.902130365371704	-1	556
14.920498132705688	-1	1256
14.920515060424805	-1	910
14.92052435874939	-1	1256
14.920691967010498	-1	611
14.920710325241089	-1	910
14.94248652458191	-1	1256
14.942516326904297	-1	910
14.942525148391724	-1	1256
14.94266152381897	-1	910
14.960418462753296	-1	1256
14.960487842559814	-1	168
14.960504293441772	-1	1256
14.960786581039429	-1	910
14.961769104003906	-1	611
14.980348587036133	-1	1256
14.980361700057983	-1	928
14.980862140655518	-1	1256
14.980868339538574	-1	910
14.980872869491577	-1	1256
14.981085062026978	-1	910
15.001669883728027	-1	1256
15.001699686050415	-1	910
15.001705884933472	-1	1256
15.001789808273315	-1	611
15.001847982406616	-1	982
15.003059148788452	-1	1256
15.00307297706604	-1	910
15.018468379974365	-1	1256
15.018492460250854	-1	910
15.05675745010376	-1	1256
15.05678129196167	-1	910
15.056786060333252	-1	1256
15.05678939819336	-1	910
15.076513767242432	-1	1256
15.07652473449707	-1	910
15.076526880264282	-1	1256
15.076527833938599	-1	982
15.076828718185425	-1	1256
15.076832294464111	-1	910
15.09602975845337	-1	1256
15.09604001045227	-1	910
15.098734140396118	-1	1256
15.098737478256226	-1	948
15.098739624023438	-1	1256
15.098740339279175	-1	910
15.107356786727905	-1	1256
15.1073637008667	-1	910
15.113157987594604	-1	1256
15.118175029754639	-1	1256
15.14240050315857	-1	576
15.142428159713745	-1	1256
15.14268445968628	-1	611
15.199176788330078	-1	1256
15.199190378189087	-1	1256
15.199206113815308	-1	1256
15.19920802116394	-1	1256
15.199215412139893	-1	1256
15.217211961746216	-1	1256
15.217236518859863	-1	1256
15.217239141464233	-1	1256
15.217240571975708	-1	1256
15.217242002487183	-1	1256
15.217242956161499	-1	1256
15.217244625091553	-1	1256
15.21724796295166	-1	1256
15.217350244522095	-1	611
15.2390775680542	-1	1256
15.239089488983154	-1	1256
15.239105224609375	-1	1256
15.239106893539429	-1	1256
15.239108324050903	-1	1256
15.239109516143799	-1	1256
15.239110469818115	-1	1256
15.23911190032959	-1	1256
15.239112854003906	-1	1256
15.239113807678223	-1	1256
15.239114999771118	-1	124
15.239331722259521	-1	611
15.250878810882568	-1	611
15.260554313659668	-1	1256
15.260560989379883	-1	910
15.261012077331543	-1	611
15.63986849784851	-1	1256
15.641738653182983	-1	910
15.641757249832153	-1	1256
15.64176869392395	-1	1128
15.641770601272583	-1	1256
15.641771078109741	-1	910
15.641772985458374	-1	1256
15.64177393913269	-1	1146
15.641776084899902	-1	1256
15.641777038574219	-1	556
15.64177942276001	-1	1256
15.641780376434326	-1	928
15.641782522201538	-1	1256
15.641783475875854	-1	530
15.64706540107727	-1	621
16.05360460281372	-1	611
16.44264268875122	-1	611
16.89063286781311	-1	611
16.984673976898193	-1	1256
16.986912727355957	-1	1125
16.989511251449585	-1	611
17.62166142463684	-1	1256
17.621694803237915	-1	910
17.6217041015625	-1	1256
17.62170934677124	-1	928
17.62755298614502	-1	1256
17.62761926651001	-1	1256
17.627628564834595	-1	328
17.639349222183228	-1	902
17.63936734199524	-1	1256
17.639371633529663	-1	910
17.63953471183777	-1	611
17.65794849395752	-1	1256
17.657979249954224	-1	910
17.65798854827881	-1	1256
17.65799355506897	-1	910
17.677026748657227	-1	1256
17.677058696746826	-1	910
17.677064180374146	-1	1256
17.6770658493042	-1	910
17.697489976882935	-1	1256
17.697503805160522	-1	910
17.697837352752686	-1	1256
17.697843313217163	-1	910
17.697969913482666	-1	611
17.708792209625244	-1	178
17.71424126625061	-1	1256
17.714268922805786	-1	910
17.727352619171143	-1	1256
17.72740602493286	-1	910
17.727413177490234	-1	1256
17.727414846420288	-1	910
17.732601642608643	-1	1256
17.732609272003174	-1	910
17.73924422264099	-1	540
17.74579358100891	-1	1256
17.74582076072693	-1	910
17.745920658111572	-1	611
17.75413489341736	-1	1256
17.754145860671997	-1	910
17.754149198532104	-1	1256
17.754151105880737	-1	910
17.76603603363037	-1	1256
17.766050815582275	-1	910
17.766076803207397	-1	611
17.772324562072754	-1	1256
17.772334575653076	-1	910
17.774885654449463	-1	158
17.783316135406494	-1	1256
17.783329010009766	-1	910
17.792724132537842	-1	1256
17.792742013931274	-1	1256
17.792744159698486	-1	340
17.79274582862854	-1	1256
17.792747259140015	-1	910
17.79305863380432	-1	611
17.799405097961426	-1	104
17.802692413330078	-1	1516
17.802706480026245	-1	1516
17.805095911026	-1	1256
17.805112600326538	-1	910
17.81277894973755	-1	285
17.81361222267151	-1	1256
17.813618421554565	-1	910
17.813620805740356	-1	1256
17.813621997833252	-1	910
17.82117199897766	-1	611
17.82660222053528	-1	1256
17.82661485671997	-1	150
17.83260178565979	-1	1256
17.832612991333008	-1	910
17.832616567611694	-1	1256
17.832618474960327	-1	910
17.833275318145752	-1	1125
17.840860843658447	-1	611
17.847203254699707	-1	1256
17.847216367721558	-1	548
17.85061001777649	-1	1256
17.850629091262817	-1	910
17.85193634033203	-1	1256
17.851941347122192	-1	910
17.863407850265503	-1	611
17.868149280548096	-1	1256
17.86816120147705	-1	910
17.86816382408142	-1	1256
17.868165016174316	-1	964
17.872087955474854	-1	1256
17.872101545333862	-1	910
17.88552165031433	-1	1256
17.88553738594055	-1	910
17.88555884361267	-1	1256
17.885560989379883	-1	910
17.894073009490967	-1	1256
17.89408802986145	-1	910
17.894110679626465	-1	1256
17.89411234855652	-1	910
17.903425693511963	-1	1256
17.9034423828125	-1	910
17.90359354019165	-1	611
17.904935359954834	-1	1256
17.904945850372314	-1	910
17.911685466766357	-1	1256
17.91169023513794	-1	910
17.91170620918274	-1	1256
17.911707639694214	-1	910
17.917109727859497	-1	611
17.92304229736328	-1	1256
17.92305612564087	-1	910
17.924983978271484	-1	1256
17.924996852874756	-1	1076
17.924999475479126	-1	1256
17.9250009059906	-1	910
17.92790675163269	-1	1256
17.927922248840332	-1	548
17.94144558906555	-1	1256
17.941460132598877	-1	910
17.942902088165283	-1	1256
17.94291663169861	-1	910
17.942933320999146	-1	1256
17.94293451309204	-1	548
17.947067975997925	-1	1170
18.00104022026062	-1	611
18.001879930496216	-1	611
18.01477360725403	-1	611
18.13304877281189	-1	611
18.40458583831787	-1	611
18.712937593460083	-1	1154
18.713223934173584	-1	611
18.72283101081848	-1	611
18.779727458953857	-1	1256
18.77975845336914	-1	910
18.783613204956055	-1	902
18.820940732955933	-1	611
18.859338521957397	-1	1256
18.85935688018799	-1	186
18.86045002937317	-1	611
18.875782012939453	-1	611
19.327962398529053	-1	611
19.328248262405396	-1	611
19.378849744796753	-1	611
19.37912154197693	-1	611
19.44928526878357	-1	1256
19.449302196502686	-1	312
19.56898546218872	-1	1256
19.568997859954834	-1	312
19.570488214492798	-1	1125
19.58341383934021	-1	1516
19.58342933654785	-1	1516
19.592572927474976	-1	285
19.626744508743286	-1	611
19.64143705368042	-1	889
19.64408588409424	-1	611
19.6483895778656	-1	1516
19.651855945587158	-1	1219
19.668776273727417	-1	611
19.81874990463257	-1	611
20.115760326385498	-1	611
20.334631204605103	-1	611
20.554630994796753	-1	611
21.01863145828247	-1	611
21.06342101097107	-1	611
21.722885847091675	-1	611
21.734676361083984	-1	611
21.734691381454468	-1	1256
21.734694004058838	-1	1256
21.73469638824463	-1	265
21.73469829559326	-1	1256
21.734699726104736	-1	928
21.73470115661621	-1	1256
21.734702110290527	-1	530
21.73470401763916	-1	1256
21.734704732894897	-1	910
21.73470664024353	-1	1256
21.734708070755005	-1	1256
21.73470950126648	-1	556
21.734711170196533	-1	1256
21.73471188545227	-1	910
21.734740257263184	-1	1256
21.737159252166748	-1	1146
21.737191915512085	-1	1256
21.737195253372192	-1	1256
21.737196445465088	-1	556
21.73719811439514	-1	1256
21.737199068069458	-1	910
21.73720073699951	-1	1256
21.737201690673828	-1	946
21.73720359802246	-1	1256
21.737205028533936	-1	1256
21.737205982208252	-1	236
21.7443630695343	-1	611
21.74448323249817	-1	1516
21.74925971031189	-1	1256
21.749269485473633	-1	1256
21.74927306175232	-1	1256
21.749274969100952	-1	808
21.7594735622406	-1	1256
21.759487867355347	-1	910
21.7595112323761	-1	1256
21.75951337814331	-1	530
21.767263174057007	-1	1516
21.776498317718506	-1	1256
21.776514768600464	-1	1342
21.776523113250732	-1	280
21.8067843914032	-1	1154
21.806809902191162	-1	1516
21.806820154190063	-1	1219
21.818835496902466	-1	1516
21.818844318389893	-1	1516
21.827600479125977	-1	1516
21.827613353729248	-1	1516
21.83506417274475	-1	1516
21.835070610046387	-1	1516
21.840590715408325	-1	234
22.386265516281128	-1	611
22.386655569076538	-1	611
22.492839336395264	-1	1256
22.492851495742798	-1	312
22.52153491973877	-1	1256
22.521546363830566	-1	910
22.521548986434937	-1	1256
22.521549940109253	-1	928
22.52155303955078	-1	1256
22.521554231643677	-1	530
22.52327013015747	-1	611
22.53673553466797	-1	1256
22.536750555038452	-1	910
22.538151502609253	-1	1256
22.538164615631104	-1	1256
22.538166999816895	-1	556
22.538593769073486	-1	1125
22.555307149887085	-1	1256
22.55532693862915	-1	1256
22.55532956123352	-1	556
22.55632519721985	-1	230
22.5563383102417	-1	611
22.56737494468689	-1	1516
22.567391633987427	-1	1516
22.585325002670288	-1	828
22.70674967765808	-1	611
22.75429677963257	-1	1256
22.754311323165894	-1	910
22.77088952064514	-1	902
22.77762269973755	-1	1256
22.777650594711304	-1	910
22.777894735336304	-1	611
22.778385400772095	-1	1256
22.77839159965515	-1	910
22.778393983840942	-1	1256
22.778396129608154	-1	946
22.79905867576599	-1	1256
22.799070596694946	-1	910
22.7990939617157	-1	1256
22.799094915390015	-1	910
22.79909610748291	-1	1256
22.799097061157227	-1	150
22.79910397529602	-1	1256
22.799123525619507	-1	212
22.842820167541504	-1	611
22.854169845581055	-1	1256
22.854185104370117	-1	910
22.85770869255066	-1	902
22.867348432540894	-1	1256
22.867372751235962	-1	910
22.906961917877197	-1	1256
22.90699338912964	-1	928
22.91977334022522	-1	611
22.93109369277954	-1	1516
22.946296215057373	-1	686
22.946319341659546	-1	1231
23.01328444480896	-1	1256
23.013314485549927	-1	910
23.01373791694641	-1	1256
23.0137460231781	-1	910
23.022623538970947	-1	104
23.037575244903564	-1	1256
23.037587881088257	-1	512
23.037590980529785	-1	1256
23.0375919342041	-1	910
23.037594318389893	-1	1256
23.037595748901367	-1	928
23.054950714111328	-1	1256
23.054962396621704	-1	910
23.055774450302124	-1	1256
23.05577850341797	-1	910
23.0557804107666	-1	1256
23.055781364440918	-1	910
23.056743383407593	-1	1256
23.0567467212677	-1	982
23.07468056678772	-1	1256
23.074691772460938	-1	910
23.074697256088257	-1	1256
23.090115070343018	-1	1256
23.096043348312378	-1	1256
23.10410976409912	-1	1256
23.1675546169281	-1	1256
23.17484712600708	-1	1256
23.18477177619934	-1	1132
23.184980630874634	-1	611
23.193392753601074	-1	1256
23.193411827087402	-1	1256
23.193435430526733	-1	1256
23.193438053131104	-1	1256
23.197359323501587	-1	1516
23.197377681732178	-1	705
23.202622652053833	-1	1256
23.2026469707489	-1	1256
23.202651500701904	-1	1256
23.202653408050537	-1	1256
23.20265483856201	-1	1256
23.202656984329224	-1	1256
23.20265817642212	-1	1256
23.20266604423523	-1	1256
23.230133056640625	-1	611
23.230151414871216	-1	1256
23.23016095161438	-1	1256
23.230164289474487	-1	1256
23.230166912078857	-1	1256
23.23016929626465	-1	1256
23.230172634124756	-1	1256
23.230174779891968	-1	1256
23.23017692565918	-1	1256
23.23017907142639	-1	1256
23.230189085006714	-1	1256
23.24585485458374	-1	1256
23.245866537094116	-1	1256
23.245888233184814	-1	1256
23.245890617370605	-1	1256
23.245892763137817	-1	1256
23.24589443206787	-1	1256
23.245896816253662	-1	1256
23.245898962020874	-1	1256
23.245902061462402	-1	1256
23.245904207229614	-1	1256
23.245906114578247	-1	1256
23.245916604995728	-1	1256
23.246057748794556	-1	611
23.254778146743774	-1	1256
23.254794359207153	-1	142
23.2554988861084	-1	611
23.29542350769043	-1	1256
23.29543924331665	-1	206
23.295461416244507	-1	1256
23.295463800430298	-1	910
23.29982876777649	-1	611
23.31114912033081	-1	611
23.31786584854126	-1	1256
23.317885398864746	-1	910
23.31788992881775	-1	1256
23.31789207458496	-1	910
23.317893981933594	-1	1256
23.317895650863647	-1	910
23.31789803504944	-1	1256
23.317899703979492	-1	910
23.335159063339233	-1	1256
23.33517551422119	-1	186
23.33519983291626	-1	1256
23.33520221710205	-1	910
23.33520531654358	-1	1256
23.335206747055054	-1	910
23.35676860809326	-1	1256
23.356784105300903	-1	910
23.356806993484497	-1	1256
23.356809377670288	-1	910
23.35757279396057	-1	1256
23.35758328437805	-1	910
23.357600450515747	-1	1256
23.35760235786438	-1	910
23.362967252731323	-1	776
23.374674558639526	-1	1256
23.3747079372406	-1	910
23.374844789505005	-1	611
23.3983211517334	-1	1256
23.398353576660156	-1	910
23.39835810661316	-1	1256
23.398359537124634	-1	910
23.398361206054688	-1	1256
23.398362159729004	-1	910
23.402028799057007	-1	611
23.415474891662598	-1	611
23.415746927261353	-1	1256
23.42294430732727	-1	910
23.422958612442017	-1	1256
23.422961473464966	-1	982
23.422964572906494	-1	1256
23.422966718673706	-1	910
23.422969579696655	-1	1256
23.42297101020813	-1	910
23.44260835647583	-1	1256
23.442643880844116	-1	910
23.442679166793823	-1	1256
23.44268226623535	-1	910
23.44268560409546	-1	1256
23.442687034606934	-1	507
23.443124055862427	-1	611
23.455273628234863	-1	611
23.46182608604431	-1	1256
23.461845636367798	-1	910
23.461851119995117	-1	1256
23.46185278892517	-1	928
23.46185564994812	-1	1256
23.461857557296753	-1	910
23.46186661720276	-1	1256
23.46318292617798	-1	910
23.463200092315674	-1	1256
23.46321940422058	-1	766
23.467811584472656	-1	611
23.483150005340576	-1	1256
23.48316764831543	-1	910
23.48438286781311	-1	1256
23.484394550323486	-1	928
23.48439931869507	-1	1256
23.484400987625122	-1	910
23.48440384864807	-1	1256
23.484405279159546	-1	910
23.50532341003418	-1	1256
23.505335807800293	-1	910
23.506556749343872	-1	1256
23.506564378738403	-1	982
23.506576538085938	-1	1256
23.506577968597412	-1	910
23.506580352783203	-1	1256
23.5065815448761	-1	910
23.526087284088135	-1	1256
23.526121377944946	-1	910
23.526683568954468	-1	1256
23.52670693397522	-1	910
23.526714086532593	-1	1256
23.52721643447876	-1	910
23.527225017547607	-1	1256
23.527239084243774	-1	910
23.544064044952393	-1	1256
23.544092893600464	-1	910
23.544099807739258	-1	1256
23.54423427581787	-1	611
23.544398069381714	-1	1256
23.54440426826477	-1	450
23.54559636116028	-1	1256
23.54560661315918	-1	910
23.54562544822693	-1	1256
23.546090602874756	-1	910
23.566261053085327	-1	1138
23.566280841827393	-1	1256
23.56628441810608	-1	910
23.567606687545776	-1	1256
23.567671060562134	-1	910
23.567790508270264	-1	1256
23.567872285842896	-1	1146
23.58234453201294	-1	1256
23.58236336708069	-1	910
23.58275580406189	-1	1256
23.582763671875	-1	910
23.584405183792114	-1	1256
23.58441972732544	-1	964
23.584444999694824	-1	1256
23.584546327590942	-1	611
23.58460569381714	-1	910
23.61703324317932	-1	611
23.62799835205078	-1	1256
23.628005981445312	-1	910
23.62801170349121	-1	1256
23.628013849258423	-1	910
23.62801718711853	-1	1256
23.628018856048584	-1	910
23.62802219390869	-1	1256
23.628023862838745	-1	910
23.628027200698853	-1	1256
23.628028631210327	-1	604
23.628031253814697	-1	1256
23.62803292274475	-1	910
23.62822151184082	-1	611
23.639139652252197	-1	1256
23.639153242111206	-1	910
23.647223949432373	-1	1256
23.647240161895752	-1	910
23.647258043289185	-1	1256
23.647260904312134	-1	1256
23.647262811660767	-1	792
23.66524648666382	-1	902
23.6652991771698	-1	1256
23.74187207221985	-1	611
23.777193069458008	-1	1154
23.84332537651062	-1	1516
23.84334635734558	-1	191
23.85527229309082	-1	1516
23.85529065132141	-1	705
24.633015155792236	-1	611
24.858628749847412	-1	611
25.078634023666382	-1	611
25.259289264678955	-1	611
25.283940076828003	-1	611
25.342943906784058	-1	1256
25.342975854873657	-1	312
25.35036015510559	-1	1235
25.379897832870483	-1	1154
25.863397121429443	-1	611
25.934278964996338	-1	1125
26.085182428359985	-1	1256
26.085208892822266	-1	910
26.08521604537964	-1	1256
26.085219621658325	-1	535
26.086701154708862	-1	1125
26.091442108154297	-1	1125
26.098146438598633	-1	1516
26.098164558410645	-1	1516
26.100665807724	-1	285
26.401658296585083	-1	611
27.014770984649658	-1	611
27.014800786972046	-1	1256
27.014806747436523	-1	910
27.014811277389526	-1	1256
27.014814376831055	-1	928
27.01481604576111	-1	1256
27.014816999435425	-1	1128
27.0148184299469	-1	1256
27.014819145202637	-1	1146
27.01482057571411	-1	1256
27.01482129096985	-1	170
27.014822721481323	-1	1256
27.01482367515564	-1	910
27.014825105667114	-1	1256
27.01482582092285	-1	928
27.014852285385132	-1	1256
27.016157865524292	-1	1128
27.01618266105652	-1	1256
27.016188621520996	-1	1146
27.016194343566895	-1	1256
27.01619553565979	-1	312
27.01744031906128	-1	611
27.02698826789856	-1	1516
27.027027130126953	-1	1516
27.029555797576904	-1	1516
27.02956533432007	-1	1516
27.034536838531494	-1	1516
27.034541368484497	-1	1139
27.05653691291809	-1	1125
27.069025993347168	-1	469
27.070092916488647	-1	1125
27.083190202713013	-1	1125
27.633549213409424	-1	1256
27.63356328010559	-1	312
27.633568048477173	-1	1256
27.633570671081543	-1	1256
27.63357186317444	-1	375
27.633574724197388	-1	1256
27.63357639312744	-1	928
27.63357925415039	-1	1256
27.633580684661865	-1	1128
27.633583307266235	-1	1256
27.63358473777771	-1	910
27.63370680809021	-1	611
27.64238953590393	-1	104
27.646560668945312	-1	1516
27.64657425880432	-1	191
27.701880931854248	-1	611
27.825899839401245	-1	1516
27.82591700553894	-1	191
27.84862232208252	-1	268
27.84864091873169	-1	1256
27.848644733428955	-1	1143
27.849061965942383	-1	611
27.859681606292725	-1	1516
27.85969853401184	-1	705
27.870656728744507	-1	1256
27.870667934417725	-1	1128
27.870763063430786	-1	611
27.879419803619385	-1	1516
27.884150743484497	-1	1219
27.88601303100586	-1	1256
27.88602924346924	-1	910
27.886033296585083	-1	1256
27.88603663444519	-1	1256
27.886038064956665	-1	556
27.89945387840271	-1	1516
27.899471044540405	-1	1516
27.902742385864258	-1	314
28.122634172439575	-1	314
28.346633672714233	-1	314
28.79463505744934	-1	314
28.800333738327026	-1	1256
28.800352096557617	-1	1096
28.807711362838745	-1	1154
28.815317630767822	-1	1516
28.81909942626953	-1	191
28.82650327682495	-1	611
28.82651996612549	-1	1256
28.82652235031128	-1	910
28.827455520629883	-1	1256
28.827460765838623	-1	928
28.827462911605835	-1	1256
28.82746386528015	-1	910
28.82746648788452	-1	1256
28.827468395233154	-1	910
28.827489852905273	-1	611
28.842870473861694	-1	1256
28.842882871627808	-1	766
28.842906951904297	-1	1256
28.84308671951294	-1	1256
28.845524311065674	-1	611
28.8496572971344	-1	152
28.85575556755066	-1	1516
28.855764389038086	-1	1219
28.86490821838379	-1	884
28.86496376991272	-1	1256
28.864975452423096	-1	561
28.865778923034668	-1	611
28.904759407043457	-1	721
29.164915561676025	-1	1256
29.164944171905518	-1	910
29.164952278137207	-1	1256
29.16495704650879	-1	1256
29.164961576461792	-1	556
29.165282726287842	-1	611
29.226030826568604	-1	884
29.226061820983887	-1	1256
29.22606873512268	-1	1256
29.226072788238525	-1	220
29.226077556610107	-1	1256
29.226081609725952	-1	928
29.226428985595703	-1	1256
29.22644281387329	-1	910
29.227044820785522	-1	611
29.241997003555298	-1	1125
29.243871927261353	-1	1120
29.24433660507202	-1	1256
29.244341373443604	-1	910
29.251664638519287	-1	611
29.26736068725586	-1	1256
29.267369508743286	-1	910
29.267371892929077	-1	1256
29.267373085021973	-1	910
29.267502784729004	-1	611
29.272454023361206	-1	122
29.362666130065918	-1	1256
29.36267900466919	-1	910
29.362682342529297	-1	1256
29.362683534622192	-1	910
29.362685441970825	-1	1256
29.36268639564514	-1	910
29.362688541412354	-1	1256
29.36268973350525	-1	910
29.362790822982788	-1	611
29.381338596343994	-1	1256
29.381349563598633	-1	910
29.38810133934021	-1	958
29.398369789123535	-1	1256
29.398381233215332	-1	910
29.39838433265686	-1	1256
29.398385286331177	-1	1146
29.41600728034973	-1	1256
29.416022062301636	-1	910
29.416439533233643	-1	611
29.420251607894897	-1	1256
29.420257091522217	-1	928
29.435099124908447	-1	1256
29.435113191604614	-1	1128
29.43932867050171	-1	902
29.439346313476562	-1	1125
29.783703804016113	-1	1256
29.783713817596436	-1	910
29.783716917037964	-1	1256
29.78371834754944	-1	910
29.783720016479492	-1	1256
29.783721208572388	-1	910
29.78372287750244	-1	1256
29.783723831176758	-1	910
29.783930778503418	-1	611
29.793081283569336	-1	540
29.8022620677948	-1	1256
29.802287101745605	-1	312
29.80229163169861	-1	1256
29.802293300628662	-1	312
29.802295923233032	-1	1256
29.802298307418823	-1	1256
29.80229949951172	-1	163
29.802846431732178	-1	611
29.81470537185669	-1	1516
29.814714431762695	-1	1516
29.817198753356934	-1	285
29.8222758769989	-1	750
29.960103750228882	-1	1154
29.960532426834106	-1	611
30.034220933914185	-1	1256
30.03424835205078	-1	910
30.12464928627014	-1	884
30.124675512313843	-1	1256
30.12468147277832	-1	910
30.12508773803711	-1	1256
30.12509250640869	-1	928
30.126463890075684	-1	611
30.130998373031616	-1	286
30.13531804084778	-1	611
30.135467052459717	-1	1256
30.1354718208313	-1	312
30.1593599319458	-1	1516
30.17340660095215	-1	191
30.206746578216553	-1	1256
30.20676279067993	-1	910
30.35103487968445	-1	611
30.363194704055786	-1	1516
30.363251447677612	-1	1516
30.383156776428223	-1	1516
30.386516571044922	-1	1516
30.386528968811035	-1	1516
30.386530876159668	-1	1516
30.394386529922485	-1	1516
30.39445161819458	-1	1516
30.400266647338867	-1	1516
30.40027642250061	-1	1516
30.412467002868652	-1	1516
30.412475109100342	-1	791
30.471648454666138	-1	1256
30.471680641174316	-1	1256
30.47168755531311	-1	120
30.531810760498047	-1	884
30.533647060394287	-1	611
30.54406714439392	-1	750
30.558645725250244	-1	1125
30.56658935546875	-1	1125
30.57484722137451	-1	611
31.00089716911316	-1	1256
31.00092649459839	-1	312
31.000934839248657	-1	1256
31.00093960762024	-1	1256
31.000943660736084	-1	404
31.000951528549194	-1	1256
31.001745462417603	-1	611
31.0257089138031	-1	1256
31.025720596313477	-1	1256
31.025722980499268	-1	1256
31.0257248878479	-1	1256
31.025726318359375	-1	1256
31.0257306098938	-1	1256
31.025732040405273	-1	1256
31.025733709335327	-1	1256
31.02573537826538	-1	1256
31.025739431381226	-1	142
31.025748014450073	-1	1125
31.03662371635437	-1	1256
31.036641597747803	-1	611
31.036651134490967	-1	1256
31.036653757095337	-1	1256
31.03665518760681	-1	1256
31.036656618118286	-1	1256
31.03665781021118	-1	1256
31.036659002304077	-1	1256
31.036662817001343	-1	1256
31.037577390670776	-1	1256
31.03758406639099	-1	1256
31.03759765625	-1	1256
31.042744636535645	-1	748
31.04276728630066	-1	611
31.04788589477539	-1	1256
31.047899961471558	-1	910
31.04898190498352	-1	1256
31.04898691177368	-1	1220
31.071864366531372	-1	1256
31.071877002716064	-1	910
31.072657823562622	-1	1256
31.072664976119995	-1	1146
31.07267928123474	-1	1256
31.072681427001953	-1	910
31.09954810142517	-1	1256
31.0995614528656	-1	910
31.09958243370056	-1	1256
31.099584579467773	-1	964
31.152528762817383	-1	1256
31.152540922164917	-1	910
31.1525616645813	-1	1256
31.152563333511353	-1	910
31.152565956115723	-1	1256
31.152567625045776	-1	910
31.15256977081299	-1	1256
31.152570724487305	-1	910
31.152573108673096	-1	1256
31.15257430076599	-1	910
31.15277886390686	-1	611
31.152817249298096	-1	1256
31.15282106399536	-1	910
31.165873527526855	-1	611
31.178767681121826	-1	1256
31.178781270980835	-1	910
31.1787850856781	-1	1256
31.178786993026733	-1	910
31.195728540420532	-1	1256
31.195739030838013	-1	242
31.195756435394287	-1	1256
31.19575810432434	-1	910
31.195760488510132	-1	1256
31.19576120376587	-1	910
31.21540927886963	-1	1256
31.215425729751587	-1	910
31.215457439422607	-1	1256
31.215587615966797	-1	910
31.21989941596985	-1	540
31.227961778640747	-1	1256
31.22799253463745	-1	910
31.234850883483887	-1	1256
31.23488140106201	-1	910
31.273732662200928	-1	1256
31.273765802383423	-1	910
31.273775815963745	-1	1256
31.2742178440094	-1	910
31.274226427078247	-1	1256
31.27422857284546	-1	784
31.27435064315796	-1	611
31.27470302581787	-1	1256
31.274713039398193	-1	312
31.27473497390747	-1	1256
31.274892330169678	-1	910
31.27934193611145	-1	1256
31.27940797805786	-1	1256
31.279415130615234	-1	556
31.292583227157593	-1	1256
31.29260015487671	-1	910
31.297284603118896	-1	1256
31.29729914665222	-1	910
31.31094217300415	-1	1256
31.31095862388611	-1	910
31.318331718444824	-1	1256
31.318350315093994	-1	1256
31.318353176116943	-1	176
31.32225012779236	-1	902
31.33040952682495	-1	1256
31.33046817779541	-1	910
31.335124015808105	-1	1256
31.335154056549072	-1	910
31.33515977859497	-1	1256
31.335306644439697	-1	946
31.348737001419067	-1	1256
31.3487708568573	-1	910
31.34895944595337	-1	611
31.34990620613098	-1	1256
31.349919080734253	-1	910
31.36817240715027	-1	1256
31.36819100379944	-1	910
31.368196725845337	-1	1256
31.36819863319397	-1	910
31.36835765838623	-1	611
31.372066020965576	-1	1256
31.372081518173218	-1	910
31.38806700706482	-1	1256
31.38808512687683	-1	910
31.388110637664795	-1	1256
31.388112783432007	-1	910
31.392088174819946	-1	212
31.423624515533447	-1	611
31.447640895843506	-1	1256
31.44765615463257	-1	910
31.447664976119995	-1	1256
31.44790768623352	-1	1256
31.447914838790894	-1	124
31.450650930404663	-1	1256
31.450665950775146	-1	910
31.45067024230957	-1	1256
31.450671911239624	-1	946
31.450676918029785	-1	1256
31.45067858695984	-1	910
31.467244386672974	-1	1256
31.467259168624878	-1	910
31.467284202575684	-1	1256
31.467400789260864	-1	910
31.467482566833496	-1	611
31.487457513809204	-1	1256
31.487473726272583	-1	910
31.487494230270386	-1	1256
31.48749613761902	-1	910
31.49334454536438	-1	1256
31.49335479736328	-1	910
31.53740882873535	-1	1256
31.537434339523315	-1	1054
31.53744101524353	-1	1256
31.537444829940796	-1	910
31.537446975708008	-1	1256
31.537448406219482	-1	116
31.55701971054077	-1	1256
31.557031393051147	-1	312
31.55703353881836	-1	1256
31.557034730911255	-1	312
31.557334184646606	-1	1256
31.557335376739502	-1	910
31.575247049331665	-1	1256
31.57525873184204	-1	928
31.57660675048828	-1	1256
31.576615571975708	-1	910
31.576618909835815	-1	1256
31.57662034034729	-1	910
31.593896627426147	-1	1256
31.593907833099365	-1	910
31.59555721282959	-1	1256
31.595564126968384	-1	982
31.598109006881714	-1	1256
31.620492696762085	-1	910
31.620532989501953	-1	1256
31.620543479919434	-1	1256
31.620917081832886	-1	611
31.630802154541016	-1	1256
31.63085150718689	-1	1256
31.630924463272095	-1	1256
31.630932092666626	-1	1256
31.630934715270996	-1	482
31.6313374042511	-1	611
31.634625911712646	-1	1256
31.634642601013184	-1	1146
31.638402700424194	-1	1256
31.63841700553894	-1	910
31.65338897705078	-1	1256
31.65340542793274	-1	910
31.6534264087677	-1	1256
31.653428077697754	-1	910
31.653430938720703	-1	1256
31.65343189239502	-1	910
31.673457622528076	-1	1256
31.67347264289856	-1	910
31.67394518852234	-1	1256
31.67395281791687	-1	1256
31.67396593093872	-1	430
31.674068927764893	-1	611
33.15066981315613	-1	1256
33.150686502456665	-1	910
33.1506929397583	-1	1256
33.15113306045532	-1	910
33.151139974594116	-1	1256
33.15114188194275	-1	910
33.15164279937744	-1	1256
33.15165305137634	-1	910
33.151671409606934	-1	1256
33.15211081504822	-1	910
33.15213227272034	-1	1256
33.152135372161865	-1	910
33.15262770652771	-1	1256
33.152634620666504	-1	1036
33.152647256851196	-1	1256
33.15311145782471	-1	910
33.15312671661377	-1	1256
33.1531286239624	-1	910
33.153549671173096	-1	611
33.156341791152954	-1	1256
33.156384229660034	-1	910
33.15639019012451	-1	1256
33.156652212142944	-1	768
33.15666222572327	-1	1256
33.161799907684326	-1	1256
33.162357807159424	-1	1256
33.16237759590149	-1	1256
33.16238713264465	-1	1256
33.16290020942688	-1	1256
33.16291546821594	-1	1256
33.162925720214844	-1	1256
33.16343569755554	-1	1256
33.163451194763184	-1	1256
33.16346073150635	-1	1256
33.16398477554321	-1	1256
33.16400194168091	-1	1256
33.164010524749756	-1	1256
33.164520502090454	-1	1256
33.164536476135254	-1	1256
33.164544343948364	-1	1256
33.165064334869385	-1	1256
33.16507935523987	-1	1256
33.1650824546814	-1	1256
33.16552186012268	-1	770
33.16553616523743	-1	611
33.1832857131958	-1	1256
33.183300733566284	-1	910
33.19879674911499	-1	540
33.19882154464722	-1	611
33.20313048362732	-1	1256
33.20314884185791	-1	910
33.203521728515625	-1	1256
33.203529357910156	-1	928
33.20417666435242	-1	286
33.204190254211426	-1	611
33.22877359390259	-1	1256
33.22879242897034	-1	910
33.22879648208618	-1	1256
33.228798389434814	-1	910
33.22880029678345	-1	104
33.245887994766235	-1	1256
33.2459397315979	-1	512
33.246362924575806	-1	1256
33.24639892578125	-1	910
33.26746153831482	-1	1256
33.26748776435852	-1	910
33.26749229431152	-1	1256
33.267493724823	-1	1128
33.28515267372131	-1	1256
33.28516697883606	-1	910
33.28870940208435	-1	1256
33.28871703147888	-1	548
33.303953886032104	-1	1256
33.30396747589111	-1	910
33.306254625320435	-1	1256
33.306262493133545	-1	928
33.30627369880676	-1	1256
33.306276082992554	-1	530
33.32348108291626	-1	1256
33.32349371910095	-1	910
33.323514461517334	-1	1256
33.323517084121704	-1	910
33.323660135269165	-1	611
33.32692885398865	-1	1256
33.32693934440613	-1	946
33.340850830078125	-1	1256
33.340861082077026	-1	910
33.34096813201904	-1	611
33.34881019592285	-1	1256
33.34889817237854	-1	910
33.34900617599487	-1	1256
33.34901142120361	-1	910
33.350752115249634	-1	611
33.36231875419617	-1	740
33.362375020980835	-1	1256
33.36238193511963	-1	910
33.42406177520752	-1	1256
33.424073934555054	-1	896
33.42442202568054	-1	611
33.425278425216675	-1	1256
33.42528700828552	-1	910
33.42529058456421	-1	1256
33.42529368400574	-1	910
33.42529630661011	-1	1256
33.42529773712158	-1	946
33.42530012130737	-1	1256
33.42530155181885	-1	910
33.43567085266113	-1	1125
33.4404616355896	-1	1256
33.440473794937134	-1	910
33.44253921508789	-1	1256
33.44254398345947	-1	632
33.442546367645264	-1	1256
33.44254755973816	-1	910
33.464089155197144	-1	1256
33.46410131454468	-1	910
33.46411752700806	-1	1256
33.46411919593811	-1	1146
33.478554487228394	-1	611
33.48374652862549	-1	1256
33.48375916481018	-1	910
33.48377084732056	-1	1256
33.48392081260681	-1	910
33.488385915756226	-1	122
33.49003553390503	-1	611
33.50065803527832	-1	611
33.50198578834534	-1	1256
33.50200319290161	-1	910
33.531282901763916	-1	611
33.5429151058197	-1	1516
33.54293346405029	-1	1516
33.54977631568909	-1	1342
33.81951832771301	-1	1516
33.82182860374451	-1	1516
33.829662799835205	-1	1256
33.82968044281006	-1	910
33.82968521118164	-1	1256
33.82968878746033	-1	910
33.829691648483276	-1	1256
33.82969355583191	-1	910
33.82969641685486	-1	1256
33.82969832420349	-1	368
33.82970070838928	-1	1256
33.82970213890076	-1	910
33.82970476150513	-1	1256
33.82970666885376	-1	910
33.82970952987671	-1	1256
33.82971143722534	-1	548
33.8297221660614	-1	1256
33.82974648475647	-1	910
33.8332941532135	-1	828
33.83461403846741	-1	1256
33.83462619781494	-1	910
33.83463001251221	-1	1256
33.83463096618652	-1	1146
33.834633111953735	-1	1256
33.83463406562805	-1	910
33.834635972976685	-1	1256
33.834636926651	-1	548
33.83493375778198	-1	1256
33.834938049316406	-1	910
33.84319615364075	-1	611
33.87590312957764	-1	1256
33.875914096832275	-1	910
33.877013206481934	-1	1256
33.87701869010925	-1	1146
33.87702178955078	-1	1256
33.877023696899414	-1	910
33.877026081085205	-1	1256
33.87702775001526	-1	910
33.87703585624695	-1	1256
33.877116203308105	-1	910
33.87727904319763	-1	611
33.89685010910034	-1	1256
33.89685821533203	-1	910
33.89841365814209	-1	1256
33.898420333862305	-1	910
33.91874599456787	-1	1256
33.91875743865967	-1	910
33.919097661972046	-1	1256
33.919103384017944	-1	910
33.934601068496704	-1	1256
33.93461298942566	-1	910
33.934635162353516	-1	1256
33.93463659286499	-1	658
34.38665747642517	-1	1256
34.38666653633118	-1	910
34.3866868019104	-1	1256
34.38668870925903	-1	910
34.386690855026245	-1	1256
34.38669276237488	-1	910
34.38669514656067	-1	1256
34.386696338653564	-1	910
34.386698722839355	-1	1256
34.38669991493225	-1	910
34.38670206069946	-1	1256
34.38670301437378	-1	910
34.38695049285889	-1	611
34.387370586395264	-1	1256
34.38737463951111	-1	910
34.38738441467285	-1	1256
34.387385845184326	-1	910
34.38738775253296	-1	1256
34.38738942146301	-1	910
34.40491962432861	-1	1256
34.40492844581604	-1	910
34.40494775772095	-1	1256
34.40494918823242	-1	1090
34.404951333999634	-1	1256
34.40495252609253	-1	714
34.405086040496826	-1	611
34.422295808792114	-1	1256
34.422324419021606	-1	910
34.42483639717102	-1	1256
34.424845457077026	-1	928
34.424861669540405	-1	1256
34.42486310005188	-1	910
34.44562911987305	-1	1120
34.44564628601074	-1	1256
34.445666551589966	-1	910
34.44567036628723	-1	1256
34.44567155838013	-1	910
34.46451449394226	-1	1256
34.46452975273132	-1	548
34.46545672416687	-1	1256
34.46546268463135	-1	910
34.46547269821167	-1	1256
34.4654746055603	-1	910
34.46547746658325	-1	1256
34.46547889709473	-1	1146
34.465620040893555	-1	611
34.483195781707764	-1	1256
34.48320293426514	-1	910
34.483556509017944	-1	1256
34.48356056213379	-1	910
34.484766721725464	-1	1256
34.48476982116699	-1	964
34.502469539642334	-1	1256
34.502482652664185	-1	910
34.50451612472534	-1	1256
34.50452542304993	-1	910
34.50484824180603	-1	1256
34.50485420227051	-1	910
34.522066831588745	-1	1256
34.52208137512207	-1	368
34.52394366264343	-1	1256
34.52395009994507	-1	910
34.523953437805176	-1	1256
34.52395558357239	-1	910
34.608104944229126	-1	1256
34.60811758041382	-1	910
34.60826539993286	-1	611
34.640549659729004	-1	1256
34.640562295913696	-1	910
34.66160726547241	-1	1256
34.66161823272705	-1	784
34.663055181503296	-1	1256
34.66306519508362	-1	910
34.66308259963989	-1	1256
34.663084268569946	-1	910
34.663087606430054	-1	1256
34.66308856010437	-1	548
34.66309118270874	-1	1256
34.66309189796448	-1	910
34.66309404373169	-1	1256
34.663094997406006	-1	910
34.66329336166382	-1	611
34.67731547355652	-1	304
34.67820382118225	-1	1256
34.678231954574585	-1	910
34.67823624610901	-1	1256
34.67823791503906	-1	910
34.67824053764343	-1	1256
34.67824196815491	-1	910
34.69622492790222	-1	1256
34.69623613357544	-1	910
34.69625520706177	-1	1256
34.69625663757324	-1	910
34.69626307487488	-1	1256
34.69636416435242	-1	910
34.69638466835022	-1	611
34.699610233306885	-1	1256
34.69961452484131	-1	910
34.714741706848145	-1	1256
34.7147479057312	-1	910
34.71476602554321	-1	1256
34.71476721763611	-1	910
34.71596598625183	-1	1256
34.71596956253052	-1	658
34.71936655044556	-1	1256
34.71937012672424	-1	910
34.71937847137451	-1	1256
34.719380378723145	-1	910
34.73607420921326	-1	1256
34.73608112335205	-1	910
34.73699641227722	-1	1256
34.73699975013733	-1	910
34.737008810043335	-1	1256
34.73701024055481	-1	910
34.73701572418213	-1	1256
34.737016916275024	-1	910
34.75364422798157	-1	1256
34.75365495681763	-1	910
34.75475835800171	-1	1256
34.754762411117554	-1	479
34.754772424697876	-1	1256
34.75477385520935	-1	910
34.7548463344574	-1	611
34.75509166717529	-1	1256
34.75509524345398	-1	910
34.76765775680542	-1	1516
34.769042015075684	-1	191
34.77195358276367	-1	1256
34.7719612121582	-1	910
34.77196478843689	-1	1256
34.77196645736694	-1	558
34.77422332763672	-1	1256
34.77422761917114	-1	910
34.77470660209656	-1	1256
34.77471089363098	-1	1256
34.774718284606934	-1	556
34.78158092498779	-1	611
34.791738510131836	-1	1256
34.79174566268921	-1	910
34.79174828529358	-1	1256
34.791749238967896	-1	910
34.79260230064392	-1	1256
34.79260540008545	-1	910
34.792964220047	-1	1256
34.792967557907104	-1	910
34.79615569114685	-1	140
34.813021183013916	-1	1256
34.81305980682373	-1	910
34.81403565406799	-1	1256
34.814064264297485	-1	1256
34.814067363739014	-1	340
34.814069986343384	-1	1256
34.8140709400177	-1	910
34.814072370529175	-1	1256
34.814075231552124	-1	946
34.81424832344055	-1	611
34.834067821502686	-1	1256
34.834084033966064	-1	910
34.834707498550415	-1	1256
34.834720611572266	-1	910
34.834738969802856	-1	1256
34.83474087715149	-1	910
34.836777210235596	-1	611
34.84910869598389	-1	1125
35.309606313705444	-1	1256
35.30962538719177	-1	910
35.309632301330566	-1	1256
35.30963444709778	-1	910
35.30963754653931	-1	1256
35.3096399307251	-1	1256
35.30964159965515	-1	630
35.30964469909668	-1	1256
35.309646129608154	-1	910
35.30964922904968	-1	1256
35.30965065956116	-1	548
35.309654235839844	-1	1256
35.30965542793274	-1	910
35.30965852737427	-1	1256
35.30965995788574	-1	910
35.30970001220703	-1	1256
35.31167650222778	-1	910
35.31169247627258	-1	1256
35.31170964241028	-1	964
35.31171178817749	-1	1256
35.311712980270386	-1	910
35.31171488761902	-1	1256
35.31171631813049	-1	910
35.31171798706055	-1	1256
35.311718702316284	-1	910
35.31172037124634	-1	1256
35.311721324920654	-1	910
35.31172299385071	-1	1256
35.311723947525024	-1	910
35.3117253780365	-1	1256
35.311726331710815	-1	910
35.311758041381836	-1	1256
35.311965465545654	-1	611
35.31232929229736	-1	910
35.31233859062195	-1	1256
35.312350034713745	-1	910
35.32170486450195	-1	1256
35.32173180580139	-1	1256
35.321735858917236	-1	1256
35.32173752784729	-1	1256
35.3217396736145	-1	1256
35.321741342544556	-1	1256
35.32174301147461	-1	1256
35.32174491882324	-1	1256
35.321746587753296	-1	1256
35.32174873352051	-1	1256
35.32175040245056	-1	1256
35.321752309799194	-1	1256
35.32175421714783	-1	1256
35.32175636291504	-1	1256
35.32176613807678	-1	1256
35.32179141044617	-1	1256
35.32298421859741	-1	1256
35.32299518585205	-1	1256
35.32302117347717	-1	1256
35.32305645942688	-1	1256
35.32307410240173	-1	1256
35.32307696342468	-1	1256
35.323078870773315	-1	1256
35.32308650016785	-1	1256
35.32314920425415	-1	1516
35.35862946510315	-1	191
35.42951679229736	-1	1256
35.42955207824707	-1	1256
35.42955803871155	-1	1256
35.42956209182739	-1	1256
35.429564237594604	-1	1256
35.429566383361816	-1	1256
35.42956781387329	-1	1256
35.429569482803345	-1	1256
35.42957091331482	-1	1256
35.42957258224487	-1	1256
35.42957377433777	-1	1256
35.4295756816864	-1	1256
35.4295768737793	-1	1256
35.42957806587219	-1	1256
35.42958736419678	-1	1256
35.429609298706055	-1	1256
35.431219816207886	-1	1256
35.43123006820679	-1	1256
35.431233644485474	-1	1256
35.431235790252686	-1	1256
35.43123769760132	-1	1256
35.43123984336853	-1	1256
35.431241512298584	-1	1256
35.43124794960022	-1	1256
35.43125057220459	-1	1256
35.43125247955322	-1	1256
35.431259870529175	-1	564
35.462740659713745	-1	1256
35.46275353431702	-1	1256
35.511800050735474	-1	1256
35.515708923339844	-1	1256
35.528948068618774	-1	1256
35.53881764411926	-1	1256
35.54411458969116	-1	1256
35.55295395851135	-1	1256
35.61413526535034	-1	156
35.61428761482239	-1	611
35.620012283325195	-1	1256
35.62002635002136	-1	1256
35.62004780769348	-1	1256
35.62005043029785	-1	1256
35.62342715263367	-1	1125
35.62560319900513	-1	1256
35.625614643096924	-1	1256
35.625617265701294	-1	1256
35.62561893463135	-1	1256
35.62562036514282	-1	1256
35.62562155723572	-1	1256
35.62562298774719	-1	1256
35.62562799453735	-1	1256
35.64036202430725	-1	1256
35.64036726951599	-1	1256
35.64038419723511	-1	1256
35.64038610458374	-1	1256
35.64038801193237	-1	1256
35.64038920402527	-1	1256
35.64039063453674	-1	1256
35.64039206504822	-1	1256
35.64039325714111	-1	1256
35.64039468765259	-1	1256
35.64039587974548	-1	1256
35.64040446281433	-1	1256
35.64055800437927	-1	611
35.64711046218872	-1	1256
35.64714574813843	-1	1256
35.647231101989746	-1	1256
35.64723992347717	-1	1256
35.65015983581543	-1	1256
35.6501681804657	-1	1256
35.650184869766235	-1	1256
35.650187253952026	-1	1256
35.65018892288208	-1	1256
35.65019130706787	-1	1256
35.650193214416504	-1	1256
35.65019488334656	-1	1256
35.65019679069519	-1	1256
35.6501989364624	-1	1256
35.650200605392456	-1	1256
35.65020227432251	-1	1256
35.65020418167114	-1	1256
35.65021514892578	-1	1256
35.65159249305725	-1	1125
35.65414023399353	-1	1256
35.65415906906128	-1	1256
35.656901597976685	-1	1256
35.656914472579956	-1	1256
35.65691685676575	-1	1256
35.6569185256958	-1	1256
35.656919956207275	-1	1256
35.65692663192749	-1	1256
35.65956163406372	-1	1256
35.65958499908447	-1	1256
35.65961050987244	-1	1256
35.65961313247681	-1	1256
35.65961503982544	-1	1256
35.65961742401123	-1	1256
35.6596200466156	-1	1256
35.65962219238281	-1	1256
35.65963053703308	-1	1256
35.66222834587097	-1	1256
35.662240505218506	-1	1256
35.66225719451904	-1	1256
35.662259340286255	-1	1256
35.66226077079773	-1	1256
35.66226243972778	-1	1256
35.66226363182068	-1	1256
35.66226506233215	-1	1256
35.66226649284363	-1	1256
35.6624596118927	-1	611
35.68102312088013	-1	1256
35.68107557296753	-1	1256
35.681127309799194	-1	1256
35.68113160133362	-1	1256
35.68113422393799	-1	1256
35.681154012680054	-1	1256
35.68289923667908	-1	1256
35.68291759490967	-1	1256
35.68291997909546	-1	1256
35.68292164802551	-1	1256
35.68292307853699	-1	1256
35.68292474746704	-1	1256
35.68292593955994	-1	1256
35.68293023109436	-1	1256
35.68556308746338	-1	1256
35.68558144569397	-1	1256
35.68558478355408	-1	1256
35.685588121414185	-1	1256
35.685593366622925	-1	1256
35.68559741973877	-1	1256
35.68559980392456	-1	1256
35.68560266494751	-1	1256
35.68560576438904	-1	1256
35.68560981750488	-1	1256
35.6856164932251	-1	1256
35.68561840057373	-1	1256
35.68563771247864	-1	611
35.687016248703	-1	1256
35.687026023864746	-1	1256
35.68703866004944	-1	1256
35.68704104423523	-1	1256
35.6870436668396	-1	1256
35.68704795837402	-1	1256
35.72040677070618	-1	1256
35.720420122146606	-1	1256
35.720438957214355	-1	1256
35.72044038772583	-1	1256
35.72044229507446	-1	1256
35.72044372558594	-1	1256
35.72044563293457	-1	1256
35.720449686050415	-1	1256
35.722158432006836	-1	1256
35.72216463088989	-1	1256
35.72217392921448	-1	1256
35.72217535972595	-1	1256
35.722177267074585	-1	1256
35.722179889678955	-1	1256
35.72532629966736	-1	1256
35.72533559799194	-1	1256
35.725348234176636	-1	1256
35.72534966468811	-1	1256
35.725351095199585	-1	1256
35.72535228729248	-1	1256
35.725353717803955	-1	1256
35.72535967826843	-1	1154
35.7253634929657	-1	1256
35.72536516189575	-1	1256
35.725377321243286	-1	1256
35.725383281707764	-1	1256
35.72538924217224	-1	1256
35.72540235519409	-1	1256
35.72542357444763	-1	1256
35.730287075042725	-1	1256
35.730417251586914	-1	1256
35.73043084144592	-1	1256
35.730433225631714	-1	1256
35.730435371398926	-1	1256
35.73043751716614	-1	1256
35.73043990135193	-1	1256
35.7304584980011	-1	1256
35.73506474494934	-1	1256
35.7350754737854	-1	1256
35.7350914478302	-1	1256
35.735092878341675	-1	1256
35.73509407043457	-1	1256
35.73509764671326	-1	1256
35.74681043624878	-1	1256
35.7468421459198	-1	1256
35.74684548377991	-1	1256
35.746854305267334	-1	1125
35.74686050415039	-1	1256
35.74686312675476	-1	1256
35.74686551094055	-1	1256
35.7468683719635	-1	1256
35.74687051773071	-1	1256
35.746872663497925	-1	1256
35.746875047683716	-1	1256
35.74687838554382	-1	1256
35.746880769729614	-1	1256
35.746883153915405	-1	1256
35.746885538101196	-1	1256
35.74689722061157	-1	1256
35.74732542037964	-1	1256
35.749839782714844	-1	1256
35.74992775917053	-1	1256
35.749932527542114	-1	1256
35.749934673309326	-1	1256
35.74993705749512	-1	1256
35.74993944168091	-1	1256
35.74994778633118	-1	1256
35.752028465270996	-1	1256
35.75205397605896	-1	1256
35.752058267593384	-1	1256
35.75205993652344	-1	1256
35.75206398963928	-1	1256
35.76005005836487	-1	1256
35.76006460189819	-1	1256
35.760085582733154	-1	1256
35.760095834732056	-1	1154
35.760101318359375	-1	1256
35.760104179382324	-1	1256
35.76010608673096	-1	1256
35.76010823249817	-1	1256
35.76011657714844	-1	1256
35.76278066635132	-1	1256
35.762795209884644	-1	1256
35.76281428337097	-1	1256
35.76281976699829	-1	1256
35.76282238960266	-1	1256
35.762829303741455	-1	1256
35.76283144950867	-1	1256
35.76283383369446	-1	1256
35.762842655181885	-1	1256
35.79200005531311	-1	1256
35.79201531410217	-1	1256
35.79203820228577	-1	1256
35.79204273223877	-1	1256
35.79204535484314	-1	1256
35.79204869270325	-1	1256
35.792051792144775	-1	1256
35.79205513000488	-1	1256
35.79205894470215	-1	1256
35.792062282562256	-1	1256
35.79206728935242	-1	1256
35.79206967353821	-1	1256
35.792080879211426	-1	1256
35.799346685409546	-1	1256
35.7993586063385	-1	1256
35.79937696456909	-1	1256
35.79938554763794	-1	1154
35.79938864707947	-1	1256
35.79939007759094	-1	1256
35.79939103126526	-1	1256
35.799392223358154	-1	1256
35.79939365386963	-1	1256
35.799400329589844	-1	1256
35.80421447753906	-1	1256
35.8042254447937	-1	1256
35.80423641204834	-1	1256
35.804238080978394	-1	1256
35.80423927307129	-1	1256
35.804240703582764	-1	1256
35.80424237251282	-1	1256
35.80424356460571	-1	1256
35.80424451828003	-1	887
35.81575679779053	-1	1516
35.82300615310669	-1	220
36.84396266937256	-1	1256
36.843974590301514	-1	910
36.843979358673096	-1	1256
36.84398150444031	-1	477
36.93166995048523	-1	611
37.76060914993286	-1	1256
37.760624408721924	-1	910
37.760650634765625	-1	1256
37.76065254211426	-1	928
37.76065468788147	-1	1256
37.760655641555786	-1	530
37.76065802574158	-1	1256
37.76065969467163	-1	910
37.76066184043884	-1	1256
37.76066327095032	-1	910
37.76066517829895	-1	1256
37.76066589355469	-1	1146
37.76066851615906	-1	1256
37.760669469833374	-1	928
37.760682344436646	-1	1256
37.76070952415466	-1	910
37.76264238357544	-1	1256
37.762654066085815	-1	910
37.76266431808472	-1	1256
37.76266527175903	-1	910
37.762667179107666	-1	1256
37.762667655944824	-1	982
37.7626690864563	-1	1256
37.762670040130615	-1	910
37.76267147064209	-1	1256
37.76267218589783	-1	910
37.76267385482788	-1	1256
37.7626748085022	-1	1256
37.762675523757935	-1	576
37.76267719268799	-1	1256
37.762677907943726	-1	910
37.76270318031311	-1	1256
37.762794733047485	-1	611
37.763715982437134	-1	910
37.763725996017456	-1	1256
37.76374316215515	-1	910
37.763747453689575	-1	1256
37.76374864578247	-1	982
37.7720730304718	-1	1256
37.77208948135376	-1	1256
37.77210879325867	-1	1256
37.77211141586304	-1	1256
37.77211403846741	-1	1256
37.77211618423462	-1	1256
37.77211809158325	-1	1256
37.772120237350464	-1	1256
37.7721221446991	-1	1256
37.77212429046631	-1	1256
37.77212643623352	-1	1256
37.77212858200073	-1	1256
37.77213001251221	-1	915
37.775633811950684	-1	1125
37.798259258270264	-1	1256
37.79827570915222	-1	910
37.79828095436096	-1	1256
37.798282861709595	-1	910
37.79828596115112	-1	1256
37.79828715324402	-1	946
37.79828977584839	-1	1256
37.79829144477844	-1	910
37.79829382896423	-1	1256
37.798295736312866	-1	910
37.816559076309204	-1	1256
37.816572189331055	-1	910
37.816590785980225	-1	1256
37.817116022109985	-1	1256
37.81712532043457	-1	394
37.81712770462036	-1	1256
37.81712889671326	-1	910
37.831538915634155	-1	1516
37.83155632019043	-1	191
37.838842153549194	-1	1256
37.83886957168579	-1	910
37.83972477912903	-1	1256
37.83977794647217	-1	910
37.83978271484375	-1	1256
37.839784383773804	-1	910
37.839787006378174	-1	1256
37.83978819847107	-1	1000
37.84616184234619	-1	686
37.8463020324707	-1	1125
37.862767457962036	-1	1256
37.86277532577515	-1	910
37.86278009414673	-1	1256
37.86278176307678	-1	910
37.86984634399414	-1	304
37.90440607070923	-1	1256
37.90444040298462	-1	910
37.92341065406799	-1	1256
37.92344307899475	-1	1256
37.92344617843628	-1	556
37.9240403175354	-1	1256
37.924052000045776	-1	928
37.92406916618347	-1	1256
37.924071073532104	-1	910
37.92436075210571	-1	1256
37.92436766624451	-1	910
37.92588448524475	-1	1256
37.92589235305786	-1	910
37.925904512405396	-1	1256
37.92590546607971	-1	982
37.925907373428345	-1	1256
37.92590832710266	-1	910
37.94533014297485	-1	1256
37.94534134864807	-1	910
37.9477105140686	-1	1256
37.9477264881134	-1	1256
37.9477436542511	-1	576
37.94774627685547	-1	1256
37.947747230529785	-1	910
37.94786047935486	-1	611
37.966306924819946	-1	1256
37.966388463974	-1	548
37.96651029586792	-1	1256
37.96652102470398	-1	910
37.96668982505798	-1	1256
37.966713666915894	-1	910
37.987648725509644	-1	1256
37.987720251083374	-1	910
37.98813772201538	-1	1256
37.988147497177124	-1	964
37.98815989494324	-1	1256
37.98816156387329	-1	730
38.007949113845825	-1	1256
38.00796413421631	-1	312
38.00870060920715	-1	1256
38.008732080459595	-1	910
38.008739709854126	-1	1256
38.0087411403656	-1	928
38.02953481674194	-1	1256
38.02959680557251	-1	910
38.02971792221069	-1	1256
38.029723167419434	-1	910
38.029730558395386	-1	1256
38.02973461151123	-1	1256
38.02973794937134	-1	176
38.03041744232178	-1	1125
38.04919409751892	-1	1256
38.04920721054077	-1	910
38.04922699928284	-1	1256
38.04922866821289	-1	910
38.049235820770264	-1	1256
38.049628257751465	-1	1256
38.049638748168945	-1	194
38.04964208602905	-1	1256
38.049643754959106	-1	312
38.07269239425659	-1	1256
38.07270812988281	-1	910
38.072733879089355	-1	1256
38.07273602485657	-1	928
38.07273840904236	-1	1256
38.072739362716675	-1	1128
38.07274127006531	-1	1256
38.07274293899536	-1	910
38.07646679878235	-1	104
38.09189486503601	-1	1256
38.09296751022339	-1	910
38.09297442436218	-1	1256
38.092976808547974	-1	910
38.092979192733765	-1	1256
38.09298038482666	-1	910
38.09298276901245	-1	1256
38.09298372268677	-1	910
38.093151807785034	-1	611
38.115729093551636	-1	1256
38.115784645080566	-1	1256
38.11585330963135	-1	394
38.11586022377014	-1	1256
38.11586284637451	-1	910
38.11587071418762	-1	1256
38.11587309837341	-1	1146
38.11587858200073	-1	1256
38.1158812046051	-1	910
38.13451671600342	-1	1256
38.13452959060669	-1	910
38.13455057144165	-1	1256
38.13455247879028	-1	964
38.1351854801178	-1	1256
38.13519024848938	-1	1256
38.13519787788391	-1	140
38.13520073890686	-1	1256
38.135202407836914	-1	910
38.14393973350525	-1	304
38.157108306884766	-1	1256
38.15713405609131	-1	910
38.157581090927124	-1	1256
38.15759229660034	-1	1256
38.157594442367554	-1	556
38.159645795822144	-1	1256
38.15965032577515	-1	928
38.16739296913147	-1	1256
38.16740036010742	-1	910
38.16750526428223	-1	1125
38.21462321281433	-1	1256
38.21464133262634	-1	910
38.21496844291687	-1	1256
38.21497392654419	-1	910
38.231738567352295	-1	140
38.23501539230347	-1	1256
38.235039949417114	-1	910
38.235671520233154	-1	1256
38.23568534851074	-1	910
38.23568940162659	-1	1256
38.23569083213806	-1	910
38.25498127937317	-1	922
38.25499963760376	-1	1256
38.255022287368774	-1	910
38.2550253868103	-1	1256
38.25502634048462	-1	910
38.27148199081421	-1	1256
38.27153730392456	-1	910
38.2715699672699	-1	1256
38.27157282829285	-1	910
38.27618741989136	-1	1256
38.27619981765747	-1	982
38.28984069824219	-1	1256
38.289856910705566	-1	910
38.29000926017761	-1	611
38.29097056388855	-1	1256
38.29097890853882	-1	910
38.29359698295593	-1	1256
38.29360508918762	-1	350
38.29545593261719	-1	1256
38.29546093940735	-1	910
38.30889058113098	-1	1256
38.308902740478516	-1	910
38.30923938751221	-1	1256
38.30924415588379	-1	910
38.315014362335205	-1	1256
38.31502604484558	-1	1256
38.315040588378906	-1	778
38.32729721069336	-1	1256
38.327327489852905	-1	367
38.375906229019165	-1	721
38.424031257629395	-1	611
38.4244589805603	-1	611
38.4508855342865	-1	1256
38.45089888572693	-1	910
38.45090365409851	-1	1256
38.450905561447144	-1	928
38.450908184051514	-1	1256
38.45090961456299	-1	910
38.45715856552124	-1	1120
38.4752676486969	-1	1256
38.475279331207275	-1	910
38.47528600692749	-1	1256
38.4752881526947	-1	910
38.475290298461914	-1	1256
38.47529149055481	-1	910
38.47529339790344	-1	1256
38.47529602050781	-1	964
38.47550916671753	-1	1125
38.49417757987976	-1	611
38.49893236160278	-1	1256
38.49894070625305	-1	730
38.49894428253174	-1	1256
38.498947620391846	-1	910
38.516470193862915	-1	902
38.988248109817505	-1	1256
38.98827409744263	-1	910
38.988280296325684	-1	1256
38.98828387260437	-1	1256
38.98828721046448	-1	556
38.988290786743164	-1	1256
38.98829388618469	-1	910
38.98829746246338	-1	1256
38.98830008506775	-1	946
38.98830437660217	-1	1256
38.98830723762512	-1	910
38.98831057548523	-1	1256
38.98831367492676	-1	910
38.9883177280426	-1	1256
38.98832082748413	-1	910
38.98852753639221	-1	1256
38.9902880191803	-1	984
38.99030327796936	-1	1256
38.99030613899231	-1	910
38.99030876159668	-1	1256
38.990309953689575	-1	928
38.990312576293945	-1	1256
38.99031376838684	-1	910
38.99031615257263	-1	1256
38.99031734466553	-1	179
38.9903199672699	-1	1256
38.99032187461853	-1	910
38.99032402038574	-1	1256
38.99032521247864	-1	910
38.99032759666443	-1	1256
38.990328788757324	-1	910
38.9903609752655	-1	1256
38.99042201042175	-1	611
38.99477434158325	-1	964
38.99479055404663	-1	1256
38.99481201171875	-1	910
38.99481511116028	-1	1256
38.99481749534607	-1	910
38.99481964111328	-1	1256
38.994821310043335	-1	1256
38.99482250213623	-1	376
38.99482488632202	-1	1256
38.994826316833496	-1	1146
38.994831800460815	-1	1256
39.003262996673584	-1	1516
39.00861048698425	-1	191
39.296916246414185	-1	1256
39.29694128036499	-1	910
39.29694724082947	-1	1256
39.296950578689575	-1	928
39.29695439338684	-1	1256
39.29695725440979	-1	530
39.2969605922699	-1	1256
39.296963691711426	-1	910
39.29696750640869	-1	1256
39.29697060585022	-1	910
39.29697394371033	-1	1256
39.29698133468628	-1	946
39.296988010406494	-1	1256
39.296993255615234	-1	910
39.29700684547424	-1	1256
39.29711031913757	-1	1125
39.29723906517029	-1	910
39.29830598831177	-1	1256
39.29831051826477	-1	910
39.29831314086914	-1	1256
39.298314571380615	-1	910
39.29831671714783	-1	1256
39.298317670822144	-1	910
39.298319578170776	-1	1256
39.29832077026367	-1	910
39.298322677612305	-1	1256
39.2983238697052	-1	1220
39.31420373916626	-1	611
39.31438636779785	-1	902
39.31772422790527	-1	1256
39.31772828102112	-1	312
39.32006907463074	-1	1026
39.32019019126892	-1	611
39.4386305809021	-1	1256
39.4386465549469	-1	910
39.43865203857422	-1	1256
39.43865418434143	-1	928
39.502156496047974	-1	1256
39.5021710395813	-1	910
39.50219130516052	-1	1256
39.502193450927734	-1	910
39.502196311950684	-1	1256
39.502198219299316	-1	910
39.50220036506653	-1	1256
39.50220227241516	-1	621
39.52071666717529	-1	1256
39.52072620391846	-1	910
39.52073860168457	-1	1256
39.520740032196045	-1	928
39.53576898574829	-1	286
39.636929512023926	-1	1256
39.63694453239441	-1	910
40.93976974487305	-1	902
40.939841747283936	-1	1256
40.93985080718994	-1	910
40.940521240234375	-1	1256
40.94053649902344	-1	910
40.9405415058136	-1	1256
40.94054198265076	-1	910
40.940685749053955	-1	1125
40.98189401626587	-1	1256
40.981921434402466	-1	910
40.981927156448364	-1	1256
40.981929779052734	-1	910
40.99975609779358	-1	1256
40.99980068206787	-1	910
41.00179719924927	-1	1256
41.001808404922485	-1	1256
41.00181174278259	-1	430
41.022077322006226	-1	1256
41.02208876609802	-1	910
41.03482222557068	-1	922
42.48937106132507	-1	611
43.36090636253357	-1	1256
43.36092686653137	-1	910
43.36109709739685	-1	1256
43.361188888549805	-1	928
43.361196517944336	-1	1256
43.3612003326416	-1	910
43.36120390892029	-1	1256
43.361207008361816	-1	540
43.36120820045471	-1	1256
43.36120891571045	-1	910
43.3612105846405	-1	1256
43.36121106147766	-1	910
43.361212730407715	-1	1256
43.36121320724487	-1	548
43.428632497787476	-1	1256
43.42865705490112	-1	910
43.42866277694702	-1	1256
43.42866587638855	-1	910
43.428669691085815	-1	1256
43.428672313690186	-1	910
43.428781509399414	-1	611
43.42892599105835	-1	1256
43.42893028259277	-1	910
43.443633794784546	-1	1256
43.44364666938782	-1	910
43.44451904296875	-1	1256
43.444523096084595	-1	910
43.444530963897705	-1	1256
43.4445321559906	-1	678
43.444533824920654	-1	1256
43.44453501701355	-1	910
43.450194120407104	-1	902
43.82282733917236	-1	1516
43.82516431808472	-1	1516
43.8290159702301	-1	1256
43.82903075218201	-1	186
43.835559129714966	-1	285
43.95158576965332	-1	611
44.254629373550415	-1	611
44.570629358291626	-1	611
45.13210988044739	-1	611
45.178630352020264	-1	611
46.490920543670654	-1	611
47.28504395484924	-1	1256
47.28505539894104	-1	910
47.28505873680115	-1	1256
47.28505992889404	-1	928
47.285061836242676	-1	1256
47.28506278991699	-1	910
47.285064697265625	-1	1256
47.28506565093994	-1	910
47.285067319869995	-1	1256
47.28506851196289	-1	910
47.285069942474365	-1	1256
47.28507161140442	-1	1256
47.285072326660156	-1	791
47.28507399559021	-1	1256
47.285075426101685	-1	1256
47.285076379776	-1	556
47.2852737903595	-1	1125
47.285808086395264	-1	1256
47.28581237792969	-1	928
47.285820960998535	-1	1256
47.28582215309143	-1	910
47.285823822021484	-1	1256
47.28582501411438	-1	910
47.3077027797699	-1	105
47.904449462890625	-1	1256
47.904480934143066	-1	910
47.90449047088623	-1	1256
47.90449523925781	-1	910
47.90449786186218	-1	1256
47.90449857711792	-1	910
47.90450143814087	-1	1256
47.904502630233765	-1	558
47.90450477600098	-1	1256
47.90450596809387	-1	910
47.904508113861084	-1	1256
47.9045090675354	-1	928
47.90451121330261	-1	1256
47.90451192855835	-1	530
49.12548780441284	-1	1256
49.146705627441406	-1	566
49.146838665008545	-1	611
52.83598494529724	-1	1516
52.83829307556152	-1	191
52.88662576675415	-1	191
53.110631704330444	-1	1516
53.562634229660034	-1	1516
54.45863485336304	-1	1516
54.46249437332153	-1	611
54.58109784126282	-1	191
54.964030265808105	-1	611
54.96427917480469	-1	611
55.82933020591736	-1	1125
55.888941049575806	-1	611
55.88937044143677	-1	611
57.83710312843323	-1	611
58.074631452560425	-1	611
58.1548969745636	-1	611
58.15786170959473	-1	611
58.3198401927948	-1	611
58.320284605026245	-1	611
58.485310316085815	-1	611
58.647207498550415	-1	611
58.647549629211426	-1	611
58.83196973800659	-1	1516
58.83425688743591	-1	1516
58.84296274185181	-1	285
59.57884359359741	-1	611
59.57920694351196	-1	611
60.49875259399414	-1	611
61.961042165756226	-1	611
62.19063138961792	-1	611
62.41862916946411	-1	611
62.87463021278381	-1	611
63.806631326675415	-1	611
63.81988739967346	-1	1154
64.08948540687561	-1	611
64.35523271560669	-1	611
64.41568970680237	-1	611
64.41597294807434	-1	1125
64.79684901237488	-1	611
64.79689383506775	-1	1256
64.79690289497375	-1	910
64.79690933227539	-1	1256
64.79691433906555	-1	928
64.79692077636719	-1	1256
64.7969262599945	-1	910
64.79693222045898	-1	1256
64.79693579673767	-1	910
64.79693937301636	-1	1256
64.79694271087646	-1	1256
64.79694676399231	-1	176
64.80689454078674	-1	1256
64.80691742897034	-1	910
64.81438326835632	-1	304
64.92928695678711	-1	1256
64.92931246757507	-1	910
64.95023965835571	-1	902
65.01796507835388	-1	1256
65.01798033714294	-1	910
65.01798510551453	-1	1256
65.01798748970032	-1	910
65.01798987388611	-1	1256
65.01799130439758	-1	946
65.01799392700195	-1	1256
65.01799535751343	-1	910
65.03522634506226	-1	1256
65.03523659706116	-1	910
65.03525424003601	-1	1256
65.03525638580322	-1	910
65.03541994094849	-1	1256
65.03544282913208	-1	611
65.03726148605347	-1	910
65.03726887702942	-1	1256
65.03728079795837	-1	1256
65.03728246688843	-1	910
65.0372850894928	-1	1256
65.0372862815857	-1	910
65.05849647521973	-1	1256
65.05850720405579	-1	910
65.05852222442627	-1	1256
65.05852389335632	-1	910
65.05852556228638	-1	1256
65.05852675437927	-1	784
65.18701887130737	-1	1256
65.18703198432922	-1	910
65.18741154670715	-1	1256
65.18741774559021	-1	910
65.72920441627502	-1	1256
65.72923541069031	-1	548
65.72925448417664	-1	1256
65.72925925254822	-1	910
65.72926306724548	-1	1256
65.72926378250122	-1	910
65.72926568984985	-1	1256
65.72926688194275	-1	910
65.72926878929138	-1	1256
65.72926998138428	-1	964
65.72927188873291	-1	1256
65.72927260398865	-1	910
65.72927498817444	-1	1256
65.72927570343018	-1	910
65.7294545173645	-1	1125
65.74651050567627	-1	1185
67.51812815666199	-1	611
67.7466299533844	-1	611
67.94709324836731	-1	1516
67.97462797164917	-1	191
68.2026298046112	-1	611
68.67062735557556	-1	611
69.40227150917053	-1	611
69.40228247642517	-1	611
69.41284418106079	-1	1516
69.41285157203674	-1	191
70.01575970649719	-1	611
70.01616764068604	-1	611
70.05417943000793	-1	611
70.33731579780579	-1	611
70.33891439437866	-1	1125
70.63013958930969	-1	611
70.63044548034668	-1	611
71.24373483657837	-1	1256
71.24375057220459	-1	910
71.25322222709656	-1	1151
71.31881427764893	-1	1154
71.32091474533081	-1	611
71.34646320343018	-1	1125
72.16758918762207	-1	1125
72.16796612739563	-1	611
72.29698514938354	-1	1154
72.30155229568481	-1	611
72.5186414718628	-1	611
73.39539957046509	-1	611
73.45293402671814	-1	611
73.94977807998657	-1	1516
73.9520754814148	-1	1516
73.9732358455658	-1	285
74.23866558074951	-1	611
74.93235921859741	-1	611
74.9326491355896	-1	1516
74.93265748023987	-1	1516
74.9445960521698	-1	1342
75.86096906661987	-1	2098
75.86100387573242	-1	2116
75.86101531982422	-1	2098
75.86102223396301	-1	2098
75.86103343963623	-1	2557
75.86181998252869	-1	611
75.87479519844055	-1	1125
75.87594056129456	-1	1378
75.88243055343628	-1	611
75.88674831390381	-1	1125
75.96007204055786	-1	1378
75.96009874343872	-1	1808
76.77787566184998	-1	1256
76.77790927886963	-1	910
76.77791929244995	-1	675
76.7779266834259	-1	1256
76.77792882919312	-1	1256
76.77792954444885	-1	805
76.77793192863464	-1	1256
76.77793288230896	-1	1146
76.77793550491333	-1	1256
76.77793622016907	-1	910
76.77793765068054	-1	1256
76.77793836593628	-1	928
76.77793979644775	-1	1256
76.77794027328491	-1	530
76.79237985610962	-1	1256
76.79240131378174	-1	910
76.79240655899048	-1	1256
76.792409658432	-1	928
76.79480528831482	-1	611
76.79990243911743	-1	1046
76.80709528923035	-1	1516
76.8071072101593	-1	1219
77.47768139839172	-1	611
77.4788224697113	-1	1125
77.69745969772339	-1	1256
77.6974720954895	-1	910
77.69747543334961	-1	1256
77.69747638702393	-1	928
77.6979923248291	-1	611
77.72733473777771	-1	902
77.72736096382141	-1	1256
77.72736525535583	-1	910
77.76763439178467	-1	902
77.84144878387451	-1	1256
77.84934830665588	-1	1256
77.85439968109131	-1	357
77.91966676712036	-1	1109
78.30962777137756	-1	1256
78.30965423583984	-1	312
78.33467030525208	-1	207
78.33512496948242	-1	611
81.38355565071106	-1	1256
81.38357710838318	-1	910
81.38358283042908	-1	1256
81.3835859298706	-1	477
81.40555453300476	-1	611
81.40589118003845	-1	611
81.41532015800476	-1	1125
81.51923060417175	-1	611
82.00400495529175	-1	611
82.0042359828949	-1	611
82.35258626937866	-1	1125
82.40730571746826	-1	611
82.519362449646	-1	611
82.6238181591034	-1	1125
82.62401628494263	-1	611
82.6340479850769	-1	611
83.5340223312378	-1	1256
83.53405022621155	-1	910
83.5340576171875	-1	1256
83.53406143188477	-1	928
83.53406381607056	-1	1256
83.53406500816345	-1	1256
83.53406596183777	-1	328
83.55063009262085	-1	902
83.5711829662323	-1	1256
83.57121706008911	-1	312
83.58722233772278	-1	456
83.63616728782654	-1	611
83.64749121665955	-1	1516
83.64751100540161	-1	1516
83.65449619293213	-1	1516
83.65451049804688	-1	1516
83.66055917739868	-1	1516
83.66057205200195	-1	1516
83.6630117893219	-1	1516
83.6630232334137	-1	1356
83.67101120948792	-1	1516
83.67102122306824	-1	1516
83.6958076953888	-1	1516
83.69581532478333	-1	1516
83.76810121536255	-1	1516
83.76811528205872	-1	1516
83.77591252326965	-1	1516
83.77591848373413	-1	1516
83.78777146339417	-1	1516
83.78777813911438	-1	1516
83.79924035072327	-1	1516
83.7992467880249	-1	1516
83.80176424980164	-1	1516
83.8017692565918	-1	979
83.94897508621216	-1	611
84.34458661079407	-1	611
84.34597635269165	-1	1125
84.5652847290039	-1	1125
84.56649971008301	-1	1125
84.58313870429993	-1	1125
84.81407618522644	-1	1256
84.81408858299255	-1	910
84.82081985473633	-1	902
84.88444471359253	-1	831
84.88679385185242	-1	611
85.37787532806396	-1	1256
85.37790083885193	-1	910
85.37790632247925	-1	1256
85.37791013717651	-1	1020
85.37791347503662	-1	1256
85.37791633605957	-1	910
85.37793517112732	-1	1256
85.37793970108032	-1	1146
85.37807607650757	-1	611
85.3894693851471	-1	485
85.39756536483765	-1	1516
85.40421962738037	-1	734
85.68375420570374	-1	611
85.68455410003662	-1	611
85.99608492851257	-1	611
85.99610209465027	-1	1256
85.99610567092896	-1	910
85.99610877037048	-1	1256
85.99611043930054	-1	928
85.99722337722778	-1	1125
86.00789880752563	-1	286
86.01325917243958	-1	1125
86.13382649421692	-1	1256
86.13384079933167	-1	312
86.13500714302063	-1	611
86.14792990684509	-1	611
86.15909171104431	-1	1516
86.15910696983337	-1	191
86.92138671875	-1	1256
86.92140913009644	-1	1256
86.92141318321228	-1	556
86.92141652107239	-1	1256
86.92141842842102	-1	1256
86.92141938209534	-1	556
86.92142105102539	-1	1256
86.92142224311829	-1	1256
86.92142295837402	-1	556
86.92142415046692	-1	1256
86.92142510414124	-1	928
86.92142653465271	-1	1256
86.92142724990845	-1	910
86.9214289188385	-1	1256
86.9214301109314	-1	1256
86.92143082618713	-1	774
86.92251014709473	-1	1256
86.9225127696991	-1	1256
86.92251372337341	-1	556
86.92251515388489	-1	1256
86.92251586914062	-1	910
86.9225172996521	-1	1256
86.92251801490784	-1	548
86.92251944541931	-1	1256
86.92252039909363	-1	910
86.93855476379395	-1	1256
86.93856477737427	-1	928
86.9385666847229	-1	1256
86.93856763839722	-1	530
86.93856883049011	-1	1256
86.93856978416443	-1	910
86.94811534881592	-1	1516
86.94812345504761	-1	215
86.95929145812988	-1	1256
86.95929622650146	-1	910
86.95929789543152	-1	1256
86.95929861068726	-1	548
86.9596164226532	-1	1256
86.95961880683899	-1	910
86.98340725898743	-1	1256
86.98454594612122	-1	1137
87.01555871963501	-1	1256
87.0273129940033	-1	265
87.02783107757568	-1	611
87.03973770141602	-1	1516
87.03974843025208	-1	1516
87.04138374328613	-1	1256
87.04139518737793	-1	1256
87.04139685630798	-1	1256
87.04139804840088	-1	1256
87.04853916168213	-1	1516
87.04854559898376	-1	1256
87.04854941368103	-1	966
87.07350134849548	-1	1516
87.07350730895996	-1	531
87.10378551483154	-1	611
87.8433997631073	-1	611
87.843416929245	-1	1256
87.84342050552368	-1	910
87.84342336654663	-1	1256
87.84342527389526	-1	1146
87.84342837333679	-1	1256
87.84343028068542	-1	312
87.84343314170837	-1	1256
87.84343433380127	-1	910
87.84358930587769	-1	611
87.84429574012756	-1	1516
87.85478520393372	-1	1256
87.85479474067688	-1	1256
87.85479760169983	-1	1256
87.85479998588562	-1	1256
87.85480189323425	-1	1256
87.8548035621643	-1	1256
87.8548059463501	-1	1256
87.85480761528015	-1	1256
87.85480976104736	-1	1256
87.85481810569763	-1	966
87.85482406616211	-1	249
87.8548903465271	-1	1516
87.86552786827087	-1	1256
87.86554431915283	-1	1256
87.865562915802	-1	1256
87.8655652999878	-1	1256
87.865567445755	-1	1256
87.86556887626648	-1	1256
87.86557054519653	-1	1256
87.86557221412659	-1	1256
87.86557388305664	-1	1256
87.86557865142822	-1	191
87.86558246612549	-1	1256
87.8655846118927	-1	1256
87.86558675765991	-1	1256
87.86560916900635	-1	1256
87.86565899848938	-1	1516
87.87432622909546	-1	1256
87.87433815002441	-1	1256
87.87435150146484	-1	1256
87.87435340881348	-1	1256
87.87435531616211	-1	1256
87.87435984611511	-1	1219
87.87436437606812	-1	1256
87.87436556816101	-1	1108
87.8800687789917	-1	611
87.88487887382507	-1	1256
87.88488626480103	-1	910
87.88488936424255	-1	1256
87.88489103317261	-1	928
87.88489317893982	-1	1256
87.88489413261414	-1	910
87.90590763092041	-1	1256
87.90591478347778	-1	910
87.90592837333679	-1	1256
87.90593028068542	-1	910
87.92637324333191	-1	1256
87.92637944221497	-1	982
87.92644619941711	-1	611
87.92673540115356	-1	1256
87.92674112319946	-1	910
87.9401261806488	-1	1125
87.94494676589966	-1	1256
87.94496011734009	-1	910
87.95378923416138	-1	1256
87.95380520820618	-1	910
87.95872759819031	-1	611
87.96598076820374	-1	1256
87.96599435806274	-1	910
87.9863874912262	-1	1256
87.9863965511322	-1	910
87.98640012741089	-1	1256
87.98640131950378	-1	910
87.98640751838684	-1	1256
87.98653054237366	-1	910
88.00858807563782	-1	1256
88.00862264633179	-1	910
88.00862884521484	-1	1256
88.00863075256348	-1	910
88.00863337516785	-1	1256
88.0086350440979	-1	910
88.01922130584717	-1	611
88.0260820388794	-1	1256
88.02609491348267	-1	910
88.02780151367188	-1	1256
88.02780747413635	-1	910
88.0278103351593	-1	1256
88.0278115272522	-1	948
88.03112292289734	-1	611
88.04592704772949	-1	1256
88.04593420028687	-1	910
88.05040049552917	-1	1256
88.05041313171387	-1	910
88.05041670799255	-1	1256
88.05041837692261	-1	910
88.05057978630066	-1	611
88.06201076507568	-1	540
88.07090830802917	-1	1256
88.07093977928162	-1	910
88.07094407081604	-1	1256
88.07094550132751	-1	910
88.07094693183899	-1	1256
88.0709478855133	-1	548
88.08733701705933	-1	1256
88.08734774589539	-1	910
88.0915048122406	-1	1256
88.09150910377502	-1	910
88.09151864051819	-1	1256
88.09152007102966	-1	910
88.10723090171814	-1	1256
88.1072359085083	-1	964
88.10979318618774	-1	1256
88.10979700088501	-1	910
88.10980701446533	-1	1256
88.10980868339539	-1	132
88.11201643943787	-1	1256
88.11202096939087	-1	910
88.11203074455261	-1	1256
88.11203241348267	-1	910
88.1121084690094	-1	611
88.12725877761841	-1	1256
88.12726497650146	-1	548
88.12734818458557	-1	611
88.12996578216553	-1	1256
88.1299695968628	-1	910
88.12997817993164	-1	1256
88.12997961044312	-1	910
88.12998151779175	-1	1256
88.1299831867218	-1	548
88.14905905723572	-1	1256
88.14907884597778	-1	910
88.14908218383789	-1	1256
88.14908385276794	-1	910
88.15503454208374	-1	1256
88.15504431724548	-1	910
88.15504741668701	-1	1256
88.15504884719849	-1	964
88.17560124397278	-1	1256
88.17561411857605	-1	910
88.17563843727112	-1	1256
88.17564010620117	-1	910
88.1756420135498	-1	1256
88.17564344406128	-1	910
88.17564558982849	-1	1256
88.17564654350281	-1	966
88.1756489276886	-1	1256
88.17564988136292	-1	910
88.17582988739014	-1	611
88.18956255912781	-1	1256
88.18957018852234	-1	910
88.18992304801941	-1	1256
88.18992781639099	-1	910
88.19120645523071	-1	1256
88.19121193885803	-1	982
88.19122219085693	-1	1256
88.19333982467651	-1	910
88.19626092910767	-1	611
88.20956373214722	-1	1256
88.20957612991333	-1	910
88.21317028999329	-1	1256
88.21317601203918	-1	910
88.21317911148071	-1	1256
88.21318054199219	-1	910
88.2131826877594	-1	1256
88.21318364143372	-1	1184
88.22940945625305	-1	1256
88.22941756248474	-1	910
88.2333881855011	-1	1256
88.23339486122131	-1	910
88.23340559005737	-1	1256
88.23340678215027	-1	910
88.23340916633606	-1	1256
88.23341178894043	-1	1256
88.23341250419617	-1	194
88.24142742156982	-1	1256
88.24143409729004	-1	1146
88.24150681495667	-1	1125
88.25521421432495	-1	1256
88.25522112846375	-1	910
88.25523257255554	-1	1256
88.25523471832275	-1	928
88.25523734092712	-1	1256
88.25523853302002	-1	530
88.26154923439026	-1	1256
88.2615578174591	-1	910
88.27320337295532	-1	902
88.27859807014465	-1	1256
88.27862429618835	-1	910
88.27862930297852	-1	1256
88.27863097190857	-1	910
88.27863359451294	-1	1256
88.27863478660583	-1	548
88.28996920585632	-1	1256
88.28998351097107	-1	910
88.2903151512146	-1	1256
88.29032015800476	-1	910
88.31162452697754	-1	1256
88.31163763999939	-1	910
88.31165194511414	-1	1256
88.31165337562561	-1	964
88.31165504455566	-1	1256
88.31165599822998	-1	910
88.31165766716003	-1	1256
88.31165885925293	-1	910
88.31183004379272	-1	611
88.31749296188354	-1	722
88.32857155799866	-1	1256
88.32858371734619	-1	910
88.32893109321594	-1	1256
88.32894253730774	-1	910
88.33080410957336	-1	1256
88.33081555366516	-1	548
88.36401104927063	-1	1256
88.36403250694275	-1	910
88.36403703689575	-1	1256
88.36403846740723	-1	928
88.36404013633728	-1	1256
88.3640410900116	-1	910
88.37237691879272	-1	1120
88.37238454818726	-1	1256
88.37239336967468	-1	910
88.37239623069763	-1	1256
88.37239718437195	-1	910
88.3815655708313	-1	1256
88.3815712928772	-1	910
88.38634634017944	-1	1256
88.3863525390625	-1	1256
88.38636112213135	-1	792
88.3863639831543	-1	1256
88.38636541366577	-1	928
88.38644456863403	-1	611
88.39094662666321	-1	1256
88.39095187187195	-1	910
88.3909604549408	-1	1256
88.39096236228943	-1	910
88.39528775215149	-1	611
88.40328359603882	-1	1256
88.40329909324646	-1	910
88.4033031463623	-1	1256
88.40330481529236	-1	982
88.40330767631531	-1	1256
88.40330910682678	-1	910
88.40356087684631	-1	1256
88.40356636047363	-1	910
88.41344904899597	-1	1256
88.4134612083435	-1	910
88.42670154571533	-1	1256
88.42671728134155	-1	910
88.42673993110657	-1	1256
88.4267430305481	-1	910
88.42674541473389	-1	1256
88.42674660682678	-1	910
88.42674827575684	-1	1256
88.42674994468689	-1	910
88.42691373825073	-1	611
88.43296980857849	-1	1256
88.43298268318176	-1	910
88.4330039024353	-1	1256
88.43300676345825	-1	910
88.44954991340637	-1	1256
88.4495620727539	-1	910
88.44957947731018	-1	1256
88.45029282569885	-1	910
88.45031666755676	-1	1256
88.45032024383545	-1	910
88.45032334327698	-1	1256
88.45032453536987	-1	910
88.45512652397156	-1	1256
88.45513367652893	-1	910
88.45858311653137	-1	906
88.45859408378601	-1	611
88.46682572364807	-1	1256
88.46683287620544	-1	910
88.46683645248413	-1	1256
88.4668378829956	-1	910
88.46684002876282	-1	1256
88.46684098243713	-1	825
88.46853733062744	-1	1256
88.46854519844055	-1	910
88.46890449523926	-1	1256
88.46890997886658	-1	928
88.47577381134033	-1	286
88.47578501701355	-1	611
88.54321265220642	-1	1256
88.54898309707642	-1	910
88.54900050163269	-1	1256
88.5490038394928	-1	910
88.54910731315613	-1	611
88.60520505905151	-1	104
88.60522723197937	-1	1256
88.6052451133728	-1	512
88.60524725914001	-1	1256
88.60524821281433	-1	910
88.60718703269958	-1	1256
88.6071937084198	-1	928
88.6072096824646	-1	1256
88.60721158981323	-1	910
88.6072187423706	-1	1256
88.60722136497498	-1	1256
88.60722303390503	-1	774
88.60722494125366	-1	1256
88.60722613334656	-1	910
88.60722875595093	-1	1256
88.60723042488098	-1	910
88.60723280906677	-1	1256
88.60723495483398	-1	1256
88.60723614692688	-1	792
88.60751581192017	-1	611
88.62661051750183	-1	1256
88.62661409378052	-1	1128
88.62661957740784	-1	1256
88.62662100791931	-1	910
88.6295998096466	-1	1256
88.6296067237854	-1	1256
88.62961459159851	-1	556
88.62961649894714	-1	1256
88.6296181678772	-1	928
88.62961959838867	-1	1256
88.62962055206299	-1	910
88.65422987937927	-1	1256
88.65424251556396	-1	1256
88.65425705909729	-1	774
88.65425968170166	-1	1256
88.65426087379456	-1	910
88.65426301956177	-1	1256
88.65426445007324	-1	910
88.65426659584045	-1	1256
88.65426754951477	-1	964
88.65426969528198	-1	1256
88.65427112579346	-1	910
88.65436577796936	-1	611
88.66525626182556	-1	1256
88.66526436805725	-1	132
88.66528081893921	-1	1256
88.66528248786926	-1	910
88.671555519104	-1	1256
88.67156600952148	-1	910
88.67158722877502	-1	1256
88.67158937454224	-1	910
88.67159152030945	-1	1256
88.6715931892395	-1	964
88.67159461975098	-1	1256
88.67159581184387	-1	910
88.67176795005798	-1	611
88.68373942375183	-1	1256
88.68375062942505	-1	910
88.68844771385193	-1	1125
88.68937253952026	-1	1256
88.68937945365906	-1	910
88.68938302993774	-1	1256
88.68938422203064	-1	910
88.68938636779785	-1	1256
88.68938732147217	-1	910
88.69073438644409	-1	1256
88.69074034690857	-1	910
88.69748306274414	-1	611
88.71198034286499	-1	1256
88.71199107170105	-1	910
88.71199464797974	-1	1256
88.71199655532837	-1	1256
88.71199774742126	-1	250
88.71199989318848	-1	1256
88.71200466156006	-1	1256
88.71326327323914	-1	556
88.7132682800293	-1	1256
88.71327686309814	-1	910
88.71327948570251	-1	1256
88.71328020095825	-1	946
88.7354645729065	-1	1256
88.73547220230103	-1	910
88.7354896068573	-1	1256
88.73549127578735	-1	910
88.73673510551453	-1	1256
88.73674130439758	-1	910
88.73675799369812	-1	1256
88.73676061630249	-1	1256
88.73676609992981	-1	394
88.73676872253418	-1	1256
88.73676991462708	-1	910
88.73677229881287	-1	1256
88.73677349090576	-1	910
88.7368381023407	-1	611
88.75418376922607	-1	1256
88.75418949127197	-1	1256
88.75419759750366	-1	194
88.75420045852661	-1	1256
88.7542016506195	-1	910
88.7566499710083	-1	1256
88.75665926933289	-1	910
88.756662607193	-1	1256
88.75666403770447	-1	530
88.79355144500732	-1	1256
88.7935631275177	-1	910
88.79358530044556	-1	1256
88.79358768463135	-1	910
88.79358959197998	-1	1256
88.79359102249146	-1	548
88.8015866279602	-1	1256
88.801602602005	-1	228
88.80172395706177	-1	611
88.85200142860413	-1	611
88.86961317062378	-1	611
88.88114786148071	-1	611
89.36913919448853	-1	611
89.3691577911377	-1	1256
89.36916184425354	-1	910
89.37039804458618	-1	1125
89.37541675567627	-1	1151
89.38146138191223	-1	611
89.3832573890686	-1	1256
89.3832643032074	-1	910
89.38721799850464	-1	902
89.39139485359192	-1	1125
89.4148964881897	-1	1256
89.41490268707275	-1	910
89.4149980545044	-1	611
89.41525721549988	-1	1256
89.41526174545288	-1	928
89.41988515853882	-1	286
89.44402956962585	-1	1256
89.4440426826477	-1	312
89.5438129901886	-1	1256
89.54382562637329	-1	312
89.60574674606323	-1	611
89.61621451377869	-1	498
89.61794400215149	-1	1125
89.6286129951477	-1	1516
89.63030290603638	-1	705
89.99350833892822	-1	1256
89.99352359771729	-1	910
89.9935290813446	-1	1256
89.99353098869324	-1	477
89.99554204940796	-1	611
90.00890684127808	-1	1125
90.12404131889343	-1	1256
90.12405824661255	-1	910
90.13022422790527	-1	902
90.15275073051453	-1	1256
90.15277576446533	-1	561
90.1592071056366	-1	611
90.19505620002747	-1	1256
90.19508624076843	-1	910
90.19660902023315	-1	1256
90.19663262367249	-1	928
90.19663763046265	-1	1256
90.19664072990417	-1	910
90.19664549827576	-1	1256
90.19664859771729	-1	910
90.19869589805603	-1	611
90.21112084388733	-1	1516
90.21875095367432	-1	522
90.21876811981201	-1	191
90.22386598587036	-1	1256
90.22389602661133	-1	910
90.22894382476807	-1	902
90.32559323310852	-1	1256
90.32560610771179	-1	910
90.32668900489807	-1	1256
90.32669806480408	-1	910
90.32670164108276	-1	1256
90.32670331001282	-1	946
90.32715511322021	-1	611
90.34599423408508	-1	1256
90.34600186347961	-1	1256
90.34600353240967	-1	756
90.34935116767883	-1	902
90.34935998916626	-1	1125
90.35733580589294	-1	1256
90.35734939575195	-1	910
90.36964845657349	-1	902
90.3696825504303	-1	611
90.37244963645935	-1	1256
90.37246322631836	-1	312
90.39252734184265	-1	1256
90.3925392627716	-1	232
90.4130117893219	-1	1154
90.52138423919678	-1	1256
90.52139663696289	-1	312
90.52160453796387	-1	611
90.92495632171631	-1	236
90.95253562927246	-1	236
90.95670533180237	-1	1256
90.95680904388428	-1	611
90.96170043945312	-1	1256
90.96171164512634	-1	1256
90.96171951293945	-1	236
90.9668276309967	-1	611
90.99567675590515	-1	1256
90.99569058418274	-1	1256
90.99789667129517	-1	236
91.0393636226654	-1	1256
91.03938674926758	-1	1256
91.03939604759216	-1	1256
91.0526180267334	-1	1256
91.05264186859131	-1	1256
91.052649974823	-1	1256
91.05265760421753	-1	1256
91.05349111557007	-1	611
91.06012773513794	-1	1256
91.06014060974121	-1	654
91.06197214126587	-1	1256
91.06198716163635	-1	1256
91.0619900226593	-1	194
91.06199550628662	-1	1256
91.06326246261597	-1	1125
91.10256171226501	-1	1256
91.10257339477539	-1	1256
91.12340688705444	-1	1256
91.12341928482056	-1	1256
91.12342190742493	-1	1256
91.12342691421509	-1	1256
91.12342858314514	-1	236
91.12343716621399	-1	1154
91.1234483718872	-1	1256
91.12345671653748	-1	1256
91.134202003479	-1	1256
91.1342179775238	-1	1256
91.13423490524292	-1	1256
91.13423681259155	-1	1256
91.13424372673035	-1	1256
91.13585615158081	-1	611
91.16722798347473	-1	342
91.16728806495667	-1	1137
91.17286944389343	-1	735
91.24544072151184	-1	1256
91.25577545166016	-1	1256
91.25606942176819	-1	611
91.26763081550598	-1	1516
91.26764702796936	-1	191
91.30185270309448	-1	611
91.41846704483032	-1	611
91.41953563690186	-1	1125
92.12525701522827	-1	611
92.15532803535461	-1	611
92.1553430557251	-1	1256
92.1553463935852	-1	910
92.15534973144531	-1	1256
92.15535402297974	-1	1256
92.16706442832947	-1	1516
92.21862745285034	-1	220
92.44262599945068	-1	611
92.89063119888306	-1	611
92.90249752998352	-1	1256
92.90250849723816	-1	1516
92.90251398086548	-1	220
92.90252256393433	-1	1256
92.90252637863159	-1	1256
92.9025297164917	-1	1256
92.90351700782776	-1	1256
92.90352940559387	-1	1256
92.91459274291992	-1	265
92.91461229324341	-1	1125
92.91779136657715	-1	1256
92.91779708862305	-1	1256
92.91779923439026	-1	1256
92.91780090332031	-1	1256
92.91780233383179	-1	1256
92.9178032875061	-1	341
92.9241361618042	-1	611
92.92750096321106	-1	1516
92.97463083267212	-1	191
93.86724996566772	-1	611
93.88253951072693	-1	1516
93.88255548477173	-1	1516
