0.0	-1	611
3.1042587757110596	-1	611
4.596394300460815	-1	611
4.741482257843018	-1	611
5.113586187362671	-1	611
5.113611459732056	-1	611
5.114017963409424	-1	611
5.532793760299683	-1	611
5.534019231796265	-1	1125
5.6108715534210205	-1	611
5.611228704452515	-1	611
5.708937168121338	-1	611
5.740393161773682	-1	611
6.45109486579895	-1	611
6.451108694076538	-1	1256
6.451111078262329	-1	910
6.451113224029541	-1	1256
6.451114177703857	-1	1020
6.451878547668457	-1	611
6.636765003204346	-1	1154
6.639726877212524	-1	611
6.6487202644348145	-1	1516
6.659232139587402	-1	191
7.374644041061401	-1	611
7.374662637710571	-1	1256
7.374666690826416	-1	1256
7.374668836593628	-1	265
7.374671220779419	-1	1256
7.37467360496521	-1	1256
7.374675273895264	-1	556
7.375090837478638	-1	611
7.37810206413269	-1	1256
7.3781092166900635	-1	1146
7.3861730098724365	-1	611
7.992288827896118	-1	1248
7.993288516998291	-1	611
8.001049757003784	-1	611
8.005604028701782	-1	611
8.291627168655396	-1	1256
8.291639566421509	-1	910
8.603473901748657	-1	619
8.604911804199219	-1	611
8.61665391921997	-1	611
8.61764907836914	-1	611
10.745974063873291	-1	611
10.74599575996399	-1	1125
10.746185302734375	-1	611
10.751375198364258	-1	1125
10.760539293289185	-1	611
10.874748945236206	-1	611
11.370948076248169	-1	611
11.372072219848633	-1	1125
12.12194275856018	-1	1256
12.121953010559082	-1	312
12.140403270721436	-1	1235
12.14220666885376	-1	611
12.153298139572144	-1	611
12.153313159942627	-1	611
12.16556715965271	-1	1125
12.896411657333374	-1	1125
13.817944049835205	-1	1125
14.142943620681763	-1	611
14.157557487487793	-1	611
15.046799182891846	-1	611
15.046857595443726	-1	1256
15.047124147415161	-1	611
15.055503129959106	-1	1256
15.055527448654175	-1	1256
15.055531740188599	-1	1256
15.055541276931763	-1	480
15.057215213775635	-1	611
15.065112590789795	-1	674
15.0694899559021	-1	1516
15.069501399993896	-1	705
15.081598281860352	-1	1125
15.66197919845581	-1	611
15.661994934082031	-1	1256
15.66199779510498	-1	312
15.7022123336792	-1	1256
15.702226161956787	-1	910
15.702560901641846	-1	611
15.721344470977783	-1	1256
15.721358060836792	-1	928
15.721362590789795	-1	1256
15.721366882324219	-1	910
15.740320205688477	-1	1256
15.740330934524536	-1	910
15.740346908569336	-1	1256
15.740348100662231	-1	910
15.742970943450928	-1	611
15.748091697692871	-1	1256
15.748104333877563	-1	168
15.762423515319824	-1	1256
15.815275430679321	-1	1256
15.815290927886963	-1	312
15.820146560668945	-1	611
15.825299978256226	-1	1256
15.825314283370972	-1	910
15.833384990692139	-1	902
15.833410501480103	-1	611
15.85561728477478	-1	1125
15.957626104354858	-1	1256
15.957638263702393	-1	910
15.999483585357666	-1	1256
15.99950885772705	-1	910
15.999512195587158	-1	1256
15.999513626098633	-1	910
15.999516487121582	-1	1256
15.99951720237732	-1	910
15.999659299850464	-1	611
16.003719329833984	-1	522
16.017016410827637	-1	1256
16.01705002784729	-1	910
16.017714262008667	-1	1256
16.01772975921631	-1	910
16.017733335494995	-1	1256
16.01773500442505	-1	910
16.03785800933838	-1	1256
16.037869215011597	-1	1256
16.037882566452026	-1	792
16.038511037826538	-1	1256
16.038522720336914	-1	910
16.038525342941284	-1	1256
16.03852677345276	-1	910
16.056010961532593	-1	1256
16.05602526664734	-1	1256
16.05604076385498	-1	792
16.07695722579956	-1	1256
16.07698130607605	-1	1256
16.07698345184326	-1	556
16.07709574699402	-1	611
16.585169076919556	-1	902
16.58518671989441	-1	1256
16.58520531654358	-1	910
16.585209608078003	-1	1256
16.585211277008057	-1	910
16.585214138031006	-1	1256
16.58521580696106	-1	548
16.58521842956543	-1	1256
16.585219860076904	-1	910
16.585222959518433	-1	1256
16.585224390029907	-1	910
16.585227012634277	-1	1256
16.585228443145752	-1	910
16.585230588912964	-1	1256
16.58523178100586	-1	964
16.585455656051636	-1	611
16.604423761367798	-1	1256
16.60443949699402	-1	1256
16.60446071624756	-1	1256
16.604463577270508	-1	1256
16.60446548461914	-1	1256
16.604467153549194	-1	1256
16.604469537734985	-1	1256
16.60447120666504	-1	1256
16.604473114013672	-1	1256
16.604474782943726	-1	1256
16.60447669029236	-1	1256
16.604478359222412	-1	1256
16.604480504989624	-1	1256
16.604490995407104	-1	751
16.633563995361328	-1	1256
16.63357663154602	-1	1256
16.633611917495728	-1	1256
16.633615493774414	-1	1256
16.633617401123047	-1	1256
16.6336190700531	-1	1256
16.633620738983154	-1	1256
16.63362216949463	-1	1256
16.63362455368042	-1	1256
16.633625507354736	-1	1256
16.63362717628479	-1	1256
16.633628129959106	-1	1256
16.633629083633423	-1	1256
16.63363552093506	-1	1256
16.633753538131714	-1	611
16.64147400856018	-1	1256
16.64148759841919	-1	569
16.644797325134277	-1	611
16.6952543258667	-1	611
16.707001209259033	-1	611
16.743890047073364	-1	611
16.96066927909851	-1	611
17.18066930770874	-1	611
17.620673179626465	-1	611
18.095665216445923	-1	611
18.095678329467773	-1	611
18.520668983459473	-1	611
18.53730273246765	-1	611
18.558847665786743	-1	1125
18.56008243560791	-1	1125
18.57312297821045	-1	1125
18.577447414398193	-1	1154
18.59780240058899	-1	1516
18.60513663291931	-1	611
18.605291604995728	-1	191
18.682149648666382	-1	1125
19.128812789916992	-1	611
19.128828763961792	-1	1256
19.128832578659058	-1	910
19.129090070724487	-1	611
19.131463766098022	-1	1256
19.131469249725342	-1	477
19.148001432418823	-1	611
19.353495836257935	-1	1256
19.353503704071045	-1	312
19.389146327972412	-1	236
19.390090703964233	-1	1125
19.414036512374878	-1	1256
19.41404390335083	-1	910
19.446317195892334	-1	902
19.490676641464233	-1	1256
19.490692138671875	-1	910
19.490700244903564	-1	1256
19.490705490112305	-1	928
19.490818738937378	-1	611
19.516826152801514	-1	286
19.516859531402588	-1	611
19.521332263946533	-1	1256
19.521344423294067	-1	312
19.544071435928345	-1	611
19.606237649917603	-1	1256
19.606255292892456	-1	910
19.606617212295532	-1	611
19.62899661064148	-1	902
19.629279136657715	-1	1256
19.629294872283936	-1	312
19.631184816360474	-1	611
19.685290813446045	-1	233
19.780861616134644	-1	1256
19.780874013900757	-1	312
19.820550680160522	-1	1256
19.82056713104248	-1	312
19.82089066505432	-1	611
19.833146810531616	-1	1516
19.83316206932068	-1	191
19.83892273902893	-1	1256
19.83893132209778	-1	312
19.864649772644043	-1	1256
19.864665746688843	-1	312
19.89611029624939	-1	1256
19.896121978759766	-1	312
20.591582775115967	-1	1256
20.591607570648193	-1	118
20.59161400794983	-1	1256
20.591617107391357	-1	312
20.59162139892578	-1	1256
20.59162473678589	-1	1256
20.591627597808838	-1	433
20.591629028320312	-1	1256
20.59162950515747	-1	928
20.591631174087524	-1	1256
20.59163188934326	-1	910
20.591633081436157	-1	1256
20.591634273529053	-1	1256
20.59163475036621	-1	176
20.591636180877686	-1	1256
20.591636896133423	-1	312
20.592011213302612	-1	611
20.597026824951172	-1	1256
20.600863695144653	-1	1516
20.600879430770874	-1	1516
20.601853132247925	-1	469
20.60834503173828	-1	828
20.755920886993408	-1	611
21.522748470306396	-1	611
21.53746747970581	-1	1516
21.58466911315918	-1	191
21.641207695007324	-1	1516
21.692665338516235	-1	220
21.916669845581055	-1	611
22.388673543930054	-1	611
22.72996759414673	-1	1516
22.72998833656311	-1	191
22.7299964427948	-1	611
22.73000979423523	-1	1256
22.730016946792603	-1	934
22.730024576187134	-1	1256
22.73003053665161	-1	1170
22.730037212371826	-1	1256
22.73004388809204	-1	1256
22.73004961013794	-1	660
22.730056524276733	-1	1256
22.730062246322632	-1	1256
22.73006796836853	-1	592
22.73035192489624	-1	611
22.73045825958252	-1	1256
22.730470895767212	-1	952
22.730478763580322	-1	1256
22.771800994873047	-1	169
22.77182102203369	-1	1516
22.771845817565918	-1	1256
22.77185583114624	-1	1256
22.785421133041382	-1	1256
22.78543496131897	-1	1256
22.78543710708618	-1	1256
22.785438776016235	-1	1256
22.78544044494629	-1	1256
22.7854425907135	-1	1256
22.785447359085083	-1	1256
22.785449028015137	-1	1256
22.78545331954956	-1	1256
22.80815863609314	-1	1256
22.808172464370728	-1	460
22.808182954788208	-1	1154
22.80819272994995	-1	1256
22.808193922042847	-1	1131
22.831047773361206	-1	1516
22.83424210548401	-1	1516
22.835333108901978	-1	857
22.85616135597229	-1	611
22.886094570159912	-1	611
22.897037029266357	-1	611
22.906108856201172	-1	611
23.341504335403442	-1	1125
23.341522216796875	-1	611
23.341537952423096	-1	1256
23.341540575027466	-1	910
23.341542720794678	-1	1256
23.341543674468994	-1	928
23.341545343399048	-1	1256
23.341546535491943	-1	910
23.341548204421997	-1	1256
23.341548919677734	-1	910
23.341550827026367	-1	1256
23.341551780700684	-1	910
23.341553449630737	-1	1256
23.341554403305054	-1	168
23.341825246810913	-1	611
23.348093509674072	-1	550
23.353315353393555	-1	611
23.442609548568726	-1	1256
23.442623615264893	-1	910
23.44858741760254	-1	902
23.525885343551636	-1	1256
23.525896787643433	-1	910
23.52590274810791	-1	1256
23.526677131652832	-1	928
23.52668261528015	-1	1256
23.52669048309326	-1	910
23.572437286376953	-1	1256
23.57245182991028	-1	910
23.572459936141968	-1	1256
23.572585105895996	-1	611
23.57274341583252	-1	910
23.582310676574707	-1	140
23.583174467086792	-1	1256
23.583182096481323	-1	910
23.59075379371643	-1	1256
23.590760469436646	-1	910
23.592779397964478	-1	1256
23.592785358428955	-1	930
23.606884956359863	-1	1256
23.60689377784729	-1	910
23.612001419067383	-1	1256
23.61200761795044	-1	946
23.61241626739502	-1	1256
23.612420797348022	-1	910
23.625526189804077	-1	504
23.716719150543213	-1	1256
23.716731071472168	-1	910
23.7176251411438	-1	1256
23.717631101608276	-1	1256
23.71763277053833	-1	556
23.71763515472412	-1	1256
23.717636585235596	-1	910
23.717975854873657	-1	1256
23.717979431152344	-1	548
23.776975631713867	-1	1256
23.77698564529419	-1	910
23.77708911895752	-1	611
23.803197145462036	-1	1256
23.80320930480957	-1	910
23.803212881088257	-1	1256
23.80321431159973	-1	910
23.803216695785522	-1	1256
23.80321764945984	-1	910
23.803335905075073	-1	611
23.823717832565308	-1	1256
23.823724508285522	-1	910
23.824488162994385	-1	1256
23.82449221611023	-1	982
23.824501752853394	-1	1256
23.824503421783447	-1	910
23.864808797836304	-1	1256
23.8648202419281	-1	910
23.866353273391724	-1	1256
23.86637830734253	-1	910
23.86642098426819	-1	1256
23.86642360687256	-1	910
23.89367914199829	-1	1256
23.893693923950195	-1	910
23.8936984539032	-1	1256
23.89370107650757	-1	910
23.89370346069336	-1	1256
23.893704652786255	-1	910
23.89370632171631	-1	1256
23.893707036972046	-1	1040
23.89370846748352	-1	1256
23.893709182739258	-1	910
23.913285970687866	-1	1256
23.913295030593872	-1	910
23.913296937942505	-1	1256
23.913297653198242	-1	910
23.9262375831604	-1	611
23.926719665527344	-1	611
23.93411111831665	-1	1256
23.934134483337402	-1	784
23.93414545059204	-1	1256
23.934147119522095	-1	910
23.96042513847351	-1	1256
23.985647439956665	-1	910
23.985862016677856	-1	611
23.99668002128601	-1	1256
23.99668836593628	-1	1256
23.996699810028076	-1	1256
23.99670147895813	-1	1256
24.0063796043396	-1	1256
24.006392240524292	-1	1256
24.00640869140625	-1	1256
24.00641107559204	-1	1256
24.006412506103516	-1	1256
24.006414890289307	-1	1256
24.032106399536133	-1	1256
24.03211808204651	-1	1256
24.032133102416992	-1	1256
24.032135009765625	-1	1256
24.032136917114258	-1	1256
24.032142877578735	-1	1256
24.03223705291748	-1	611
24.032925367355347	-1	1256
24.04662036895752	-1	1256
24.046637773513794	-1	1256
24.046640634536743	-1	1256
24.046642303466797	-1	1256
24.04664397239685	-1	1256
24.046651363372803	-1	611
24.04666018486023	-1	1256
24.05175542831421	-1	1516
24.051775455474854	-1	1516
24.060486555099487	-1	1256
24.060506343841553	-1	1256
24.060511112213135	-1	1256
24.061074256896973	-1	1256
24.06108570098877	-1	1256
24.06109929084778	-1	1256
24.06115412712097	-1	110
24.06960153579712	-1	1516
24.077089309692383	-1	1516
24.07873225212097	-1	1516
24.088599681854248	-1	1516
24.088611602783203	-1	1262
24.093827962875366	-1	611
24.189751625061035	-1	611
24.880058526992798	-1	611
24.880072832107544	-1	1256
24.880075216293335	-1	910
24.880078554153442	-1	1256
24.880080223083496	-1	477
24.88008213043213	-1	1256
24.880083084106445	-1	910
24.880085229873657	-1	1256
24.880086660385132	-1	928
24.880089044570923	-1	1256
24.880090713500977	-1	910
24.88066816329956	-1	1125
24.890581130981445	-1	1516
24.890597820281982	-1	191
24.94866967201233	-1	191
25.12466597557068	-1	1125
25.23666787147522	-1	1516
25.36867046356201	-1	1125
25.78066849708557	-1	1516
25.784972667694092	-1	611
25.784990787506104	-1	1256
25.79954719543457	-1	1256
25.80753254890442	-1	1256
25.807541847229004	-1	1154
25.807555198669434	-1	1256
25.80755877494812	-1	1277
25.80756378173828	-1	1256
25.807567596435547	-1	1256
25.807571172714233	-1	1256
25.80757451057434	-1	1256
25.80757784843445	-1	1256
25.807580947875977	-1	1256
25.807584285736084	-1	1256
25.807592391967773	-1	1256
25.820977449417114	-1	1516
25.830644130706787	-1	1256
25.830662488937378	-1	1516
25.830665349960327	-1	1256
25.8306667804718	-1	1256
25.830667734146118	-1	1256
25.830668926239014	-1	1256
25.83067011833191	-1	1256
25.830671310424805	-1	1256
25.83067226409912	-1	1256
25.830673456192017	-1	1256
25.830679893493652	-1	1256
25.85788083076477	-1	1256
25.857906341552734	-1	1516
25.85791802406311	-1	980
25.857922792434692	-1	1256
25.860027074813843	-1	1256
25.86003851890564	-1	1256
25.860041618347168	-1	1256
25.8600435256958	-1	1256
25.860045194625854	-1	304
25.86582612991333	-1	1516
25.86583662033081	-1	1219
25.87666416168213	-1	1125
25.877927541732788	-1	611
26.74656581878662	-1	611
26.868668794631958	-1	1125
26.901830434799194	-1	1256
26.901854038238525	-1	910
26.9383282661438	-1	1256
26.938349723815918	-1	910
26.977041721343994	-1	1256
26.977063179016113	-1	548
26.99863886833191	-1	1256
26.998666048049927	-1	910
26.998673677444458	-1	1256
26.998677968978882	-1	910
26.99868369102478	-1	1256
26.99868869781494	-1	910
27.005688190460205	-1	122
27.01750874519348	-1	1256
27.017536163330078	-1	910
27.018426656723022	-1	1256
27.018439769744873	-1	910
27.038820505142212	-1	1256
27.038832187652588	-1	910
27.038836002349854	-1	1256
27.03900694847107	-1	910
27.05888295173645	-1	1256
27.058891773223877	-1	910
27.058894395828247	-1	1256
27.058895349502563	-1	910
27.058897018432617	-1	1256
27.058897972106934	-1	910
27.0590717792511	-1	611
27.076377153396606	-1	1256
27.076386213302612	-1	910
27.078787565231323	-1	1256
27.07879400253296	-1	910
27.078803062438965	-1	1256
27.078981399536133	-1	910
27.093888521194458	-1	1256
27.093899726867676	-1	910
27.097203969955444	-1	1256
27.097208738327026	-1	910
27.109620809555054	-1	284
27.114198923110962	-1	1256
27.114214420318604	-1	910
27.114217519760132	-1	1256
27.114218711853027	-1	498
27.116296529769897	-1	1256
27.1163067817688	-1	910
27.13255500793457	-1	1256
27.132563829421997	-1	910
27.13257932662964	-1	1256
27.132663011550903	-1	548
27.13805389404297	-1	1256
27.138061046600342	-1	1256
27.138063192367554	-1	203
27.143234252929688	-1	902
27.15149712562561	-1	1256
27.151519775390625	-1	1256
27.151522397994995	-1	485
27.151628971099854	-1	611
27.158859252929688	-1	1256
27.158867597579956	-1	928
27.16115140914917	-1	611
27.17155647277832	-1	1256
27.171570777893066	-1	910
27.185235023498535	-1	1256
27.18524694442749	-1	1256
27.185249090194702	-1	774
27.185548782348633	-1	611
27.18570375442505	-1	1256
27.18570852279663	-1	1256
27.185709953308105	-1	556
27.197192192077637	-1	1516
27.19720721244812	-1	1219
27.20093870162964	-1	1256
27.200950145721436	-1	910
27.200957536697388	-1	1256
27.201064586639404	-1	548
27.209593296051025	-1	1125
27.215591192245483	-1	1256
27.215603351593018	-1	910
27.215609788894653	-1	1256
27.215888738632202	-1	1256
27.215893745422363	-1	556
27.219847202301025	-1	1256
27.219857931137085	-1	928
27.21986198425293	-1	1256
27.220020294189453	-1	910
27.22903347015381	-1	611
27.23919177055359	-1	1256
27.239203929901123	-1	910
27.239208221435547	-1	1256
27.2396559715271	-1	910
27.239662647247314	-1	1256
27.23967146873474	-1	982
27.240026712417603	-1	1256
27.240036725997925	-1	910
27.24116086959839	-1	1125
27.263498783111572	-1	1256
27.263506650924683	-1	910
27.263509035110474	-1	1256
27.26350998878479	-1	910
27.263511896133423	-1	1256
27.26351308822632	-1	548
27.26351523399353	-1	1256
27.263516187667847	-1	910
27.26484751701355	-1	611
27.284229040145874	-1	1256
27.28423762321472	-1	910
27.284240007400513	-1	1256
27.284241676330566	-1	910
27.28424334526062	-1	1256
27.284244298934937	-1	910
27.28424572944641	-1	1256
27.284247159957886	-1	1256
27.28424835205078	-1	176
27.28449010848999	-1	611
27.29294180870056	-1	902
27.300638914108276	-1	1256
27.300671100616455	-1	910
27.302058458328247	-1	1256
27.30206847190857	-1	910
27.302071809768677	-1	1256
27.30207347869873	-1	548
27.303261518478394	-1	1256
27.303268432617188	-1	910
27.324092626571655	-1	1256
27.32410168647766	-1	928
27.325034141540527	-1	1256
27.325045585632324	-1	910
27.325061559677124	-1	1256
27.325063467025757	-1	910
27.32506561279297	-1	1256
27.325066566467285	-1	910
27.325384616851807	-1	611
27.333549976348877	-1	140
27.33700466156006	-1	611
27.344249725341797	-1	1256
27.344255208969116	-1	910
27.344258308410645	-1	1256
27.344425678253174	-1	910
27.34650731086731	-1	1256
27.34651803970337	-1	910
27.346521139144897	-1	1256
27.346522092819214	-1	910
27.360438108444214	-1	1256
27.360443592071533	-1	910
27.364986419677734	-1	1256
27.364990234375	-1	910
27.368996620178223	-1	1225
27.401010274887085	-1	611
27.441914558410645	-1	1125
27.949939966201782	-1	611
27.949965953826904	-1	2098
27.949973583221436	-1	1968
27.955327033996582	-1	880
27.955435752868652	-1	611
27.95547604560852	-1	611
28.565602779388428	-1	611
28.56563377380371	-1	2688
28.576545238494873	-1	1378
28.62117290496826	-1	611
28.622360706329346	-1	1125
28.699103116989136	-1	1125
28.71838402748108	-1	1516
28.764665603637695	-1	763
28.984680652618408	-1	1125
29.428669452667236	-1	1125
29.793126106262207	-1	1256
29.79314136505127	-1	910
29.79315686225891	-1	1256
29.793164253234863	-1	477
30.32466769218445	-1	1125
30.33973479270935	-1	1154
30.345675468444824	-1	1516
30.345682382583618	-1	763
30.367141246795654	-1	611
31.02215337753296	-1	1256
31.022165298461914	-1	451
31.02216911315918	-1	395
31.02218508720398	-1	1256
31.02218723297119	-1	910
31.022833585739136	-1	1516
31.022842407226562	-1	191
31.03994846343994	-1	1256
31.039958953857422	-1	535
31.04476499557495	-1	1516
31.049211025238037	-1	1219
31.060956716537476	-1	1125
31.066444158554077	-1	611
31.242812395095825	-1	611
31.253283977508545	-1	1516
31.253302574157715	-1	1219
31.29246211051941	-1	1125
31.41779398918152	-1	1256
31.41782236099243	-1	312
31.418243885040283	-1	1125
31.48915195465088	-1	1256
31.48918080329895	-1	910
31.48918843269348	-1	1256
31.489192247390747	-1	928
31.496014833450317	-1	286
31.496994018554688	-1	1256
31.49700689315796	-1	910
31.507264852523804	-1	1256
31.50728726387024	-1	910
31.507724285125732	-1	1256
31.50773596763611	-1	946
31.547889232635498	-1	1256
31.547914505004883	-1	1256
31.547917127609253	-1	756
31.574823141098022	-1	902
31.672450065612793	-1	1256
31.672462940216064	-1	910
31.676671266555786	-1	902
31.679484128952026	-1	611
31.706981658935547	-1	611
31.74348521232605	-1	1256
31.743499994277954	-1	910
31.744091987609863	-1	1256
31.74409770965576	-1	1256
31.744099855422974	-1	556
31.746107578277588	-1	611
31.748887538909912	-1	902
31.759956121444702	-1	1125
31.764095306396484	-1	1256
31.764105558395386	-1	910
31.764108180999756	-1	1256
31.764110565185547	-1	1256
31.764111518859863	-1	556
31.768089056015015	-1	990
31.779797077178955	-1	1256
31.779813528060913	-1	910
31.826226234436035	-1	902
31.833143949508667	-1	1256
31.833153247833252	-1	910
31.833279609680176	-1	611
31.83391284942627	-1	1256
31.833919763565063	-1	910
31.833922386169434	-1	1256
31.833924293518066	-1	910
31.83740735054016	-1	1256
31.837419509887695	-1	910
31.8518385887146	-1	1256
31.851852416992188	-1	910
31.851874351501465	-1	1256
31.851876735687256	-1	910
31.855889558792114	-1	776
31.89141607284546	-1	611
31.931579113006592	-1	1256
31.931591510772705	-1	910
31.93225598335266	-1	1256
31.932260036468506	-1	910
31.932263374328613	-1	1256
31.93226456642151	-1	548
31.932343244552612	-1	611
32.00057601928711	-1	1256
32.00058889389038	-1	910
32.000609159469604	-1	1256
32.00061106681824	-1	910
32.00061321258545	-1	1256
32.00061392784119	-1	910
32.000617027282715	-1	1256
32.00061845779419	-1	964
32.02671027183533	-1	1256
32.02671980857849	-1	910
32.02673578262329	-1	1256
32.026737451553345	-1	910
32.04438591003418	-1	611
32.06645226478577	-1	1256
32.06647729873657	-1	910
32.06650519371033	-1	1256
32.06650733947754	-1	910
32.06651210784912	-1	1256
32.06672501564026	-1	1256
32.06672787666321	-1	612
32.068421363830566	-1	1256
32.068426847457886	-1	910
32.068435192108154	-1	1256
32.06843638420105	-1	910
32.08508825302124	-1	1256
32.08509683609009	-1	910
32.08580160140991	-1	1256
32.085806131362915	-1	1256
32.08581185340881	-1	194
32.085813760757446	-1	1256
32.08581471443176	-1	910
32.08592081069946	-1	611
32.08748149871826	-1	1256
32.08748531341553	-1	548
32.104920625686646	-1	1256
32.10493183135986	-1	910
32.10555648803711	-1	1256
32.10556101799011	-1	910
32.105570554733276	-1	1256
32.10557198524475	-1	910
32.10572338104248	-1	611
32.12174868583679	-1	1256
32.121758222579956	-1	1256
32.121768951416016	-1	792
32.125011920928955	-1	1256
32.12502431869507	-1	928
32.12565088272095	-1	1256
32.1256582736969	-1	910
32.12566137313843	-1	1256
32.1256628036499	-1	910
32.14023470878601	-1	1256
32.14026856422424	-1	910
32.14761686325073	-1	1256
32.14764213562012	-1	982
32.14764595031738	-1	1256
32.14764761924744	-1	910
32.14764952659607	-1	1256
32.147650480270386	-1	910
32.14776539802551	-1	611
32.15942978858948	-1	1256
32.159444093704224	-1	910
32.173506021499634	-1	324
32.18525791168213	-1	1256
32.18527960777283	-1	910
32.18528437614441	-1	1256
32.185285568237305	-1	910
32.18528771400452	-1	1256
32.18528890609741	-1	910
32.18559718132019	-1	1256
32.185603857040405	-1	910
32.20349144935608	-1	1256
32.203508138656616	-1	910
32.20353102684021	-1	1256
32.20353364944458	-1	186
32.25584626197815	-1	1256
32.255858182907104	-1	910
32.255879402160645	-1	1256
32.25588059425354	-1	928
32.25588321685791	-1	1256
32.25588512420654	-1	910
32.2725191116333	-1	1256
32.272544384002686	-1	910
32.27254939079285	-1	1256
32.2725510597229	-1	910
32.27267932891846	-1	611
32.274378299713135	-1	1256
32.274385929107666	-1	982
32.27439904212952	-1	1256
32.27440118789673	-1	1256
32.27440285682678	-1	340
32.28122162818909	-1	902
32.29151511192322	-1	1256
32.29153656959534	-1	910
32.29290151596069	-1	1256
32.29291367530823	-1	910
32.2935426235199	-1	1256
32.29355478286743	-1	910
32.293558835983276	-1	1256
32.29356026649475	-1	910
32.293673038482666	-1	611
32.30485200881958	-1	1256
32.30486440658569	-1	784
32.313326835632324	-1	1256
32.31333303451538	-1	910
32.313345193862915	-1	1256
32.31334686279297	-1	910
32.31334924697876	-1	1256
32.31335091590881	-1	548
32.321736574172974	-1	1256
32.32175016403198	-1	910
32.32176947593689	-1	1256
32.32177186012268	-1	910
32.32190442085266	-1	611
32.33104395866394	-1	304
32.331613302230835	-1	1256
32.33162593841553	-1	910
32.331629514694214	-1	1256
32.33163142204285	-1	270
32.33199334144592	-1	611
32.35887026786804	-1	1256
32.35888862609863	-1	312
32.400201082229614	-1	611
32.41023230552673	-1	611
32.44246697425842	-1	611
32.48502326011658	-1	1125
32.49679732322693	-1	1516
32.53670287132263	-1	1219
32.75666880607605	-1	1125
33.20466756820679	-1	1125
34.10067129135132	-1	1125
35.86466574668884	-1	1125
35.87695074081421	-1	1154
35.881712675094604	-1	1516
35.8817183971405	-1	1219
35.88953137397766	-1	1516
35.889541149139404	-1	705
36.129292249679565	-1	1256
36.12930369377136	-1	312
36.16780471801758	-1	889
36.16781759262085	-1	1256
36.16782021522522	-1	855
36.16782283782959	-1	1256
36.16782522201538	-1	590
36.16841101646423	-1	1125
36.17672562599182	-1	1516
36.176740407943726	-1	1516
36.1832389831543	-1	285
36.4958438873291	-1	611
36.53749203681946	-1	611
36.53855800628662	-1	1125
36.54411745071411	-1	1125
36.66611623764038	-1	1256
36.66613149642944	-1	312
36.66647791862488	-1	611
36.687679290771484	-1	1256
36.687692642211914	-1	312
36.73187804222107	-1	1256
36.7318902015686	-1	273
36.76598143577576	-1	611
36.78241562843323	-1	1256
36.782461166381836	-1	312
36.89077615737915	-1	611
36.90166783332825	-1	611
36.98493814468384	-1	1256
36.98539447784424	-1	1256
36.98540115356445	-1	910
36.986170530319214	-1	1125
36.986467123031616	-1	1256
36.986472606658936	-1	928
36.99389147758484	-1	286
36.99713134765625	-1	1516
36.9971399307251	-1	191
37.03567838668823	-1	1256
37.03569459915161	-1	910
37.03748345375061	-1	611
37.04537296295166	-1	902
37.04870891571045	-1	1125
37.0815806388855	-1	1256
37.08159279823303	-1	312
37.08311343193054	-1	1125
37.09273934364319	-1	1516
37.09274983406067	-1	1516
37.096609115600586	-1	1342
37.18463921546936	-1	1256
37.18465876579285	-1	312
37.184664726257324	-1	1256
37.184666872024536	-1	312
37.184670209884644	-1	1256
37.18467164039612	-1	910
37.18524432182312	-1	611
37.192949533462524	-1	1516
37.19296360015869	-1	1516
37.20383405685425	-1	902
37.20389103889465	-1	285
37.24112558364868	-1	1256
37.24113845825195	-1	910
37.24561929702759	-1	902
37.26721215248108	-1	1256
37.267236948013306	-1	910
37.26724028587341	-1	1256
37.26724147796631	-1	928
37.28679394721985	-1	1256
37.28680777549744	-1	910
37.28682851791382	-1	1256
37.28683066368103	-1	910
37.28693747520447	-1	611
37.29951095581055	-1	522
37.30887413024902	-1	1256
37.30890107154846	-1	910
37.30890464782715	-1	1256
37.30890607833862	-1	910
37.3089075088501	-1	1256
37.308908462524414	-1	548
37.361857175827026	-1	1256
37.36186909675598	-1	910
37.36188864707947	-1	1256
37.36189031600952	-1	910
37.36200761795044	-1	611
37.383265256881714	-1	1256
37.38330388069153	-1	548
37.407334327697754	-1	1256
37.40734314918518	-1	910
37.41274690628052	-1	902
37.41973805427551	-1	1256
37.419764280319214	-1	910
37.42566967010498	-1	1256
37.42568325996399	-1	910
37.42568635940552	-1	1256
37.42568755149841	-1	548
37.76419711112976	-1	1516
37.76649880409241	-1	191
37.804702043533325	-1	191
38.02466869354248	-1	1516
38.48466944694519	-1	1516
39.189133405685425	-1	611
39.306174993515015	-1	1256
39.30619215965271	-1	910
39.32903695106506	-1	1256
39.32906246185303	-1	910
39.32906699180603	-1	1256
39.32908225059509	-1	530
39.32909393310547	-1	1256
39.32909846305847	-1	910
39.347535610198975	-1	1256
39.34754657745361	-1	910
39.34756422042847	-1	1256
39.3475661277771	-1	548
39.347567558288574	-1	1256
39.34756803512573	-1	910
39.3529896736145	-1	622
39.37076497077942	-1	1256
39.370787382125854	-1	312
39.37079048156738	-1	1256
39.37079167366028	-1	910
39.37109637260437	-1	1256
39.371100187301636	-1	1146
39.38467192649841	-1	1516
39.386313676834106	-1	1256
39.38632845878601	-1	910
39.39007759094238	-1	1256
39.390082359313965	-1	928
39.400002002716064	-1	286
39.40006160736084	-1	1154
39.40720200538635	-1	1256
39.407212257385254	-1	312
39.4072151184082	-1	1256
39.40721607208252	-1	910
39.40722584724426	-1	1277
39.41023397445679	-1	1256
39.41025638580322	-1	1146
39.414947748184204	-1	1516
39.418280363082886	-1	1516
39.42505145072937	-1	1256
39.42505860328674	-1	910
39.4338264465332	-1	1256
39.43383431434631	-1	928
39.433836936950684	-1	1256
39.43383860588074	-1	1256
39.43384146690369	-1	257
39.44320726394653	-1	1256
39.44321894645691	-1	928
39.44486165046692	-1	1256
39.444868326187134	-1	910
39.449525594711304	-1	1120
39.44955062866211	-1	828
39.46303653717041	-1	1256
39.46304535865784	-1	910
39.463459491729736	-1	611
39.467984199523926	-1	1256
39.46799635887146	-1	910
39.468000411987305	-1	1256
39.46800208091736	-1	548
39.47320771217346	-1	1516
39.47532939910889	-1	1256
39.47533822059631	-1	910
39.47853922843933	-1	1516
39.48608660697937	-1	1256
39.486103534698486	-1	1256
39.486106395721436	-1	556
39.49022364616394	-1	1516
39.49023103713989	-1	408
39.504329442977905	-1	1256
39.50434231758118	-1	910
39.504345178604126	-1	1256
39.50434613227844	-1	946
39.504347801208496	-1	1256
39.50434899330139	-1	910
39.50460767745972	-1	1256
39.504613161087036	-1	748
39.522263288497925	-1	1516
39.526384353637695	-1	796
39.5263991355896	-1	1516
39.526403188705444	-1	343
39.52640748023987	-1	1256
39.52640986442566	-1	910
39.52641177177429	-1	1256
39.526413917541504	-1	1256
39.52641487121582	-1	207
39.526416301727295	-1	1256
39.52641749382019	-1	1107
39.5271942615509	-1	1256
39.52720093727112	-1	1020
39.55773162841797	-1	1516
39.56455183029175	-1	1516
39.56455898284912	-1	1516
39.66110849380493	-1	437
39.80297350883484	-1	611
39.80337691307068	-1	611
40.13652014732361	-1	1256
40.13655757904053	-1	910
40.136563777923584	-1	1256
40.13656568527222	-1	1020
40.13656806945801	-1	1256
40.136569023132324	-1	312
40.13657093048096	-1	1256
40.13657188415527	-1	312
40.13719463348389	-1	611
40.14757227897644	-1	1256
40.14757752418518	-1	910
40.14758014678955	-1	1256
40.147581338882446	-1	928
40.14787578582764	-1	1256
40.147881746292114	-1	530
40.14879059791565	-1	1516
40.14879822731018	-1	1516
40.16297936439514	-1	799
40.1670036315918	-1	1256
40.167009592056274	-1	312
40.182353019714355	-1	1256
40.182361364364624	-1	312
40.18274259567261	-1	611
40.19353652000427	-1	1516
40.19355392456055	-1	1219
40.20637583732605	-1	1256
40.206384897232056	-1	312
40.20681571960449	-1	611
40.29241681098938	-1	1256
40.292428970336914	-1	312
40.29293727874756	-1	611
40.30539846420288	-1	1125
40.31365966796875	-1	401
40.317304849624634	-1	611
40.4250590801239	-1	1256
40.42507290840149	-1	910
40.42603540420532	-1	1256
40.42604088783264	-1	928
40.426387548446655	-1	611
40.42891597747803	-1	286
40.43733835220337	-1	611
40.46086931228638	-1	611
40.473578691482544	-1	1516
40.47408986091614	-1	705
40.54559540748596	-1	1256
40.54560852050781	-1	910
40.546059131622314	-1	611
40.54994034767151	-1	902
40.55723023414612	-1	1125
40.57596254348755	-1	1256
40.57597279548645	-1	312
40.57631969451904	-1	611
40.58553981781006	-1	1125
40.61530661582947	-1	1256
40.61532115936279	-1	199
40.61543560028076	-1	611
40.62518048286438	-1	1516
40.65420866012573	-1	191
40.657570123672485	-1	1256
40.65757751464844	-1	312
40.851861238479614	-1	1256
40.8518762588501	-1	312
40.85221481323242	-1	611
40.8614456653595	-1	1125
40.872076988220215	-1	1256
40.87208437919617	-1	186
40.8744101524353	-1	611
40.88536858558655	-1	611
41.37154197692871	-1	1256
41.37155556678772	-1	312
41.38537240028381	-1	750
41.406153202056885	-1	1256
41.40617513656616	-1	312
41.4268114566803	-1	1125
41.44137239456177	-1	721
41.526554584503174	-1	1256
41.526580572128296	-1	910
41.53108525276184	-1	902
41.75552725791931	-1	1125
41.762598276138306	-1	860
41.877212047576904	-1	1516
41.87722611427307	-1	1516
41.8822546005249	-1	1516
41.920668840408325	-1	1516
42.14066767692566	-1	1125
42.58066940307617	-1	1125
42.601884841918945	-1	860
42.60514521598816	-1	1516
42.60515069961548	-1	1516
42.61637043952942	-1	1516
42.61639165878296	-1	1516
42.62605404853821	-1	1516
42.62606692314148	-1	1516
42.63219094276428	-1	1516
42.632203102111816	-1	1443
42.63820004463196	-1	1125
42.63823461532593	-1	1256
42.638243198394775	-1	480
42.64490461349487	-1	1516
42.697330713272095	-1	1516
42.70640516281128	-1	1516
42.70641207695007	-1	1465
42.71768355369568	-1	1516
42.7176947593689	-1	705
42.753960371017456	-1	1516
42.753973722457886	-1	705
43.31135034561157	-1	1256
43.311373472213745	-1	910
43.31138062477112	-1	1256
43.31138491630554	-1	928
43.311389446258545	-1	1256
43.31139397621155	-1	910
43.31140661239624	-1	1256
43.33523368835449	-1	1256
43.335257053375244	-1	1256
43.33526349067688	-1	1256
43.33526802062988	-1	1256
43.33527135848999	-1	1256
43.335275173187256	-1	1256
43.33528542518616	-1	1256
43.342440605163574	-1	1256
43.344311475753784	-1	1256
43.34432601928711	-1	1149
43.412144899368286	-1	1256
43.41215658187866	-1	910
43.41216063499451	-1	1256
43.41216230392456	-1	910
43.412163972854614	-1	1256
43.41216516494751	-1	910
43.41226005554199	-1	611
43.418461322784424	-1	122
43.431612491607666	-1	1256
43.43161940574646	-1	910
43.43162298202515	-1	1256
43.43162393569946	-1	910
43.43333983421326	-1	1256
43.43334722518921	-1	910
43.43336033821106	-1	1256
43.43336224555969	-1	910
43.45111608505249	-1	1256
43.45113015174866	-1	910
43.45167636871338	-1	1256
43.45168089866638	-1	910
43.45801067352295	-1	1256
43.45801615715027	-1	1256
43.458025217056274	-1	1227
43.46766448020935	-1	1256
43.4676730632782	-1	910
43.46767592430115	-1	1256
43.467676639556885	-1	548
43.46777963638306	-1	611
43.54036736488342	-1	1256
43.540380239486694	-1	910
43.540395975112915	-1	1256
43.54039740562439	-1	928
43.54039907455444	-1	1256
43.54040002822876	-1	910
43.54051446914673	-1	611
43.557711601257324	-1	1256
43.557722091674805	-1	910
43.562126874923706	-1	1256
43.56213188171387	-1	910
43.56214141845703	-1	1256
43.562142848968506	-1	982
43.56214499473572	-1	1256
43.56214618682861	-1	910
43.6623260974884	-1	1256
43.663615703582764	-1	910
43.66362524032593	-1	1256
43.66362810134888	-1	910
43.66363024711609	-1	1256
43.66363167762756	-1	946
43.7045681476593	-1	1256
43.70458960533142	-1	910
43.70459461212158	-1	1256
43.70459747314453	-1	910
43.70459961891174	-1	1256
43.70460033416748	-1	910
43.704601526260376	-1	1256
43.70460271835327	-1	984
43.725284814834595	-1	1256
43.725295543670654	-1	910
43.725297927856445	-1	1256
43.72529864311218	-1	910
43.7745316028595	-1	1256
43.79378867149353	-1	910
43.79394459724426	-1	611
43.8283052444458	-1	1256
43.828317165374756	-1	1256
43.82833433151245	-1	1256
43.82833647727966	-1	1256
43.84480166435242	-1	1256
43.844809770584106	-1	1256
43.84482264518738	-1	1256
43.844828844070435	-1	1256
43.85733151435852	-1	1256
43.85733985900879	-1	1256
43.857354402542114	-1	1256
43.85735607147217	-1	1256
43.85736036300659	-1	1256
43.86424422264099	-1	1256
43.86425042152405	-1	1256
43.86425971984863	-1	1256
43.864262104034424	-1	1256
43.86426401138306	-1	1256
43.8642680644989	-1	1256
43.86433434486389	-1	611
43.86969017982483	-1	1256
43.86970281600952	-1	1256
43.87034249305725	-1	1256
43.87035655975342	-1	1256
43.87360405921936	-1	611
43.90632724761963	-1	1256
43.906349658966064	-1	1256
43.90635395050049	-1	1256
43.906357526779175	-1	1256
43.93825387954712	-1	1256
43.938265800476074	-1	1256
43.987690448760986	-1	1256
43.99793314933777	-1	1256
44.008636713027954	-1	1256
44.032737016677856	-1	1256
44.03274965286255	-1	1256
44.032766819000244	-1	1256
44.03277325630188	-1	1256
44.0464985370636	-1	1256
44.04651379585266	-1	1256
44.04653334617615	-1	1256
44.0465362071991	-1	1256
44.04653811454773	-1	1256
44.04654145240784	-1	1256
44.046730756759644	-1	611
44.057427406311035	-1	1256
44.05743861198425	-1	1256
44.05745482444763	-1	1256
44.057456970214844	-1	1256
44.05745816230774	-1	706
44.21272087097168	-1	1256
44.21273374557495	-1	910
44.231934785842896	-1	1256
44.23423671722412	-1	910
44.23425650596619	-1	1256
44.234259366989136	-1	950
44.23426151275635	-1	1256
44.23426342010498	-1	910
44.25269842147827	-1	1256
44.25270700454712	-1	910
44.26151442527771	-1	1256
44.26151967048645	-1	982
44.261621952056885	-1	611
44.27720069885254	-1	1256
44.27720808982849	-1	910
44.277223348617554	-1	1256
44.27722501754761	-1	910
44.27722668647766	-1	1256
44.2772274017334	-1	910
44.27732706069946	-1	611
44.29130268096924	-1	1256
44.2913122177124	-1	910
44.29133105278015	-1	1256
44.29133343696594	-1	910
44.296104192733765	-1	1256
44.29611039161682	-1	910
44.297428369522095	-1	1256
44.29743456840515	-1	910
44.31318187713623	-1	1256
44.31319189071655	-1	910
44.375078439712524	-1	1256
44.37508678436279	-1	1256
44.375102043151855	-1	1256
44.37510418891907	-1	1256
44.37510585784912	-1	1256
44.375107765197754	-1	1256
44.37510967254639	-1	1256
44.37511658668518	-1	1256
44.37560248374939	-1	1256
44.37560749053955	-1	1256
44.37566685676575	-1	611
44.387956857681274	-1	1256
44.38796806335449	-1	1256
44.38798499107361	-1	1256
44.38798689842224	-1	1256
44.387988805770874	-1	1256
44.38799023628235	-1	1256
44.3879919052124	-1	1256
44.387993574142456	-1	1256
44.38799500465393	-1	1256
44.387996435165405	-1	918
44.39263653755188	-1	1256
44.399691104888916	-1	1256
44.39971733093262	-1	1256
44.399720668792725	-1	1256
44.399723052978516	-1	1256
44.39972400665283	-1	272
44.399850368499756	-1	611
44.41081166267395	-1	1256
44.41082310676575	-1	730
44.412076473236084	-1	1256
44.41207981109619	-1	910
44.412089586257935	-1	1256
44.41209125518799	-1	1256
44.412092447280884	-1	556
44.41466403007507	-1	1256
44.42396664619446	-1	1256
44.42399573326111	-1	556
44.424140214920044	-1	611
44.4627525806427	-1	1256
44.46276640892029	-1	910
44.46277189254761	-1	1256
44.464746713638306	-1	1146
44.46475291252136	-1	1256
44.46476125717163	-1	928
44.46682834625244	-1	1256
44.46684217453003	-1	910
44.48368287086487	-1	1256
44.48374700546265	-1	910
44.48422288894653	-1	1256
44.48424315452576	-1	1256
44.48424577713013	-1	176
44.4848792552948	-1	1256
44.484885931015015	-1	910
44.484899282455444	-1	1256
44.48501467704773	-1	611
44.48504185676575	-1	548
44.51178002357483	-1	1256
44.511803150177	-1	910
44.54721736907959	-1	1256
44.54724621772766	-1	910
44.54867911338806	-1	1256
44.54869222640991	-1	910
44.54870057106018	-1	1256
44.54925751686096	-1	964
44.54926347732544	-1	1256
44.54927182197571	-1	730
44.550822019577026	-1	1256
44.55084037780762	-1	910
44.55084490776062	-1	1256
44.55142164230347	-1	910
44.55142569541931	-1	1256
44.551432847976685	-1	946
44.58805203437805	-1	1256
44.58808183670044	-1	910
44.58927130699158	-1	1256
44.58928418159485	-1	910
44.58928847312927	-1	1256
44.58928990364075	-1	910
44.58929228782654	-1	1256
44.58929371833801	-1	910
44.58939290046692	-1	611
44.60631728172302	-1	1256
44.60632801055908	-1	910
44.60749340057373	-1	1256
44.60749888420105	-1	910
44.62644577026367	-1	1256
44.62645649909973	-1	910
44.64239835739136	-1	212
44.64592933654785	-1	1256
44.64594841003418	-1	910
44.64638543128967	-1	1256
44.64639496803284	-1	910
44.64650106430054	-1	611
44.667314529418945	-1	1256
44.66732907295227	-1	910
44.667332887649536	-1	1256
44.66733407974243	-1	910
44.685516119003296	-1	1256
44.68552923202515	-1	910
44.685547828674316	-1	1256
44.68554973602295	-1	910
44.708425998687744	-1	1256
44.70843768119812	-1	910
44.708457469940186	-1	1256
44.70845890045166	-1	910
44.726988315582275	-1	1256
44.72700095176697	-1	910
44.72701811790466	-1	1256
44.727020263671875	-1	910
44.727147817611694	-1	611
44.73993897438049	-1	611
44.74817681312561	-1	1256
44.74820685386658	-1	910
44.74879693984985	-1	1256
44.748801946640015	-1	910
44.748804569244385	-1	1052
44.752928018569946	-1	611
44.762831926345825	-1	1256
44.762847900390625	-1	910
44.764370918273926	-1	1256
44.764384508132935	-1	910
44.764827489852905	-1	1256
44.76483416557312	-1	910
44.77121043205261	-1	611
44.78229308128357	-1	611
44.78949022293091	-1	1256
44.789499044418335	-1	910
44.7895028591156	-1	1256
44.789504289627075	-1	910
44.78950619697571	-1	1256
44.7895073890686	-1	186
44.79282784461975	-1	1516
44.79283571243286	-1	1516
44.79679799079895	-1	1256
44.796804904937744	-1	910
44.80852246284485	-1	1256
44.808533906936646	-1	1256
44.80853629112244	-1	556
44.814282178878784	-1	1256
44.81428790092468	-1	910
44.817458391189575	-1	1256
44.81746435165405	-1	946
44.81925916671753	-1	1342
44.82734537124634	-1	1256
44.82734990119934	-1	910
44.83412957191467	-1	1256
44.83414101600647	-1	1256
44.83414316177368	-1	158
44.83595561981201	-1	611
44.84636926651001	-1	1256
44.84637522697449	-1	910
44.847986698150635	-1	1256
44.84799075126648	-1	910
44.8580584526062	-1	1256
44.858065366744995	-1	964
44.85806965827942	-1	1256
44.85823941230774	-1	730
44.864726066589355	-1	611
44.870179414749146	-1	1256
44.87019181251526	-1	910
44.87019729614258	-1	1256
44.87037658691406	-1	910
44.87587642669678	-1	1256
44.87588596343994	-1	946
44.880107402801514	-1	1256
44.88012886047363	-1	1256
44.880131244659424	-1	756
44.89192032814026	-1	1256
44.891930103302	-1	910
44.89194393157959	-1	1256
44.891945600509644	-1	946
44.89560270309448	-1	1256
44.89560914039612	-1	1204
44.895673513412476	-1	611
44.89667582511902	-1	1256
44.896682024002075	-1	910
44.91057467460632	-1	1256
44.91058802604675	-1	1146
44.916462898254395	-1	1256
44.91647410392761	-1	928
44.916491985321045	-1	1256
44.91649413108826	-1	910
44.91649603843689	-1	1256
44.91649770736694	-1	910
44.92201232910156	-1	522
44.9298300743103	-1	1256
44.92985463142395	-1	910
44.93032884597778	-1	1256
44.93033576011658	-1	910
44.9350061416626	-1	1256
44.935025691986084	-1	910
44.93632459640503	-1	1256
44.93633198738098	-1	910
44.947892904281616	-1	1256
44.9479033946991	-1	910
44.94790577888489	-1	1256
44.94790720939636	-1	186
44.947908878326416	-1	1256
44.94790959358215	-1	910
44.95828986167908	-1	1256
44.958298444747925	-1	910
44.9583101272583	-1	1256
44.95831108093262	-1	1146
44.95844745635986	-1	611
44.966591119766235	-1	1256
44.966606855392456	-1	910
44.97361636161804	-1	1256
44.97362184524536	-1	910
44.97867727279663	-1	122
44.97868585586548	-1	611
44.97978448867798	-1	1256
44.97978973388672	-1	910
44.97979211807251	-1	1256
44.979793310165405	-1	910
44.97979497909546	-1	1256
44.979795694351196	-1	132
44.98481106758118	-1	1256
44.98481607437134	-1	910
44.984824419021606	-1	1256
44.98482537269592	-1	910
44.99394726753235	-1	1256
44.99395418167114	-1	910
44.999462366104126	-1	1256
44.99946880340576	-1	964
44.99947762489319	-1	1256
44.999478816986084	-1	730
45.00286650657654	-1	1256
45.002875089645386	-1	485
45.006887912750244	-1	1256
45.00689339637756	-1	910
45.00690197944641	-1	1256
45.006903886795044	-1	928
45.00695848464966	-1	611
45.01417565345764	-1	1256
45.01418161392212	-1	910
45.01508069038391	-1	1256
45.01508641242981	-1	910
45.02343940734863	-1	1256
45.023446798324585	-1	910
45.02346348762512	-1	1256
45.023465394973755	-1	168
45.02663016319275	-1	1256
45.02663612365723	-1	1256
45.026644706726074	-1	314
45.034218311309814	-1	1256
45.034889698028564	-1	1256
45.03489589691162	-1	1256
45.034897804260254	-1	582
45.03835868835449	-1	1256
45.03836488723755	-1	910
45.04336142539978	-1	1256
45.04336762428284	-1	910
45.04985332489014	-1	1256
45.04986238479614	-1	982
45.049893617630005	-1	1256
45.04989814758301	-1	910
45.051289319992065	-1	1256
45.05129432678223	-1	910
45.05138564109802	-1	611
45.05609655380249	-1	1256
45.05610179901123	-1	910
45.056110858917236	-1	1256
45.05611252784729	-1	568
45.05978727340698	-1	1256
45.059792041778564	-1	910
45.06097936630249	-1	611
45.06556296348572	-1	1256
45.065571308135986	-1	910
45.066020488739014	-1	1256
45.066028118133545	-1	910
45.07083749771118	-1	1256
45.07084369659424	-1	910
45.073102712631226	-1	1256
45.07310938835144	-1	910
45.08085083961487	-1	1256
45.080856800079346	-1	1000
45.08086037635803	-1	1256
45.080862045288086	-1	910
45.08501672744751	-1	1256
45.085026025772095	-1	332
45.085040807724	-1	1256
45.08504271507263	-1	312
45.08657217025757	-1	1256
45.08657741546631	-1	312
45.092835426330566	-1	1256
45.09284043312073	-1	910
45.09284424781799	-1	1256
45.09613609313965	-1	928
45.09614944458008	-1	611
45.09803032875061	-1	1256
45.09803533554077	-1	910
45.10004019737244	-1	1256
45.10004806518555	-1	910
45.10436820983887	-1	1256
45.1043746471405	-1	910
45.1051185131073	-1	1256
45.1051242351532	-1	168
45.11269402503967	-1	1256
45.11270499229431	-1	910
45.112708568573	-1	1256
45.11271023750305	-1	928
45.154757499694824	-1	1256
45.1547691822052	-1	910
45.15478730201721	-1	1256
45.154789209365845	-1	910
45.15479135513306	-1	1256
45.15479230880737	-1	910
45.154794454574585	-1	1256
45.15479516983032	-1	982
45.15479779243469	-1	1256
45.15479922294617	-1	1256
45.15480017662048	-1	340
45.154802560806274	-1	1256
45.15480422973633	-1	1256
45.154805183410645	-1	556
45.154815912246704	-1	1256
45.154834508895874	-1	910
45.15500521659851	-1	1256
45.15505790710449	-1	611
45.19768261909485	-1	1256
45.19770002365112	-1	1256
45.197720766067505	-1	1256
45.19772458076477	-1	1256
45.19772696495056	-1	1256
45.197728633880615	-1	1060
45.2347846031189	-1	1256
45.234800577163696	-1	1256
45.2348198890686	-1	1256
45.23482275009155	-1	1256
45.234824657440186	-1	1256
45.2348313331604	-1	1256
45.235649824142456	-1	1256
45.23565649986267	-1	1256
45.235665798187256	-1	1256
45.23567080497742	-1	1256
45.26348519325256	-1	1256
45.26351451873779	-1	788
45.26352310180664	-1	623
45.26353096961975	-1	1256
45.26404070854187	-1	910
45.264052391052246	-1	1256
45.264055013656616	-1	910
45.264427185058594	-1	1256
45.26443076133728	-1	910
45.28584098815918	-1	1256
45.28585076332092	-1	910
45.28585863113403	-1	1256
45.286043643951416	-1	982
45.28787136077881	-1	1256
45.28787589073181	-1	1256
45.287877559661865	-1	340
45.30848145484924	-1	1256
45.30848789215088	-1	910
45.30849075317383	-1	1256
45.30892634391785	-1	946
45.322298765182495	-1	1256
45.33079266548157	-1	1256
45.330909729003906	-1	623
45.33652639389038	-1	1256
45.344221353530884	-1	1256
45.388946294784546	-1	1256
45.38895893096924	-1	1256
45.38897252082825	-1	1256
45.388975381851196	-1	1256
45.40729093551636	-1	1256
45.407302141189575	-1	1256
45.40731692314148	-1	1256
45.40731859207153	-1	1256
45.40732002258301	-1	1256
45.407320976257324	-1	1256
45.4073224067688	-1	1256
45.4073269367218	-1	1256
45.407403230667114	-1	611
45.41494393348694	-1	1256
45.41495132446289	-1	1256
45.4149649143219	-1	1256
45.41803526878357	-1	1256
45.41805291175842	-1	1256
45.418055057525635	-1	1256
45.41805672645569	-1	1256
45.418057680130005	-1	1256
45.41805934906006	-1	1256
45.418060302734375	-1	1256
45.418063163757324	-1	1256
45.418073892593384	-1	611
45.41865515708923	-1	1256
45.41865873336792	-1	1256
45.41866493225098	-1	1256
45.440040826797485	-1	1256
45.440067291259766	-1	1256
45.440069913864136	-1	1256
45.44007110595703	-1	1256
45.440072774887085	-1	1256
45.4400737285614	-1	1256
45.4400749206543	-1	1256
45.44007635116577	-1	1256
45.44007730484009	-1	774
45.440311431884766	-1	611
45.44314646720886	-1	1256
45.4431517124176	-1	910
45.447190046310425	-1	140
45.452977895736694	-1	1256
45.45299458503723	-1	910
45.45326900482178	-1	1256
45.45889329910278	-1	910
45.499393701553345	-1	1256
45.49941682815552	-1	910
45.4994215965271	-1	1256
45.49942469596863	-1	910
45.49942684173584	-1	1256
45.499427795410156	-1	910
45.49942970275879	-1	1256
45.499430418014526	-1	910
45.499431848526	-1	1256
45.49943280220032	-1	206
45.51528525352478	-1	1256
45.515294551849365	-1	910
45.5165159702301	-1	1256
45.516520261764526	-1	910
45.51652193069458	-1	1256
45.51652264595032	-1	910
45.51652407646179	-1	1256
45.51652479171753	-1	910
45.53185248374939	-1	1256
45.907750368118286	-1	611
46.152672290802	-1	611
46.39266777038574	-1	611
46.86866855621338	-1	611
46.87388253211975	-1	1256
46.873902559280396	-1	1256
46.89832067489624	-1	1256
46.90781569480896	-1	1256
46.90783381462097	-1	1256
46.97892713546753	-1	910
46.9791259765625	-1	611
46.98670315742493	-1	1256
46.98672604560852	-1	1256
46.98673224449158	-1	1256
46.98728966712952	-1	1256
46.989498138427734	-1	611
47.03307819366455	-1	1256
47.03310585021973	-1	1256
47.03311228752136	-1	1256
47.03372287750244	-1	1256
47.033735513687134	-1	1256
47.033743143081665	-1	1256
47.03419756889343	-1	1256
47.0342071056366	-1	1256
47.034284830093384	-1	611
47.046645641326904	-1	1256
47.04665207862854	-1	1256
47.046661138534546	-1	1256
47.04729223251343	-1	1256
47.04730176925659	-1	1256
47.04730439186096	-1	1256
47.04793620109558	-1	1256
47.047940731048584	-1	1256
47.04794526100159	-1	1256
47.048571825027466	-1	1256
47.04858136177063	-1	1256
47.04858374595642	-1	1256
47.0488498210907	-1	1256
47.08381485939026	-1	1256
47.083839893341064	-1	1256
47.08384299278259	-1	1256
47.08384442329407	-1	1256
47.08384561538696	-1	1256
47.08384966850281	-1	1256
47.08401584625244	-1	611
47.08578038215637	-1	1256
47.08578848838806	-1	1256
47.08579969406128	-1	1256
47.08580255508423	-1	1256
47.08580446243286	-1	1256
47.085808992385864	-1	1256
47.08581209182739	-1	1256
47.091108322143555	-1	1256
47.09111523628235	-1	1256
47.091124057769775	-1	1256
47.09112524986267	-1	1256
47.091126680374146	-1	1256
47.0911283493042	-1	1256
47.091129541397095	-1	1256
47.095308780670166	-1	611
47.10596680641174	-1	1256
47.105977058410645	-1	1256
47.105979204177856	-1	1256
47.10598087310791	-1	1256
47.105982303619385	-1	1256
47.10598349571228	-1	1256
47.1059844493866	-1	1256
47.10598587989807	-1	1256
47.105987310409546	-1	1256
47.105993032455444	-1	1256
47.13424015045166	-1	688
47.13427495956421	-1	623
47.134281396865845	-1	1256
47.1342887878418	-1	910
47.13429570198059	-1	1256
47.134297609329224	-1	982
47.134300231933594	-1	1256
47.13430142402649	-1	910
47.16099691390991	-1	1256
47.16100454330444	-1	332
47.161006689071655	-1	1256
47.16100740432739	-1	910
47.16154623031616	-1	1256
47.16154909133911	-1	910
47.16155171394348	-1	1256
47.223050117492676	-1	1256
47.23076558113098	-1	1256
47.23077154159546	-1	1256
47.23912239074707	-1	1256
47.23912787437439	-1	1256
47.2391300201416	-1	1256
47.24411344528198	-1	1256
47.28636646270752	-1	1256
47.29134178161621	-1	1256
47.29953670501709	-1	1256
47.30510377883911	-1	1256
47.31067514419556	-1	1256
47.33407521247864	-1	1256
47.34718608856201	-1	1256
47.616435527801514	-1	1256
47.61687421798706	-1	611
47.62531781196594	-1	1256
47.62533402442932	-1	1256
47.629677057266235	-1	611
47.63263750076294	-1	1256
47.63264799118042	-1	1256
47.63265037536621	-1	1256
47.632659912109375	-1	1256
47.652384519577026	-1	1256
47.652395486831665	-1	1256
47.65241503715515	-1	1256
47.65241765975952	-1	1256
47.65241980552673	-1	1256
47.65242552757263	-1	1256
47.66837000846863	-1	1256
47.66838073730469	-1	1256
47.66839623451233	-1	1256
47.6683988571167	-1	1256
47.668400287628174	-1	1256
47.66840147972107	-1	1256
47.668402671813965	-1	1256
47.66840362548828	-1	1256
47.668405294418335	-1	1256
47.66841268539429	-1	1256
47.66856861114502	-1	611
47.67619037628174	-1	1256
47.67620229721069	-1	1256
47.67621731758118	-1	1256
47.67621874809265	-1	1256
47.676220178604126	-1	1256
47.676225423812866	-1	1256
47.67823123931885	-1	1256
47.678242206573486	-1	1256
47.67824411392212	-1	1256
47.678245544433594	-1	1256
47.67824697494507	-1	1256
47.67824840545654	-1	1256
47.68886709213257	-1	1256
47.688878536224365	-1	1256
47.68889307975769	-1	1256
47.688894748687744	-1	1256
47.688897371292114	-1	1256
47.69809818267822	-1	1256
47.698102951049805	-1	1256
47.698110818862915	-1	1256
47.69811201095581	-1	1256
47.69811296463013	-1	1256
47.69811391830444	-1	1256
47.69811534881592	-1	1256
47.69812059402466	-1	1256
47.69818615913391	-1	611
47.74339556694031	-1	1256
47.743419885635376	-1	1256
47.74342918395996	-1	1256
47.743433713912964	-1	623
47.7439706325531	-1	1256
47.74398112297058	-1	1256
47.74398350715637	-1	1256
47.744545459747314	-1	1256
47.744547605514526	-1	1256
47.74454927444458	-1	1256
47.76693081855774	-1	1516
47.772603034973145	-1	1256
47.772610902786255	-1	1256
47.77261734008789	-1	215
47.8005473613739	-1	1256
47.815438747406006	-1	1256
47.82468891143799	-1	1256
47.838666677474976	-1	1256
47.85862612724304	-1	1256
47.85888123512268	-1	611
47.86674642562866	-1	1256
47.866761445999146	-1	1256
47.866777181625366	-1	1256
47.86700797080994	-1	1256
47.918280363082886	-1	1256
47.91832113265991	-1	1256
47.91832709312439	-1	1256
47.91885828971863	-1	1256
47.918864011764526	-1	1256
47.91887426376343	-1	1256
47.91926646232605	-1	1256
47.91928482055664	-1	1256
47.94774127006531	-1	1256
47.947771310806274	-1	1256
47.947776794433594	-1	1256
47.948320388793945	-1	1256
47.94832491874695	-1	1256
47.94833278656006	-1	1256
47.94892859458923	-1	1256
47.94894242286682	-1	1256
47.948946714401245	-1	1256
47.94903206825256	-1	611
47.949639558792114	-1	1256
47.94964909553528	-1	1256
47.960164070129395	-1	1256
47.960171699523926	-1	1256
47.96018385887146	-1	1256
47.96072506904602	-1	1256
47.96073317527771	-1	1256
47.96073651313782	-1	1256
47.96564984321594	-1	1256
47.96566677093506	-1	1256
47.965691566467285	-1	1256
47.96612358093262	-1	1256
47.966148376464844	-1	611
47.96615481376648	-1	1256
47.96652865409851	-1	1256
47.96654176712036	-1	1256
47.97103261947632	-1	1256
47.9710476398468	-1	1256
47.97105145454407	-1	1256
47.97162985801697	-1	1256
47.97163701057434	-1	1256
47.97164750099182	-1	1256
47.99379205703735	-1	1256
47.99381422996521	-1	1256
47.99381709098816	-1	1256
47.99381899833679	-1	1256
47.9938280582428	-1	611
47.9938325881958	-1	1256
47.993839502334595	-1	1256
48.0104022026062	-1	1256
48.01041579246521	-1	1256
48.01043629646301	-1	1256
48.01043915748596	-1	1256
48.010441303253174	-1	1256
48.01044273376465	-1	1256
48.01044464111328	-1	1256
48.01045060157776	-1	1256
48.0123827457428	-1	1256
48.01238679885864	-1	1256
48.012397050857544	-1	1256
48.012399196624756	-1	1256
48.01240086555481	-1	1256
48.01240372657776	-1	1256
48.02677655220032	-1	1256
48.02681350708008	-1	1256
48.02682971954346	-1	1256
48.02683186531067	-1	1256
48.026833057403564	-1	1256
48.02683448791504	-1	1256
48.02683615684509	-1	1256
48.02683782577515	-1	1256
48.02684569358826	-1	1256
48.026923418045044	-1	611
48.02863669395447	-1	1256
48.02864122390747	-1	1256
48.02864980697632	-1	1256
48.02865171432495	-1	1256
48.02866053581238	-1	1256
48.028663635253906	-1	1256
48.04685926437378	-1	1256
48.046870708465576	-1	1256
48.04688572883606	-1	1256
48.04689383506775	-1	611
48.04689860343933	-1	1256
48.0469012260437	-1	1256
48.046903133392334	-1	1256
48.04690504074097	-1	1256
48.0469069480896	-1	1256
48.04690909385681	-1	1256
48.04691433906555	-1	1256
48.05260467529297	-1	1256
48.052619218826294	-1	1256
48.0526328086853	-1	1256
48.0526340007782	-1	1256
48.05263566970825	-1	1256
48.05263924598694	-1	1256
48.05474495887756	-1	1256
48.054749965667725	-1	1256
48.05475616455078	-1	1256
48.054760694503784	-1	611
48.05476355552673	-1	1256
48.05476474761963	-1	1256
48.05476641654968	-1	1256
48.054767370224	-1	1256
48.05477213859558	-1	1256
48.05526161193848	-1	1256
48.05526614189148	-1	1256
48.05527400970459	-1	1256
48.063544511795044	-1	1256
48.0635666847229	-1	1256
48.06356883049011	-1	1256
48.06357169151306	-1	1256
48.06596350669861	-1	1256
48.06597423553467	-1	1256
48.06598711013794	-1	1256
48.065988302230835	-1	1256
48.06598949432373	-1	1256
48.065996170043945	-1	611
48.065999031066895	-1	1256
48.06600046157837	-1	1256
48.066001415252686	-1	1256
48.06600260734558	-1	1256
48.066009283065796	-1	1256
48.06672143936157	-1	1256
48.06673336029053	-1	1256
48.066752433776855	-1	1256
48.069904804229736	-1	1256
48.069931745529175	-1	1256
48.0699360370636	-1	1256
48.06993818283081	-1	1256
48.06994271278381	-1	1256
48.0893120765686	-1	1002
48.089330196380615	-1	611
48.10435700416565	-1	611
48.13479781150818	-1	1256
48.13481426239014	-1	910
48.13548469543457	-1	1256
48.13548946380615	-1	928
48.13549280166626	-1	1256
48.13549447059631	-1	910
48.14133596420288	-1	1256
48.141350746154785	-1	910
48.14135479927063	-1	1256
48.14135670661926	-1	910
48.15610909461975	-1	1256
48.15611720085144	-1	982
48.15612983703613	-1	1256
48.15613079071045	-1	910
48.15613269805908	-1	1256
48.15613341331482	-1	332
48.15787649154663	-1	1256
48.157880783081055	-1	910
48.15789008140564	-1	1256
48.15789079666138	-1	910
48.15789222717285	-1	1256
48.15789294242859	-1	910
48.163365840911865	-1	798
48.16337490081787	-1	611
48.16662549972534	-1	1256
48.166635513305664	-1	652
48.23869013786316	-1	1256
48.23870587348938	-1	910
48.238712549209595	-1	1256
48.23918652534485	-1	910
48.239192724227905	-1	1256
48.23920226097107	-1	946
48.23928928375244	-1	611
48.243293046951294	-1	1256
48.24329876899719	-1	910
48.25769305229187	-1	1256
48.25770616531372	-1	910
48.25772476196289	-1	1256
48.257824182510376	-1	611
48.257861614227295	-1	910
48.26078414916992	-1	1256
48.26079320907593	-1	910
48.26135206222534	-1	1256
48.26136589050293	-1	910
48.26137018203735	-1	1256
48.262080669403076	-1	910
48.26209115982056	-1	1256
48.26209330558777	-1	910
48.26432275772095	-1	212
48.27835726737976	-1	1256
48.278382539749146	-1	910
48.27995681762695	-1	1256
48.27997136116028	-1	910
48.27997803688049	-1	1256
48.28003811836243	-1	116
48.281519174575806	-1	1256
48.28152370452881	-1	910
48.28152775764465	-1	1256
48.28199911117554	-1	910
48.28200602531433	-1	1256
48.2820143699646	-1	910
48.2820770740509	-1	611
48.29990816116333	-1	122
48.30098867416382	-1	1256
48.301018714904785	-1	910
48.30225396156311	-1	1256
48.302265882492065	-1	910
48.30226969718933	-1	1256
48.302271127700806	-1	910
48.302273750305176	-1	1256
48.30227494239807	-1	910
48.30227732658386	-1	1256
48.30227851867676	-1	541
48.326077699661255	-1	1256
48.32762908935547	-1	910
48.327645778656006	-1	1256
48.32765054702759	-1	910
48.327656269073486	-1	1256
48.327659130096436	-1	548
48.43600654602051	-1	1256
48.43603014945984	-1	1256
48.43603467941284	-1	556
48.436038970947266	-1	1256
48.43604016304016	-1	910
48.436041593551636	-1	1256
48.43604278564453	-1	1146
48.43604397773743	-1	1256
48.436044692993164	-1	928
48.43604636192322	-1	1256
48.436047077178955	-1	910
48.452921628952026	-1	1256
48.4529287815094	-1	910
48.456159830093384	-1	1256
48.45616173744202	-1	910
48.45616364479065	-1	1256
48.45616436004639	-1	982
48.45616555213928	-1	1256
48.45616674423218	-1	910
48.4564847946167	-1	1256
48.45648646354675	-1	930
48.46010160446167	-1	1256
48.47713017463684	-1	1256
48.477144956588745	-1	1256
49.147160053253174	-1	1256
49.23849153518677	-1	1256
49.23866009712219	-1	611
49.249671459198	-1	1256
49.249794721603394	-1	1256
49.24981641769409	-1	1256
49.249829053878784	-1	1256
49.24986696243286	-1	611
49.25830554962158	-1	1256
49.25834012031555	-1	1256
49.258347511291504	-1	1256
49.25834894180298	-1	1256
49.25835037231445	-1	1256
49.25835156440735	-1	1256
49.258352518081665	-1	1256
49.25835394859314	-1	1256
49.25849914550781	-1	611
49.268415689468384	-1	1256
49.26843523979187	-1	1256
49.268460750579834	-1	1256
49.268462896347046	-1	1256
49.26846432685852	-1	1256
49.268465757369995	-1	1256
49.268474102020264	-1	1256
49.269227027893066	-1	1256
49.269240379333496	-1	1256
49.274226903915405	-1	1256
49.27423930168152	-1	1256
49.27424097061157	-1	1256
49.274242639541626	-1	1256
49.2742440700531	-1	1256
49.274245262145996	-1	1256
49.27424669265747	-1	1256
49.27425241470337	-1	1256
49.274553060531616	-1	611
49.27518129348755	-1	1256
49.281890630722046	-1	1256
49.28192067146301	-1	1256
49.28192329406738	-1	1256
49.28192496299744	-1	1256
49.28192615509033	-1	1256
49.28192734718323	-1	1256
49.28192901611328	-1	1256
49.28193020820618	-1	1256
49.28193163871765	-1	1256
49.281936168670654	-1	1256
49.28583002090454	-1	1125
49.291550159454346	-1	1256
49.29156446456909	-1	1256
49.29156684875488	-1	1256
49.29156804084778	-1	1256
49.29156947135925	-1	1256
49.29157090187073	-1	1256
49.29157209396362	-1	1256
49.2915780544281	-1	1256
49.292054414749146	-1	1256
49.29205942153931	-1	1256
49.29206848144531	-1	1256
49.2938175201416	-1	1256
49.293928146362305	-1	611
49.30321216583252	-1	1256
49.303226709365845	-1	1256
49.30322861671448	-1	1256
49.30323028564453	-1	1256
49.30323147773743	-1	1256
49.3032329082489	-1	1256
49.303234338760376	-1	1256
49.30323553085327	-1	1256
49.303236961364746	-1	1256
49.30323839187622	-1	1256
49.303242683410645	-1	1256
49.3063862323761	-1	1256
49.306403160095215	-1	1256
49.309574604034424	-1	1256
49.30958867073059	-1	1256
49.309611320495605	-1	1256
49.3096137046814	-1	1256
49.30962085723877	-1	1256
49.30962300300598	-1	1256
49.30962562561035	-1	1256
49.309627056121826	-1	1256
49.30962872505188	-1	1256
49.30963611602783	-1	1256
49.30977821350098	-1	611
49.30986475944519	-1	1256
49.309874296188354	-1	1256
49.318098306655884	-1	1256
49.318116903305054	-1	1256
49.32168531417847	-1	1256
49.32169795036316	-1	1256
49.32171630859375	-1	1256
49.32171821594238	-1	1256
49.32171988487244	-1	1256
49.32173562049866	-1	1256
49.322986125946045	-1	1256
49.322999477386475	-1	797
49.323010206222534	-1	611
49.74641275405884	-1	611
49.75049090385437	-1	611
50.376771450042725	-1	1256
50.37680172920227	-1	910
50.37726664543152	-1	1256
50.37727737426758	-1	928
50.37728524208069	-1	1256
50.377732276916504	-1	910
50.377742767333984	-1	1256
50.377747535705566	-1	910
50.38178777694702	-1	1256
50.381800413131714	-1	910
50.38180875778198	-1	1256
50.381898164749146	-1	611
50.381948709487915	-1	621
50.41490864753723	-1	1256
50.414955139160156	-1	928
50.414963722229004	-1	1256
50.41496968269348	-1	1256
50.414973974227905	-1	774
50.46961259841919	-1	1256
50.47963309288025	-1	910
50.509477615356445	-1	1256
50.50949048995972	-1	910
50.509506702423096	-1	1256
50.50950813293457	-1	910
50.52180528640747	-1	1256
50.521819829940796	-1	1256
50.52183794975281	-1	1256
50.52184081077576	-1	1256
50.52184224128723	-1	689
51.69622611999512	-1	611
51.76060461997986	-1	1125
52.760886430740356	-1	1516
52.76319169998169	-1	705
52.804672718048096	-1	705
53.752808570861816	-1	611
54.67870545387268	-1	1256
54.678730964660645	-1	910
54.67873764038086	-1	1256
54.678741455078125	-1	910
54.67874526977539	-1	1256
54.67874813079834	-1	936
54.678749561309814	-1	1256
54.67875051498413	-1	910
54.678751945495605	-1	1256
54.67875266075134	-1	1256
54.67875361442566	-1	556
54.67887330055237	-1	611
54.68865346908569	-1	1256
54.6886830329895	-1	1256
54.68868803977966	-1	1256
54.68869209289551	-1	1256
54.688695192337036	-1	1256
54.688698530197144	-1	1256
54.68870162963867	-1	1256
54.68870568275452	-1	1256
54.69029450416565	-1	1256
54.69030952453613	-1	1256
54.69031286239624	-1	1256
54.69031572341919	-1	1256
54.70790100097656	-1	218
54.70792055130005	-1	611
54.707932472229004	-1	1256
54.707934856414795	-1	1256
54.70793652534485	-1	1256
54.707937717437744	-1	1256
54.70793890953064	-1	296
54.86314558982849	-1	831
54.86328482627869	-1	611
57.74644470214844	-1	611
57.74809384346008	-1	611
57.768357276916504	-1	611
58.37210726737976	-1	1256
58.37212347984314	-1	910
58.37212944030762	-1	1256
58.37213110923767	-1	928
58.37213397026062	-1	1256
58.372135400772095	-1	910
58.372138023376465	-1	1256
58.37214016914368	-1	910
58.37214255332947	-1	1256
58.37214374542236	-1	910
58.37214636802673	-1	1256
58.37214779853821	-1	621
58.372150182724	-1	1256
58.372151374816895	-1	312
58.37242078781128	-1	611
58.49026870727539	-1	1256
58.490280628204346	-1	910
58.496166944503784	-1	1256
58.49617910385132	-1	928
58.49619483947754	-1	1256
58.496196031570435	-1	910
58.496198654174805	-1	1256
58.49619960784912	-1	910
58.496201515197754	-1	1256
58.49620223045349	-1	910
58.496203899383545	-1	1256
58.49620485305786	-1	168
58.496206521987915	-1	1256
58.49620723724365	-1	910
58.49640417098999	-1	611
58.50832462310791	-1	1256
58.5083384513855	-1	1256
58.50835847854614	-1	485
58.509526014328	-1	1256
58.50953769683838	-1	928
58.509541749954224	-1	1256
58.5095431804657	-1	910
58.51787829399109	-1	1120
58.51791787147522	-1	611
58.749030351638794	-1	676
62.77891969680786	-1	1516
62.781216859817505	-1	191
62.84466600418091	-1	191
63.08066701889038	-1	1516
63.54067039489746	-1	1516
64.27364206314087	-1	191
64.39284682273865	-1	611
65.12179231643677	-1	611
65.12208914756775	-1	611
65.73654317855835	-1	611
65.73695254325867	-1	611
66.66311120986938	-1	611
66.77580976486206	-1	1125
67.16066551208496	-1	1125
67.77693200111389	-1	1516
67.78540563583374	-1	611
67.7880506515503	-1	1125
67.79862403869629	-1	705
68.76621866226196	-1	611
68.78053402900696	-1	611
68.83008813858032	-1	611
69.4278552532196	-1	611
69.73000454902649	-1	611
74.64350605010986	-1	611
74.76806712150574	-1	611
74.88066720962524	-1	611
75.06066632270813	-1	611
75.12066769599915	-1	611
75.5726706981659	-1	1154
75.60466933250427	-1	611
76.48792028427124	-1	611
76.49225974082947	-1	611
77.18138289451599	-1	611
77.79092931747437	-1	1516
77.79322242736816	-1	191
78.63915872573853	-1	611
78.63945198059082	-1	611
80.79468131065369	-1	611
80.79497075080872	-1	611
81.71078062057495	-1	611
81.78739285469055	-1	1125
82.14167284965515	-1	611
82.78662323951721	-1	1516
82.78891682624817	-1	705
87.6179404258728	-1	611
87.86466789245605	-1	611
88.11666512489319	-1	611
88.62870240211487	-1	611
88.79283499717712	-1	1125
89.70717215538025	-1	611
89.7073004245758	-1	611
89.78735566139221	-1	611
89.78749227523804	-1	611
90.77349376678467	-1	611
92.80630588531494	-1	1516
92.80859112739563	-1	191
92.98867011070251	-1	191
93.39669060707092	-1	1516
94.00075626373291	-1	611
94.14033126831055	-1	611
94.20066833496094	-1	1516
94.30956220626831	-1	611
94.32998776435852	-1	191
94.67233157157898	-1	611
94.67276573181152	-1	611
94.77391529083252	-1	611
94.82942485809326	-1	611
95.09504461288452	-1	611
95.09534764289856	-1	611
95.40261697769165	-1	611
95.85441589355469	-1	611
96.79986572265625	-1	1125
97.11267805099487	-1	1125
97.42867064476013	-1	1125
98.0367066860199	-1	1125
98.08434987068176	-1	1154
98.08499383926392	-1	1516
98.10033822059631	-1	191
98.24392175674438	-1	611
98.25286269187927	-1	1516
98.25288248062134	-1	1516
98.26585817337036	-1	1516
98.26587057113647	-1	1465
98.277583360672	-1	1516
98.27760100364685	-1	1516
98.28025078773499	-1	1516
98.28026342391968	-1	922
98.37330460548401	-1	611
