0.0	-1	1125
0.6031010150909424	-1	611
0.6032376289367676	-1	611
0.715346097946167	-1	611
0.7154746055603027	-1	611
1.4415631294250488	-1	611
4.405182361602783	-1	611
4.473674535751343	-1	611
5.013514995574951	-1	611
5.018568754196167	-1	611
5.028058052062988	-1	1125
5.922957420349121	-1	611
5.940075635910034	-1	611
5.950934648513794	-1	611
6.012150526046753	-1	611
7.666648864746094	-1	611
7.666677951812744	-1	1256
7.666684865951538	-1	1256
7.666689872741699	-1	808
7.666696310043335	-1	1256
7.6666998863220215	-1	1020
7.667153835296631	-1	611
7.678123712539673	-1	1516
7.692795038223267	-1	1219
8.282538652420044	-1	611
8.282551765441895	-1	1256
8.282553911209106	-1	312
8.28255581855774	-1	1256
8.282556772232056	-1	910
8.282558679580688	-1	1256
8.282560110092163	-1	1256
8.2825608253479	-1	556
8.282968997955322	-1	611
8.303381443023682	-1	902
8.303406476974487	-1	611
8.35570240020752	-1	1256
8.355711698532104	-1	910
8.358958959579468	-1	1256
8.35896348953247	-1	115
8.359832763671875	-1	611
8.401097536087036	-1	611
8.89198899269104	-1	611
8.892000913619995	-1	1256
8.892003536224365	-1	312
9.50446343421936	-1	1235
9.504479885101318	-1	1256
9.504484176635742	-1	312
9.506043672561646	-1	611
9.591951131820679	-1	207
9.591980218887329	-1	611
9.60745620727539	-1	1154
9.676663398742676	-1	611
10.117486000061035	-1	611
10.238346099853516	-1	611
10.239426612854004	-1	1125
10.250840902328491	-1	611
11.051557540893555	-1	1256
11.051591634750366	-1	910
11.06329894065857	-1	1180
11.065276861190796	-1	611
11.077358961105347	-1	1516
11.077374935150146	-1	191
11.653815507888794	-1	1125
11.72527551651001	-1	611
11.725728511810303	-1	611
12.575840950012207	-1	1256
12.575853824615479	-1	910
12.575857877731323	-1	1256
12.575859546661377	-1	928
12.582960605621338	-1	1217
12.584749698638916	-1	611
12.594233274459839	-1	1516
12.605215549468994	-1	705
13.509049415588379	-1	1256
13.509065389633179	-1	451
13.509071111679077	-1	1256
13.50907301902771	-1	312
13.509410381317139	-1	611
13.521253824234009	-1	1256
13.521266222000122	-1	1078
13.521270036697388	-1	1256
13.52127194404602	-1	928
13.54095721244812	-1	1256
13.540971279144287	-1	910
13.540992736816406	-1	1256
13.54099440574646	-1	910
13.540996789932251	-1	1256
13.540998697280884	-1	766
13.5419762134552	-1	1256
13.542000770568848	-1	910
13.575549364089966	-1	1256
13.575576543807983	-1	1256
13.575578927993774	-1	556
13.581454277038574	-1	902
13.612548828125	-1	611
13.621411085128784	-1	1516
13.629278898239136	-1	191
13.77549934387207	-1	1256
13.775511741638184	-1	910
13.776548385620117	-1	1256
13.77655291557312	-1	910
13.776555061340332	-1	1256
13.776556491851807	-1	910
13.776671886444092	-1	611
13.81136441230774	-1	1256
13.811388969421387	-1	910
13.811394691467285	-1	1256
13.811397790908813	-1	910
13.811400413513184	-1	1256
13.811401844024658	-1	106
13.813350439071655	-1	1256
13.81335735321045	-1	910
13.813359260559082	-1	1256
13.81335997581482	-1	910
13.813361406326294	-1	1256
13.81336236000061	-1	1146
13.813363790512085	-1	1256
13.813364505767822	-1	910
13.83482837677002	-1	1256
13.834837913513184	-1	548
13.834839582443237	-1	1256
13.834840536117554	-1	910
13.834841966629028	-1	1256
13.834842681884766	-1	910
13.834844589233398	-1	1256
13.834845542907715	-1	548
13.871198415756226	-1	1256
13.881717920303345	-1	1256
13.889282941818237	-1	1256
14.725801467895508	-1	1256
14.726090908050537	-1	611
14.814805030822754	-1	1256
14.8148193359375	-1	1256
14.814957618713379	-1	611
14.83514142036438	-1	1256
14.835153818130493	-1	1256
14.83517336845398	-1	1256
14.835467100143433	-1	1256
14.840746879577637	-1	1256
14.840755462646484	-1	1256
14.840762376785278	-1	1256
14.841455698013306	-1	1256
14.841462850570679	-1	1256
14.841466665267944	-1	1256
14.842471599578857	-1	1256
14.842482089996338	-1	1256
14.86575174331665	-1	1256
14.865763187408447	-1	1256
14.865779876708984	-1	1256
14.866452932357788	-1	1256
14.86646580696106	-1	1256
14.866468667984009	-1	1256
14.866731405258179	-1	1256
14.86808967590332	-1	1256
14.868107557296753	-1	1256
14.868110656738281	-1	1256
14.868213415145874	-1	611
14.868807792663574	-1	1256
14.868820428848267	-1	1256
14.868855476379395	-1	1256
14.869410037994385	-1	1256
14.872223854064941	-1	1256
14.8722562789917	-1	1256
14.872258186340332	-1	1256
14.872259616851807	-1	1256
14.872260570526123	-1	937
14.884002447128296	-1	611
14.895540475845337	-1	611
16.88216495513916	-1	611
17.665268182754517	-1	611
19.075732231140137	-1	611
19.95588183403015	-1	1256
19.955890893936157	-1	312
19.967302560806274	-1	721
19.96853232383728	-1	1125
19.981249570846558	-1	1516
19.981262683868408	-1	1516
19.988466501235962	-1	285
20.565491676330566	-1	1256
20.56550621986389	-1	910
20.565511465072632	-1	1256
20.565513372421265	-1	477
20.565518140792847	-1	1256
20.565523147583008	-1	910
20.565525770187378	-1	1256
20.565528392791748	-1	1256
20.56553363800049	-1	556
20.565537691116333	-1	1256
20.56554102897644	-1	928
20.56554341316223	-1	1256
20.565545082092285	-1	910
20.565762042999268	-1	611
20.572121620178223	-1	1120
20.576277494430542	-1	1125
20.667678356170654	-1	1256
20.667690753936768	-1	910
20.669504404067993	-1	611
20.675099849700928	-1	1009
20.683977842330933	-1	611
21.494012594223022	-1	611
21.49402618408203	-1	1256
21.494028568267822	-1	312
21.494030475616455	-1	1256
21.49403166770935	-1	312
21.494282007217407	-1	611
21.505980014801025	-1	1516
21.513065576553345	-1	860
21.513079404830933	-1	1219
21.52337384223938	-1	611
22.408270835876465	-1	1256
22.40828251838684	-1	910
22.408286809921265	-1	1256
22.408288717269897	-1	1256
22.408289909362793	-1	291
22.408292055130005	-1	1256
22.40829300880432	-1	928
22.408294677734375	-1	1256
22.40829610824585	-1	910
22.408297777175903	-1	1256
22.408299207687378	-1	910
22.40830159187317	-1	1256
22.4083034992218	-1	1256
22.408304452896118	-1	176
22.408313989639282	-1	1256
22.408331394195557	-1	1256
22.40867567062378	-1	611
22.411029815673828	-1	556
22.41104555130005	-1	1256
22.41104793548584	-1	910
22.41105079650879	-1	1256
22.411051988601685	-1	548
22.41105341911316	-1	1256
22.411054372787476	-1	910
22.41105604171753	-1	1256
22.411056995391846	-1	928
22.41105842590332	-1	1256
22.411059617996216	-1	910
22.41106152534485	-1	1256
22.411062955856323	-1	910
22.411065101623535	-1	1256
22.41106677055359	-1	910
22.42158007621765	-1	1516
22.44965410232544	-1	1256
22.44966721534729	-1	1256
22.44966959953308	-1	1256
22.449671030044556	-1	1256
22.44967222213745	-1	1256
22.449673891067505	-1	1256
22.44967484474182	-1	1256
22.449676036834717	-1	1256
22.44967746734619	-1	1256
22.449678421020508	-1	1054
22.471745014190674	-1	1248
22.490840196609497	-1	1256
22.490846395492554	-1	910
22.490849494934082	-1	1256
22.490850925445557	-1	910
22.514639616012573	-1	1256
22.514652729034424	-1	910
22.514671325683594	-1	1256
22.514672994613647	-1	910
22.51467537879944	-1	1256
22.514676332473755	-1	910
22.514678478240967	-1	1256
22.514679431915283	-1	186
22.514681339263916	-1	1256
22.51468276977539	-1	910
22.51587200164795	-1	611
22.532776832580566	-1	1256
22.53278946876526	-1	910
22.533221006393433	-1	1256
22.533225297927856	-1	910
22.533305644989014	-1	1516
22.56087017059326	-1	1256
22.560893535614014	-1	910
22.56090259552002	-1	232
22.560905933380127	-1	1256
22.560909748077393	-1	910
22.56209707260132	-1	1256
22.562129497528076	-1	1018
22.562132835388184	-1	1256
22.56213402748108	-1	910
22.562137365341187	-1	1256
22.562140703201294	-1	910
22.5811710357666	-1	1256
22.58118176460266	-1	910
22.5862455368042	-1	1256
22.586257696151733	-1	910
22.58626103401184	-1	1256
22.586262464523315	-1	910
22.586264848709106	-1	1256
22.58626627922058	-1	910
22.60997438430786	-1	1256
22.609984397888184	-1	910
22.60999059677124	-1	1256
22.61051607131958	-1	910
22.610519886016846	-1	1256
22.610520839691162	-1	910
22.611624240875244	-1	1256
22.611635446548462	-1	464
22.611639499664307	-1	1256
22.61182403564453	-1	910
22.629046201705933	-1	1256
22.676308155059814	-1	623
22.677047729492188	-1	910
22.683780908584595	-1	414
22.683793306350708	-1	1256
22.68380904197693	-1	1256
22.684029579162598	-1	1256
22.685158729553223	-1	1516
22.685166597366333	-1	705
22.68914246559143	-1	1256
22.68915343284607	-1	1256
22.689157009124756	-1	1256
22.689534902572632	-1	1256
22.689539670944214	-1	832
22.744495630264282	-1	1256
22.74451184272766	-1	910
22.745118141174316	-1	1256
22.7451274394989	-1	928
22.74514102935791	-1	1256
22.74531102180481	-1	910
22.746323108673096	-1	1256
22.7463276386261	-1	910
22.751235723495483	-1	522
22.767492055892944	-1	1256
22.767515182495117	-1	910
22.767520427703857	-1	1256
22.76752281188965	-1	910
22.767643451690674	-1	611
22.806690454483032	-1	1256
22.806703805923462	-1	548
22.82694125175476	-1	1256
22.82695436477661	-1	910
22.826974391937256	-1	1256
22.82697629928589	-1	910
22.826979160308838	-1	1256
22.826982021331787	-1	1146
22.82698392868042	-1	1256
22.826985597610474	-1	910
22.8441264629364	-1	347
22.92550563812256	-1	1256
22.92551875114441	-1	312
23.050776958465576	-1	1235
23.05101752281189	-1	611
23.06145477294922	-1	1516
23.084101915359497	-1	191
23.192559719085693	-1	1256
23.192573308944702	-1	910
23.19294238090515	-1	1256
23.19294548034668	-1	928
23.19314479827881	-1	611
23.19894313812256	-1	286
23.211368560791016	-1	1256
23.211385011672974	-1	910
23.212239265441895	-1	1256
23.212260961532593	-1	910
23.2122642993927	-1	1256
23.212265729904175	-1	946
23.23036551475525	-1	1256
23.23037624359131	-1	910
23.232782125473022	-1	1256
23.23278570175171	-1	1256
23.23279118537903	-1	158
23.250370979309082	-1	1256
23.25038504600525	-1	1256
23.250386714935303	-1	556
23.250388860702515	-1	1256
23.25038981437683	-1	910
23.254305839538574	-1	1256
23.25431227684021	-1	1146
23.254390716552734	-1	611
23.25943398475647	-1	1256
23.259440660476685	-1	928
23.26857042312622	-1	1256
23.26857614517212	-1	530
23.270081996917725	-1	1256
23.27009129524231	-1	910
23.28795027732849	-1	1256
23.287966012954712	-1	1256
23.2879855632782	-1	556
23.297545671463013	-1	1516
23.319910764694214	-1	286
23.319931268692017	-1	1289
23.356645584106445	-1	376
23.35666584968567	-1	623
23.94262456893921	-1	1256
24.032862424850464	-1	1256
24.033252716064453	-1	611
24.045461654663086	-1	1516
24.045477628707886	-1	1516
24.075491428375244	-1	1371
24.085969924926758	-1	1256
24.08598256111145	-1	910
24.086454391479492	-1	1256
24.086459159851074	-1	477
24.11147117614746	-1	203
24.111493587493896	-1	611
24.111505270004272	-1	1256
24.11150813102722	-1	1256
24.111509561538696	-1	421
24.22955894470215	-1	611
24.343404054641724	-1	831
24.35901141166687	-1	611
25.172142505645752	-1	1256
25.17215347290039	-1	910
25.172157526016235	-1	1256
25.17215871810913	-1	928
25.1721613407135	-1	1256
25.172162294387817	-1	910
25.172168970108032	-1	1256
25.172342777252197	-1	611
25.202139854431152	-1	1256
25.202152729034424	-1	1256
25.202171564102173	-1	1256
25.202173471450806	-1	1256
25.20217514038086	-1	1256
25.202176332473755	-1	1256
25.202178478240967	-1	1256
25.20218777656555	-1	329
25.20219397544861	-1	611
25.21625328063965	-1	1256
25.21626353263855	-1	1256
25.216278076171875	-1	1256
25.21628165245056	-1	1256
25.216283321380615	-1	1256
25.21628499031067	-1	1256
25.216286659240723	-1	1256
25.216293811798096	-1	1256
25.225727558135986	-1	1256
25.225741386413574	-1	1256
25.225759506225586	-1	1256
25.225761651992798	-1	1256
25.22576332092285	-1	1256
25.225764989852905	-1	1256
25.22576642036438	-1	1256
25.225768089294434	-1	1256
25.225775480270386	-1	1256
25.225914001464844	-1	1125
25.2486252784729	-1	1256
25.248637199401855	-1	1256
25.248655557632446	-1	1256
25.2486572265625	-1	1256
25.24865961074829	-1	1256
25.248660802841187	-1	1256
25.24866271018982	-1	1256
25.248664617538452	-1	1256
25.248666048049927	-1	1256
25.248667240142822	-1	1256
25.248674154281616	-1	329
25.26610541343689	-1	1256
25.266116619110107	-1	1256
25.266133785247803	-1	1256
25.266135454177856	-1	754
25.79218578338623	-1	1256
25.79220175743103	-1	910
25.792224168777466	-1	1256
25.7927565574646	-1	910
25.792774200439453	-1	1256
25.792776823043823	-1	912
25.79288101196289	-1	611
25.799745798110962	-1	236
25.804897785186768	-1	1516
25.804913997650146	-1	1516
25.80741548538208	-1	285
25.823421478271484	-1	611
25.928637266159058	-1	611
25.929713487625122	-1	1125
26.40305757522583	-1	1256
26.403069972991943	-1	910
26.40307354927063	-1	1256
26.403074979782104	-1	477
26.403076648712158	-1	1256
26.403077840805054	-1	910
26.40307927131653	-1	1256
26.403080224990845	-1	928
26.403082132339478	-1	1256
26.403083086013794	-1	910
26.403084993362427	-1	1256
26.4030864238739	-1	1256
26.403087377548218	-1	176
26.40308904647827	-1	1256
26.403090000152588	-1	910
26.404959678649902	-1	611
26.413288354873657	-1	1516
26.41330051422119	-1	1516
26.424333095550537	-1	902
26.42822289466858	-1	1342
26.491769075393677	-1	1064
26.49368381500244	-1	611
26.506445169448853	-1	611
26.677000045776367	-1	611
26.787739038467407	-1	1125
26.789023637771606	-1	1125
26.801863431930542	-1	1125
26.84628391265869	-1	1256
26.846295833587646	-1	312
26.847365379333496	-1	1125
26.857231616973877	-1	1125
27.326164484024048	-1	611
27.33014464378357	-1	750
27.330159664154053	-1	1256
27.330162048339844	-1	910
27.33016562461853	-1	1256
27.330166816711426	-1	928
27.330168962478638	-1	1256
27.330170154571533	-1	1128
27.330172061920166	-1	1256
27.3301739692688	-1	1256
27.330175161361694	-1	556
27.330177068710327	-1	1256
27.330178260803223	-1	910
27.330180168151855	-1	1256
27.330181121826172	-1	910
27.33019208908081	-1	1256
27.33777165412903	-1	1516
27.34422755241394	-1	653
27.344243049621582	-1	705
27.353514432907104	-1	1256
27.353530645370483	-1	1256
27.35353374481201	-1	1256
27.353536128997803	-1	1256
27.353537797927856	-1	1256
27.35353970527649	-1	1256
27.35354208946228	-1	1256
27.353543519973755	-1	1256
27.353545665740967	-1	1256
27.35354709625244	-1	1256
27.35355567932129	-1	1256
27.380213975906372	-1	1256
27.3802330493927	-1	1166
27.390630960464478	-1	1256
27.390661001205444	-1	1256
27.39066767692566	-1	1256
27.390674352645874	-1	1256
27.398002862930298	-1	1256
27.39801025390625	-1	1256
27.398011445999146	-1	1256
27.39801287651062	-1	1256
27.398013591766357	-1	1035
27.398015022277832	-1	1256
27.398016452789307	-1	1256
27.398024082183838	-1	1256
27.405765771865845	-1	582
27.456729888916016	-1	1256
27.472135543823242	-1	1256
27.481212615966797	-1	1256
27.481224536895752	-1	1256
27.481238842010498	-1	1256
27.48124408721924	-1	1256
27.481356859207153	-1	611
27.492313146591187	-1	1256
27.492324352264404	-1	1256
27.492339611053467	-1	1256
27.49234104156494	-1	1256
27.49234914779663	-1	1256
27.492350578308105	-1	1256
27.492351770401	-1	1256
27.49235773086548	-1	1256
27.50397276878357	-1	1256
27.503987312316895	-1	1256
27.504005908966064	-1	1256
27.504008293151855	-1	1256
27.50400972366333	-1	1256
27.504011392593384	-1	1256
27.50401258468628	-1	1256
27.50401473045349	-1	1256
27.504015922546387	-1	1256
27.50402331352234	-1	1256
27.504130840301514	-1	611
27.504490613937378	-1	1256
27.504496574401855	-1	1256
27.51441240310669	-1	1516
27.5460524559021	-1	1516
27.551630973815918	-1	1256
27.551645755767822	-1	355
27.551653623580933	-1	902
27.558369159698486	-1	623
27.569972276687622	-1	1516
27.5874662399292	-1	1243
27.613236904144287	-1	1256
27.648678302764893	-1	1256
27.658255100250244	-1	1256
27.682151079177856	-1	1256
27.688782215118408	-1	1256
27.6899254322052	-1	623
27.695117473602295	-1	1256
27.70129418373108	-1	1137
27.703540563583374	-1	1256
27.730633020401	-1	1256
27.731938362121582	-1	623
27.743553400039673	-1	1256
27.797845602035522	-1	1137
27.797860860824585	-1	1256
27.833061933517456	-1	815
27.834272861480713	-1	611
27.84571623802185	-1	611
28.256154537200928	-1	611
28.257201671600342	-1	1125
28.295376777648926	-1	611
28.300167560577393	-1	611
28.31316566467285	-1	1256
28.31318688392639	-1	910
28.31362009048462	-1	1256
28.313629150390625	-1	928
28.314089059829712	-1	611
28.323402166366577	-1	1256
28.323434591293335	-1	1256
28.323442459106445	-1	555
28.323540449142456	-1	611
28.327481746673584	-1	1256
28.327498197555542	-1	910
28.327505350112915	-1	1256
28.32750964164734	-1	910
28.331560611724854	-1	1256
28.33158802986145	-1	910
28.337428331375122	-1	1256
28.337469339370728	-1	964
28.338924646377563	-1	611
28.36655330657959	-1	611
28.368578910827637	-1	1256
28.368587255477905	-1	910
28.369412660598755	-1	1256
28.3694167137146	-1	910
28.36941909790039	-1	1256
28.369420289993286	-1	910
28.375054836273193	-1	1256
28.37506628036499	-1	910
28.375081539154053	-1	1256
28.375083208084106	-1	1256
28.375084161758423	-1	612
28.375088214874268	-1	1256
28.375094652175903	-1	892
28.375205278396606	-1	611
28.41144299507141	-1	1256
28.411463737487793	-1	910
28.41146945953369	-1	1256
28.4114727973938	-1	548
28.41147541999817	-1	1256
28.411476135253906	-1	910
28.41148352622986	-1	1256
28.41191577911377	-1	910
28.41192603111267	-1	1256
28.411927461624146	-1	910
28.433699131011963	-1	1256
28.433709144592285	-1	910
28.466575622558594	-1	1256
28.47762107849121	-1	1164
28.477733850479126	-1	611
28.5033118724823	-1	1256
28.503323316574097	-1	1256
28.503340244293213	-1	1256
28.503588676452637	-1	1256
28.514076948165894	-1	1256
28.51409125328064	-1	1256
28.514097452163696	-1	1256
28.514705419540405	-1	1256
28.514710187911987	-1	1256
28.514718294143677	-1	1256
28.515155792236328	-1	1256
28.515166997909546	-1	1256
28.520580053329468	-1	1256
28.520594120025635	-1	1256
28.520597457885742	-1	1256
28.52067995071411	-1	611
28.52122402191162	-1	1256
28.521230697631836	-1	1256
28.52124047279358	-1	1256
28.521485328674316	-1	1256
28.56060481071472	-1	1256
28.560627937316895	-1	1256
28.560636043548584	-1	1256
28.56107258796692	-1	1256
28.5610830783844	-1	1256
28.5617196559906	-1	1256
28.561726093292236	-1	1256
28.561728954315186	-1	1256
28.561975479125977	-1	1256
28.584322929382324	-1	1256
28.584328651428223	-1	1256
28.637880325317383	-1	1256
28.665362119674683	-1	1256
28.66558861732483	-1	611
28.677542686462402	-1	1516
28.72459864616394	-1	1256
28.724610805511475	-1	1256
28.724613428115845	-1	1256
28.7246150970459	-1	1256
28.724626064300537	-1	705
28.730031490325928	-1	1256
28.73004961013794	-1	611
28.73005962371826	-1	1256
28.730062007904053	-1	1256
28.730063438415527	-1	1256
28.730064630508423	-1	1256
28.730068683624268	-1	1256
28.734925508499146	-1	1516
28.734938144683838	-1	1516
28.740957021713257	-1	1256
28.740983486175537	-1	1256
28.740986824035645	-1	1256
28.7409884929657	-1	1256
28.74099040031433	-1	1256
28.740991830825806	-1	1256
28.74099373817444	-1	1256
28.740995168685913	-1	1256
28.74100160598755	-1	1256
28.741034507751465	-1	799
28.786760807037354	-1	1256
28.786773443222046	-1	1256
28.7867910861969	-1	1256
28.786792755126953	-1	1256
28.786794662475586	-1	1256
28.786795616149902	-1	1256
28.786797046661377	-1	1256
28.786798238754272	-1	1256
28.786799430847168	-1	1256
28.786800384521484	-1	1256
28.786811351776123	-1	611
28.80801272392273	-1	1256
28.808024644851685	-1	1256
28.808037996292114	-1	1256
28.808042764663696	-1	1256
28.81425952911377	-1	1256
28.814279794692993	-1	1256
28.814300537109375	-1	1256
28.814303159713745	-1	1256
28.8143048286438	-1	1256
28.81430673599243	-1	1256
28.8143150806427	-1	1256
28.814457893371582	-1	611
28.82877492904663	-1	1256
28.82879328727722	-1	1256
28.828814029693604	-1	1256
28.828816413879395	-1	1256
28.828818559646606	-1	1256
28.82882070541382	-1	1256
28.828821659088135	-1	1233
28.828981637954712	-1	611
28.831586599349976	-1	1256
28.831602811813354	-1	910
28.831621885299683	-1	1256
28.831624031066895	-1	910
28.85647201538086	-1	1256
28.856488704681396	-1	910
28.856513738632202	-1	1256
28.85696840286255	-1	910
28.856983423233032	-1	1256
28.856985807418823	-1	910
28.857524871826172	-1	1256
28.85753345489502	-1	910
28.85754895210266	-1	1256
28.857629776000977	-1	611
28.858031034469604	-1	910
28.858039379119873	-1	1256
28.858049392700195	-1	910
28.88040781021118	-1	611
28.88042640686035	-1	1256
28.88043522834778	-1	910
28.880919694900513	-1	1256
28.880934238433838	-1	910
28.88093900680542	-1	1256
28.881328344345093	-1	910
28.88133430480957	-1	1256
28.888174533843994	-1	623
28.90330457687378	-1	1256
28.903319120407104	-1	910
28.90416193008423	-1	1256
28.904173612594604	-1	1256
28.904176235198975	-1	556
28.90436816215515	-1	1256
28.905622959136963	-1	110
28.90564203262329	-1	623
28.924808263778687	-1	623
28.937333583831787	-1	1256
28.93742799758911	-1	1516
28.937437534332275	-1	1516
28.981523036956787	-1	910
28.981550216674805	-1	414
28.98155665397644	-1	881
28.98916459083557	-1	1256
28.989190816879272	-1	1256
28.989207983016968	-1	1256
28.98939299583435	-1	1256
28.993743419647217	-1	611
29.000329732894897	-1	1256
29.000338077545166	-1	1256
29.000340223312378	-1	590
29.47182059288025	-1	1256
29.47183585166931	-1	512
29.471845626831055	-1	1256
29.472360849380493	-1	910
29.472368001937866	-1	1256
29.472378492355347	-1	1256
29.47247838973999	-1	611
29.47283101081848	-1	556
29.472838163375854	-1	1256
29.472846746444702	-1	928
29.473355531692505	-1	1256
29.473367929458618	-1	1256
29.473370790481567	-1	637
29.473583936691284	-1	1256
29.505311965942383	-1	1151
29.602587699890137	-1	611
29.60367465019226	-1	1125
30.085835933685303	-1	1256
30.085851669311523	-1	312
30.08698320388794	-1	1125
30.143497943878174	-1	1256
30.143524885177612	-1	312
30.144704341888428	-1	1125
30.157487154006958	-1	1516
30.157500505447388	-1	705
30.21312403678894	-1	705
30.441121101379395	-1	1516
30.92112445831299	-1	1516
31.84515118598938	-1	1516
31.85776162147522	-1	375
31.85777497291565	-1	1256
31.8577778339386	-1	910
31.85778021812439	-1	1256
31.857784032821655	-1	1256
31.85778570175171	-1	207
31.85778832435608	-1	1256
31.857789993286133	-1	312
31.857792615890503	-1	1256
31.857794523239136	-1	910
31.89392852783203	-1	915
31.89397096633911	-1	1154
31.898122787475586	-1	1516
31.901971340179443	-1	705
31.92942190170288	-1	1516
31.939475297927856	-1	1516
31.941736459732056	-1	437
32.333061933517456	-1	611
32.489508390426636	-1	611
32.49063277244568	-1	1125
32.966249227523804	-1	611
32.97612500190735	-1	1256
32.976139307022095	-1	312
32.97616481781006	-1	1256
32.97616696357727	-1	312
32.97617173194885	-1	1256
32.97617292404175	-1	312
32.97778654098511	-1	1516
32.98937964439392	-1	1516
32.989407539367676	-1	1516
33.04390215873718	-1	999
33.04392623901367	-1	408
33.05750012397766	-1	611
33.057523012161255	-1	611
33.06322407722473	-1	1125
33.09503889083862	-1	1256
33.095050573349	-1	910
33.24001908302307	-1	884
33.240055084228516	-1	1256
33.24006748199463	-1	910
33.2426233291626	-1	611
33.26002478599548	-1	1256
33.26005005836487	-1	928
33.26006317138672	-1	1256
33.26006555557251	-1	278
33.27336382865906	-1	1516
33.294065952301025	-1	763
33.31698298454285	-1	611
33.444608211517334	-1	1256
33.444620847702026	-1	312
33.46499562263489	-1	1256
33.465009450912476	-1	910
33.46537780761719	-1	1256
33.46538472175598	-1	928
33.48440480232239	-1	286
33.48442220687866	-1	1256
33.484442949295044	-1	312
33.48444747924805	-1	1256
33.48444938659668	-1	910
33.484453439712524	-1	1256
33.48445534706116	-1	928
33.48608326911926	-1	611
33.49718117713928	-1	1516
33.498295545578	-1	191
33.50190019607544	-1	1256
33.50190830230713	-1	530
33.50473928451538	-1	1256
33.50474762916565	-1	910
33.52203369140625	-1	1256
33.52204775810242	-1	910
33.522050619125366	-1	1256
33.52205204963684	-1	1146
33.52584767341614	-1	1256
33.52585744857788	-1	928
33.53368091583252	-1	286
33.53369903564453	-1	611
33.54118537902832	-1	1256
33.54119348526001	-1	910
33.560463428497314	-1	902
33.560484647750854	-1	1125
33.71311807632446	-1	1256
33.71313524246216	-1	910
33.71331286430359	-1	611
33.7134222984314	-1	1256
33.713428258895874	-1	910
33.73186802864075	-1	1256
33.7318754196167	-1	910
33.73196077346802	-1	611
33.73441743850708	-1	1256
33.7344229221344	-1	910
33.734431743621826	-1	1256
33.734434366226196	-1	910
33.756890296936035	-1	1256
33.75690293312073	-1	186
33.75692009925842	-1	1256
33.7569215297699	-1	910
33.75722622871399	-1	1256
33.75723171234131	-1	910
33.77331614494324	-1	1256
33.77332830429077	-1	910
33.77334547042847	-1	1256
33.77334690093994	-1	910
33.77718377113342	-1	1256
33.7771897315979	-1	784
33.79155611991882	-1	1256
33.7915678024292	-1	910
33.79621410369873	-1	1256
33.79622530937195	-1	910
33.796245098114014	-1	1256
33.79624700546265	-1	1146
33.80787539482117	-1	1256
33.80788445472717	-1	910
33.8167724609375	-1	1256
33.8167827129364	-1	1146
33.82611703872681	-1	1256
33.82612919807434	-1	1146
33.826256275177	-1	611
33.82759094238281	-1	1256
33.82759666442871	-1	910
33.83408761024475	-1	1256
33.834102630615234	-1	910
33.84607481956482	-1	1256
33.846099853515625	-1	910
33.84610414505005	-1	1256
33.84610605239868	-1	380
33.848259925842285	-1	611
33.85379934310913	-1	1256
33.85381293296814	-1	312
33.86484909057617	-1	1256
33.86486220359802	-1	910
33.87775444984436	-1	1516
33.90779948234558	-1	902
33.90781927108765	-1	763
33.969799280166626	-1	1256
33.96981239318848	-1	312
33.98756003379822	-1	611
34.05064868927002	-1	1256
34.050668716430664	-1	1256
34.05093812942505	-1	312
34.050944566726685	-1	1256
34.05095458030701	-1	312
34.05100655555725	-1	611
34.061317443847656	-1	1516
34.0613329410553	-1	191
34.38711953163147	-1	889
34.38713717460632	-1	1256
34.38714098930359	-1	910
34.3883273601532	-1	1125
34.613126277923584	-1	611
34.841124057769775	-1	1125
35.30112314224243	-1	1125
35.30834984779358	-1	1256
35.31303095817566	-1	902
35.31304407119751	-1	611
35.3762412071228	-1	611
36.02751922607422	-1	1516
36.02982831001282	-1	191
36.08512258529663	-1	191
36.54603624343872	-1	1256
36.54606556892395	-1	312
36.54607343673706	-1	1256
36.54640436172485	-1	611
36.547215938568115	-1	758
36.5472469329834	-1	1256
36.54725241661072	-1	910
36.547420024871826	-1	1256
36.55691885948181	-1	1256
36.55695056915283	-1	1256
36.55696082115173	-1	1256
36.558348655700684	-1	1256
36.55837631225586	-1	1256
36.55838418006897	-1	430
36.55885195732117	-1	611
36.561919927597046	-1	1256
36.56195259094238	-1	1256
36.56195688247681	-1	1256
36.56196069717407	-1	1256
36.57012891769409	-1	1516
36.57155966758728	-1	1256
36.57157588005066	-1	1256
36.571584939956665	-1	1256
36.60095763206482	-1	1256
36.600969552993774	-1	1256
36.60099005699158	-1	1256
36.600994348526	-1	276
36.6010057926178	-1	1516
36.60840129852295	-1	257
36.608429193496704	-1	1516
36.67064905166626	-1	611
36.70736265182495	-1	1516
36.71282649040222	-1	1256
36.71284461021423	-1	1516
36.712857484817505	-1	186
36.76617169380188	-1	1516
36.775421380996704	-1	1516
36.7754282951355	-1	1516
36.783918380737305	-1	994
36.80208897590637	-1	1516
36.8090443611145	-1	1516
36.82667565345764	-1	1516
36.844597816467285	-1	1516
36.8446090221405	-1	1516
36.85040092468262	-1	1516
36.8504056930542	-1	1516
36.859392404556274	-1	1516
36.85939955711365	-1	1516
36.91489219665527	-1	1516
36.91490149497986	-1	125
36.97515535354614	-1	1516
36.977567195892334	-1	220
36.99014949798584	-1	1125
36.99099135398865	-1	611
37.16008925437927	-1	1256
37.16011691093445	-1	910
37.16565728187561	-1	902
37.171669244766235	-1	1256
37.17168045043945	-1	312
37.252713203430176	-1	1028
37.25307846069336	-1	611
37.2631311416626	-1	1516
37.263142824172974	-1	191
37.27703785896301	-1	1256
37.27705430984497	-1	910
37.28449320793152	-1	902
37.2862184047699	-1	1256
37.28622817993164	-1	910
37.2993745803833	-1	1256
37.29938006401062	-1	928
37.3035831451416	-1	1256
37.30359148979187	-1	910
37.30631637573242	-1	1256
37.306320667266846	-1	910
37.31467819213867	-1	1256
37.31468749046326	-1	910
37.318798542022705	-1	1256
37.318804025650024	-1	982
37.33099126815796	-1	1256
37.33100199699402	-1	910
37.33101725578308	-1	1256
37.331018686294556	-1	910
37.3311333656311	-1	611
37.33698272705078	-1	1256
37.336992502212524	-1	910
37.34841966629028	-1	1256
37.34842777252197	-1	1166
37.34920787811279	-1	1256
37.34921097755432	-1	1146
37.34921741485596	-1	1256
37.34921836853027	-1	910
37.35580277442932	-1	1256
37.35831141471863	-1	928
37.35832858085632	-1	611
37.36652135848999	-1	1256
37.366525650024414	-1	910
37.36652755737305	-1	1256
37.36652898788452	-1	910
37.36881613731384	-1	1256
37.36882948875427	-1	766
37.41474628448486	-1	1256
37.414756298065186	-1	910
37.415438175201416	-1	1256
37.41544246673584	-1	910
37.41545128822327	-1	1256
37.41545271873474	-1	548
37.46812105178833	-1	1256
37.468132972717285	-1	910
37.48899555206299	-1	902
37.50850296020508	-1	1256
37.50852012634277	-1	910
37.53494596481323	-1	1256
37.5349760055542	-1	1256
37.53498029708862	-1	556
37.53512954711914	-1	611
37.53548860549927	-1	1256
37.53549313545227	-1	910
37.535502433776855	-1	1256
37.53564429283142	-1	548
37.553972244262695	-1	1256
37.55398082733154	-1	910
37.55453443527222	-1	1256
37.5545392036438	-1	910
37.554550886154175	-1	1256
37.56034779548645	-1	910
37.560362100601196	-1	1256
37.560364723205566	-1	964
37.56605887413025	-1	1256
37.56606864929199	-1	910
37.57544422149658	-1	1256
37.57545256614685	-1	910
37.576007604599	-1	1256
37.57601308822632	-1	910
37.57602500915527	-1	1256
37.57651138305664	-1	910
37.57652401924133	-1	1256
37.57652688026428	-1	910
37.57661032676697	-1	611
37.58618474006653	-1	1256
37.58619546890259	-1	910
37.59340572357178	-1	1256
37.59341025352478	-1	910
37.59354543685913	-1	611
37.59600758552551	-1	1256
37.596015214920044	-1	910
37.59602665901184	-1	1256
37.59642696380615	-1	242
37.59643578529358	-1	1256
37.59643769264221	-1	910
37.60352158546448	-1	1256
37.603527307510376	-1	910
37.60353112220764	-1	1256
37.60371375083923	-1	910
37.613895416259766	-1	1256
37.613911628723145	-1	910
37.614375591278076	-1	1256
37.614386558532715	-1	1256
37.61438870429993	-1	194
37.61823773384094	-1	1256
37.61824321746826	-1	1256
37.618244886398315	-1	556
37.62697982788086	-1	1256
37.6269907951355	-1	910
37.62700700759888	-1	1256
37.62700843811035	-1	548
37.630995750427246	-1	1256
37.63100624084473	-1	910
37.6323037147522	-1	1256
37.63231062889099	-1	928
37.63232159614563	-1	1256
37.63232350349426	-1	910
37.67043328285217	-1	1256
37.6704466342926	-1	910
37.67045998573303	-1	1256
37.67046117782593	-1	910
37.67046308517456	-1	1256
37.67046523094177	-1	982
37.67046666145325	-1	1256
37.67046785354614	-1	910
37.67046928405762	-1	1256
37.670470237731934	-1	910
37.670472145080566	-1	1256
37.67047309875488	-1	910
37.67047476768494	-1	1256
37.67047595977783	-1	910
37.67058205604553	-1	611
37.67217397689819	-1	1256
37.672183990478516	-1	910
37.672199010849	-1	1256
37.676379680633545	-1	1256
37.67640233039856	-1	1256
37.67640447616577	-1	1056
37.680665254592896	-1	611
37.686004877090454	-1	1256
37.68601441383362	-1	910
37.692281007766724	-1	1138
37.7227828502655	-1	1256
37.722806453704834	-1	910
37.76560831069946	-1	1256
37.765618324279785	-1	1256
37.765620946884155	-1	556
37.76562285423279	-1	1256
37.76562428474426	-1	910
37.765756607055664	-1	611
37.770649433135986	-1	304
37.79660749435425	-1	1256
37.79664659500122	-1	910
37.797563552856445	-1	1256
37.797568798065186	-1	928
37.79757213592529	-1	1256
37.79757356643677	-1	530
37.79757571220398	-1	1256
37.797576904296875	-1	910
37.81573462486267	-1	1256
37.815741539001465	-1	910
37.81839370727539	-1	1256
37.8183970451355	-1	946
37.818403482437134	-1	1256
37.81840467453003	-1	910
37.819124698638916	-1	1256
37.81913161277771	-1	1256
37.8191397190094	-1	158
37.81914210319519	-1	1256
37.819143295288086	-1	910
37.8278374671936	-1	304
37.833176612854004	-1	1256
37.83318519592285	-1	910
37.83331513404846	-1	611
37.8572793006897	-1	1256
37.85729193687439	-1	910
37.85799765586853	-1	1256
37.85800218582153	-1	1146
37.858012199401855	-1	1256
37.85801339149475	-1	910
37.86021971702576	-1	1256
37.8602237701416	-1	910
37.860230922698975	-1	1256
37.86023235321045	-1	964
37.860233783721924	-1	1256
37.86023449897766	-1	910
37.860236167907715	-1	1256
37.86023759841919	-1	910
37.87503504753113	-1	1256
37.875043869018555	-1	910
37.875056982040405	-1	1256
37.8752167224884	-1	910
37.87700295448303	-1	1256
37.87700819969177	-1	910
37.87712216377258	-1	611
37.89853382110596	-1	1256
37.89854645729065	-1	910
37.898568868637085	-1	1256
37.89902424812317	-1	910
37.89903688430786	-1	1256
37.89904165267944	-1	1256
37.89942002296448	-1	250
37.899426221847534	-1	1256
37.89942812919617	-1	910
37.89952635765076	-1	611
37.921201944351196	-1	1256
37.92122292518616	-1	910
37.921695947647095	-1	1256
37.921700954437256	-1	1256
37.92171049118042	-1	792
37.92271566390991	-1	1256
37.922725200653076	-1	910
37.92273187637329	-1	1256
37.92290163040161	-1	910
37.9430890083313	-1	1256
37.943113565444946	-1	1256
37.943116426467896	-1	792
37.94355869293213	-1	1256
37.943564891815186	-1	1256
37.94357252120972	-1	556
37.94390058517456	-1	1256
37.94391226768494	-1	910
37.96180176734924	-1	1256
37.96182703971863	-1	946
37.96297287940979	-1	1256
37.96298170089722	-1	910
37.963794469833374	-1	1256
37.964051246643066	-1	1256
37.964313983917236	-1	611
37.97011876106262	-1	158
37.9701292514801	-1	1256
37.970141649246216	-1	910
37.98156499862671	-1	1256
37.98158288002014	-1	910
37.982006549835205	-1	1256
37.982016801834106	-1	1256
37.98201870918274	-1	194
37.98543334007263	-1	1256
37.98544120788574	-1	910
37.98545742034912	-1	1256
37.98560857772827	-1	928
38.00187635421753	-1	1256
38.00189256668091	-1	530
38.00189661979675	-1	1256
38.00189805030823	-1	312
38.00234270095825	-1	1256
38.00234937667847	-1	312
38.002362966537476	-1	1256
38.00236463546753	-1	312
38.02559232711792	-1	1256
38.02560567855835	-1	910
38.02593803405762	-1	1256
38.025943994522095	-1	928
38.02606701850891	-1	611
38.0366952419281	-1	286
38.050896406173706	-1	1256
38.05091834068298	-1	910
38.05092167854309	-1	1256
38.05092263221741	-1	910
38.05092430114746	-1	1256
38.050925493240356	-1	946
38.05103063583374	-1	611
38.06181573867798	-1	1102
38.09344696998596	-1	1256
38.093477725982666	-1	910
38.093483686447144	-1	1256
38.093485593795776	-1	910
38.093488454818726	-1	1256
38.09349012374878	-1	1146
38.09349274635315	-1	1256
38.09349465370178	-1	928
38.11420178413391	-1	1256
38.11421465873718	-1	530
38.11423397064209	-1	1256
38.1142361164093	-1	910
38.1148042678833	-1	1256
38.1148099899292	-1	910
38.11481308937073	-1	1256
38.1148145198822	-1	946
38.11570477485657	-1	1256
38.11570882797241	-1	910
38.130462884902954	-1	1256
38.130473136901855	-1	910
38.13447427749634	-1	1256
38.13447976112366	-1	910
38.13448882102966	-1	1256
38.13449025154114	-1	910
38.13449263572693	-1	1256
38.13449454307556	-1	910
38.13465976715088	-1	611
38.145304918289185	-1	1125
38.14938139915466	-1	1256
38.14939260482788	-1	910
38.149396657943726	-1	1256
38.14939832687378	-1	910
38.361122846603394	-1	1125
38.57712531089783	-1	1125
39.01312232017517	-1	1125
39.01953601837158	-1	212
39.01955533027649	-1	1125
39.01956796646118	-1	1256
39.02579712867737	-1	1516
39.0273494720459	-1	705
39.91716289520264	-1	1256
39.917186975479126	-1	910
39.917192459106445	-1	1256
39.91719603538513	-1	910
39.917197704315186	-1	1256
39.917198181152344	-1	910
39.91728687286377	-1	611
39.92949628829956	-1	1256
39.92951822280884	-1	910
40.11350417137146	-1	1256
40.113531827926636	-1	910
40.12739372253418	-1	611
40.13191366195679	-1	1256
40.1319465637207	-1	910
40.14688301086426	-1	1516
40.15165090560913	-1	1256
40.15166711807251	-1	910
40.15276479721069	-1	220
40.152777910232544	-1	1256
40.15278482437134	-1	910
40.1534538269043	-1	1256
40.153462171554565	-1	910
40.15346598625183	-1	1256
40.15347766876221	-1	910
40.17210793495178	-1	1256
40.17211699485779	-1	1256
40.17213296890259	-1	470
40.17249321937561	-1	1256
40.172507762908936	-1	910
40.183082580566406	-1	1516
40.18309831619263	-1	1516
40.19467520713806	-1	1256
40.19468855857849	-1	972
40.19469594955444	-1	1256
40.19469857215881	-1	1256
40.194700956344604	-1	1256
40.194703578948975	-1	792
40.19524812698364	-1	1516
40.205199003219604	-1	951
40.26592016220093	-1	1256
40.26593565940857	-1	910
40.26707649230957	-1	1256
40.26708364486694	-1	1256
40.267086029052734	-1	140
40.267088413238525	-1	1256
40.26709032058716	-1	910
40.26709318161011	-1	1256
40.26709461212158	-1	946
40.267271995544434	-1	611
40.29099988937378	-1	1256
40.291024923324585	-1	1256
40.2910315990448	-1	158
40.294259786605835	-1	1256
40.2942636013031	-1	910
40.310585260391235	-1	1256
40.31059718132019	-1	548
40.31236982345581	-1	1256
40.312392711639404	-1	312
40.3123984336853	-1	1256
40.31239938735962	-1	312
40.32551026344299	-1	1256
40.32576060295105	-1	910
40.34856414794922	-1	1256
40.35836386680603	-1	910
40.399511098861694	-1	1256
40.39952325820923	-1	1256
40.39953827857971	-1	1256
40.3995418548584	-1	1256
40.42090702056885	-1	1256
40.420918464660645	-1	1256
40.42093300819397	-1	1256
40.420934438705444	-1	1256
40.4209361076355	-1	1256
40.420937299728394	-1	1256
40.42093825340271	-1	1256
40.420942068099976	-1	1256
40.42115664482117	-1	1125
40.43453049659729	-1	1256
40.43639826774597	-1	1256
40.436418771743774	-1	1256
40.436421632766724	-1	1256
40.436423778533936	-1	1256
40.43642592430115	-1	1256
40.43642783164978	-1	1256
40.43642997741699	-1	1256
40.436431884765625	-1	1256
40.43643379211426	-1	1256
40.44374918937683	-1	1256
40.4437620639801	-1	1256
40.44377565383911	-1	1256
40.443777322769165	-1	1256
40.44377899169922	-1	1256
40.44378042221069	-1	1256
40.44378185272217	-1	1256
40.44378328323364	-1	1256
40.44378447532654	-1	1256
40.443785667419434	-1	1256
40.44379234313965	-1	1256
40.44398331642151	-1	611
40.463464975357056	-1	1256
40.46347951889038	-1	1256
40.46349763870239	-1	1256
40.46350121498108	-1	1256
40.46350312232971	-1	1256
40.463505268096924	-1	1256
40.463507413864136	-1	1256
40.46350955963135	-1	1256
40.4635112285614	-1	1256
40.46351909637451	-1	1256
40.46383714675903	-1	1256
40.46384263038635	-1	1256
40.500630617141724	-1	1256
40.500643253326416	-1	1256
40.500657081604004	-1	1256
40.50065875053406	-1	1256
40.50066065788269	-1	1256
40.500662088394165	-1	1256
40.50066351890564	-1	1256
40.500664472579956	-1	1256
40.50066590309143	-1	1256
40.500667333602905	-1	1256
40.5006742477417	-1	1256
40.50086736679077	-1	611
40.500956535339355	-1	1256
40.50096154212952	-1	1256
40.512948989868164	-1	1256
40.51295804977417	-1	1256
40.512970209121704	-1	1256
40.5129714012146	-1	1256
40.512972831726074	-1	1256
40.51297450065613	-1	1256
40.512975454330444	-1	1256
40.51297640800476	-1	986
40.51298236846924	-1	611
40.52112102508545	-1	1256
40.521129846572876	-1	336
40.52114295959473	-1	1256
40.52114415168762	-1	312
40.551621198654175	-1	1256
40.551642179489136	-1	928
40.55165410041809	-1	1256
40.55211782455444	-1	910
40.5521240234375	-1	1256
40.552124977111816	-1	910
40.57433557510376	-1	1256
40.57434678077698	-1	910
40.57485389709473	-1	1256
40.574857234954834	-1	982
40.574859857559204	-1	1256
40.57532215118408	-1	1256
40.57532453536987	-1	340
40.575326919555664	-1	1256
40.60671830177307	-1	1256
40.613359451293945	-1	910
40.6134729385376	-1	611
40.62630844116211	-1	1256
40.62631869316101	-1	1256
40.626333713531494	-1	1256
40.62653994560242	-1	1256
40.66266870498657	-1	1256
40.662680864334106	-1	1256
40.66268491744995	-1	1256
40.66324591636658	-1	1256
40.66325116157532	-1	1256
40.663259983062744	-1	1256
40.66365432739258	-1	1256
40.663665533065796	-1	1256
40.674843549728394	-1	1256
40.67485737800598	-1	1256
40.67486047744751	-1	1256
40.67493915557861	-1	1125
40.675435066223145	-1	1256
40.67544150352478	-1	1256
40.6754515171051	-1	1256
40.67585587501526	-1	1256
40.67587614059448	-1	1256
40.677220821380615	-1	1256
40.67724633216858	-1	1256
40.67725419998169	-1	1256
40.69345164299011	-1	1256
40.693459272384644	-1	1256
40.69347810745239	-1	1256
40.693891525268555	-1	1256
40.69390559196472	-1	611
40.6939115524292	-1	1256
40.694477558135986	-1	1256
40.69448661804199	-1	1256
40.6944899559021	-1	1256
40.695836305618286	-1	1256
40.69584012031555	-1	1256
40.69584918022156	-1	1256
40.69612503051758	-1	1256
40.69613265991211	-1	278
40.702208518981934	-1	1256
40.70519280433655	-1	1256
40.7052001953125	-1	1256
40.70520305633545	-1	564
40.70521283149719	-1	611
40.7052206993103	-1	1256
40.70522475242615	-1	1256
40.70522665977478	-1	774
40.706137895584106	-1	1256
40.70614552497864	-1	910
40.70615911483765	-1	1256
40.7061607837677	-1	1146
40.7321035861969	-1	611
40.74342107772827	-1	1256
40.743428230285645	-1	910
40.74343156814575	-1	1256
40.74343299865723	-1	910
40.74343514442444	-1	1256
40.743436098098755	-1	910
40.74343824386597	-1	1256
40.74343919754028	-1	784
40.7446563243866	-1	1256
40.74466347694397	-1	910
40.74467635154724	-1	1256
40.744678020477295	-1	910
40.744680643081665	-1	1256
40.74468183517456	-1	910
40.74468398094177	-1	1256
40.74468493461609	-1	910
40.74483680725098	-1	611
40.748125314712524	-1	1256
40.74813532829285	-1	1256
40.765689849853516	-1	1256
40.765708208084106	-1	312
40.765711069107056	-1	1256
40.76571226119995	-1	451
40.76730012893677	-1	1256
40.767308950424194	-1	1256
40.767319679260254	-1	375
40.76732325553894	-1	1256
40.767508029937744	-1	928
40.76752018928528	-1	1154
40.778016805648804	-1	1516
40.77803373336792	-1	1516
40.7848744392395	-1	1256
40.784881830215454	-1	910
40.78488540649414	-1	1256
40.784886837005615	-1	540
40.80306649208069	-1	285
40.84867572784424	-1	1256
40.84868788719177	-1	910
40.848692178726196	-1	1256
40.84869384765625	-1	910
41.454580545425415	-1	1256
41.45459342002869	-1	910
41.45461106300354	-1	1256
41.454612493515015	-1	964
41.45461463928223	-1	1256
41.45461559295654	-1	910
41.454617500305176	-1	1256
41.45461845397949	-1	910
41.45462083816528	-1	1256
41.45462203025818	-1	910
41.45462393760681	-1	1256
41.454625368118286	-1	368
41.4546275138855	-1	1256
41.454628229141235	-1	910
41.45463705062866	-1	1256
41.45465302467346	-1	910
41.45526194572449	-1	1256
41.455268144607544	-1	910
41.45528602600098	-1	1256
41.45529079437256	-1	1256
41.45534110069275	-1	611
41.46620559692383	-1	1256
41.46622943878174	-1	1256
41.46623492240906	-1	1256
41.46623873710632	-1	1256
41.46624255180359	-1	1256
41.466245889663696	-1	1256
41.46625518798828	-1	1256
41.468220949172974	-1	1256
41.46824288368225	-1	1256
41.46824836730957	-1	1256
41.468252182006836	-1	1256
41.46825575828552	-1	1256
41.46825957298279	-1	1256
41.46826386451721	-1	1256
41.468271017074585	-1	1256
41.46846556663513	-1	1218
41.46847462654114	-1	611
41.48523259162903	-1	1256
41.48524451255798	-1	1256
41.48524713516235	-1	1256
41.48524880409241	-1	1256
41.48525023460388	-1	1256
41.485255002975464	-1	1256
41.487077951431274	-1	1256
41.48708987236023	-1	1256
41.48711156845093	-1	1256
41.487114667892456	-1	1256
41.48711824417114	-1	1256
41.49031734466553	-1	1256
41.49336767196655	-1	1256
41.49338936805725	-1	1256
41.49339270591736	-1	1256
41.49339580535889	-1	1256
41.49340462684631	-1	611
41.557870626449585	-1	1256
41.55788540840149	-1	1256
41.55790448188782	-1	1256
41.55840063095093	-1	1256
41.55841040611267	-1	1256
41.55841422080994	-1	1256
41.558953046798706	-1	1256
41.55896019935608	-1	1256
41.55897283554077	-1	1256
41.559489011764526	-1	1256
41.559499979019165	-1	1256
41.55950355529785	-1	1256
41.56058883666992	-1	1256
41.560596227645874	-1	1256
41.560606718063354	-1	1256
41.560614585876465	-1	611
41.565654277801514	-1	1256
41.56566262245178	-1	1256
41.56621026992798	-1	1256
41.56621718406677	-1	1256
41.566226959228516	-1	1256
41.56658363342285	-1	1256
41.56659650802612	-1	1256
41.56982970237732	-1	1256
41.569854497909546	-1	1256
41.569859981536865	-1	1256
41.5732786655426	-1	1256
41.5799925327301	-1	1256
41.58004379272461	-1	1256
41.580053091049194	-1	1256
41.580522775650024	-1	1256
41.58052945137024	-1	1256
41.58053994178772	-1	1256
41.58074140548706	-1	1256
41.580753564834595	-1	1154
41.5859010219574	-1	1256
41.58591079711914	-1	1256
41.585914611816406	-1	1256
41.586426973342896	-1	1256
41.58643102645874	-1	1256
41.58644104003906	-1	1256
41.586974143981934	-1	1256
41.58698272705078	-1	1256
41.58698797225952	-1	1256
41.58735775947571	-1	1256
41.58736443519592	-1	1256
41.588850021362305	-1	1256
41.58885717391968	-1	1256
41.588860750198364	-1	1256
41.58940649032593	-1	1256
41.58941292762756	-1	1256
41.589422941207886	-1	1256
41.59062337875366	-1	1256
41.59063673019409	-1	611
41.59064531326294	-1	1256
41.62369465827942	-1	1256
41.62372374534607	-1	1256
41.6237268447876	-1	1256
41.62372875213623	-1	1256
41.623729944229126	-1	1256
41.62373638153076	-1	1256
41.624993562698364	-1	1256
41.624998331069946	-1	1256
41.62500834465027	-1	1256
41.6314480304718	-1	1256
41.631470680236816	-1	1256
41.631473541259766	-1	1256
41.63147521018982	-1	1256
41.63147687911987	-1	1256
41.63147830963135	-1	1256
41.63147974014282	-1	1256
41.631481409072876	-1	1256
41.63148808479309	-1	1256
41.631587743759155	-1	611
41.641358375549316	-1	1256
41.64137077331543	-1	1256
41.641390800476074	-1	1256
41.641392946243286	-1	1256
41.64139485359192	-1	1256
41.641396284103394	-1	1256
41.64139771461487	-1	1256
41.64139914512634	-1	1256
41.64140033721924	-1	1256
41.64140701293945	-1	1256
41.6621789932251	-1	1256
41.66220545768738	-1	1256
41.691463232040405	-1	1256
41.69149398803711	-1	1256
41.69149923324585	-1	1256
41.69150185585022	-1	1256
41.69150400161743	-1	1256
41.69150638580322	-1	1256
41.691513776779175	-1	1218
41.69152092933655	-1	631
41.69354224205017	-1	1256
41.693546533584595	-1	1256
41.69354844093323	-1	1256
41.69355034828186	-1	1256
41.69355225563049	-1	1256
41.69355392456055	-1	1256
41.69355583190918	-1	1256
41.69355797767639	-1	1256
41.693559646606445	-1	1256
41.69356155395508	-1	1256
41.69356322288513	-1	1256
41.69356989860535	-1	1256
41.77052879333496	-1	1256
41.774725675582886	-1	1256
41.783557176589966	-1	1256
41.78357934951782	-1	1256
41.78390455245972	-1	611
41.79056930541992	-1	1256
41.79058074951172	-1	1256
41.79060220718384	-1	1256
41.79060411453247	-1	1256
41.790607929229736	-1	1256
41.80446243286133	-1	1256
41.80447602272034	-1	1256
41.80449414253235	-1	1256
41.80449628829956	-1	1256
41.804497957229614	-1	1256
41.80449962615967	-1	1256
41.80450105667114	-1	1256
41.804502964019775	-1	1256
41.80450701713562	-1	1256
41.80461859703064	-1	611
41.824880599975586	-1	1256
41.8248929977417	-1	1256
41.824909925460815	-1	1256
41.82491183280945	-1	1256
41.82491326332092	-1	1256
41.8249146938324	-1	1256
41.82491612434387	-1	1256
41.824917793273926	-1	1256
41.82492280006409	-1	1256
41.85133242607117	-1	1256
41.85135817527771	-1	1256
41.88185381889343	-1	623
41.881864070892334	-1	1256
41.8818724155426	-1	1256
41.882375717163086	-1	1256
41.882378816604614	-1	1256
41.88238167762756	-1	1256
41.88291049003601	-1	1256
41.88291335105896	-1	1256
41.88291525840759	-1	1256
41.88345122337341	-1	1256
41.88345408439636	-1	1256
41.88345789909363	-1	1256
41.88383889198303	-1	1256
41.88384199142456	-1	1256
41.938438177108765	-1	1256
41.94537377357483	-1	1256
43.29581952095032	-1	1256
43.308401584625244	-1	1256
43.30842137336731	-1	1256
43.30842971801758	-1	1256
43.32783603668213	-1	1256
43.3278603553772	-1	1256
43.37603425979614	-1	1256
43.38133430480957	-1	1256
43.381606340408325	-1	611
43.40818405151367	-1	1256
43.40820860862732	-1	1256
43.40821313858032	-1	1256
43.40821647644043	-1	1256
43.433502197265625	-1	611
43.471036434173584	-1	1256
43.47106075286865	-1	1256
43.471065282821655	-1	1256
43.47106885910034	-1	1256
43.47107219696045	-1	1256
43.47107529640198	-1	1256
43.471078395843506	-1	1256
43.47108817100525	-1	1256
43.471176862716675	-1	611
43.479671478271484	-1	1256
43.479676723480225	-1	1256
43.479684352874756	-1	1256
43.47968602180481	-1	1256
43.479687213897705	-1	1256
43.47968864440918	-1	1256
43.479689836502075	-1	1256
43.47969102859497	-1	1256
43.47969627380371	-1	1256
43.48165583610535	-1	1256
43.481661319732666	-1	1256
43.48166799545288	-1	1256
43.481669187545776	-1	1256
43.48167014122009	-1	1256
43.48172569274902	-1	611
43.526477336883545	-1	1256
43.5264937877655	-1	1256
43.5265154838562	-1	1256
43.52651882171631	-1	1256
43.52652025222778	-1	1256
43.52652192115784	-1	1256
43.52652406692505	-1	1256
43.526525259017944	-1	1256
43.52652883529663	-1	1256
43.53166151046753	-1	1256
43.53166699409485	-1	1256
43.53167462348938	-1	1256
43.531676054000854	-1	1256
43.53167700767517	-1	1256
43.53167796134949	-1	1256
43.53177285194397	-1	611
43.53270697593689	-1	1256
43.53271198272705	-1	1256
43.53271842002869	-1	1256
43.53272008895874	-1	1256
43.532721519470215	-1	1256
43.532724142074585	-1	1256
43.53325128555298	-1	1256
43.53325653076172	-1	1256
43.53326344490051	-1	1256
43.53981328010559	-1	1256
43.53983473777771	-1	1256
43.5398383140564	-1	1256
43.53984093666077	-1	1256
43.53984260559082	-1	1256
43.53984451293945	-1	1256
43.53984618186951	-1	1256
43.540138959884644	-1	1256
43.54014539718628	-1	1256
43.54434061050415	-1	1125
43.577571392059326	-1	1256
43.57758808135986	-1	1256
43.57759141921997	-1	1256
43.577593088150024	-1	1256
43.577595710754395	-1	1256
43.577598333358765	-1	1256
43.57759976387024	-1	1256
43.57760190963745	-1	1256
43.577609062194824	-1	1256
43.57767701148987	-1	1256
43.57902789115906	-1	1256
43.57903528213501	-1	1256
43.57904672622681	-1	1256
43.57904839515686	-1	1256
43.579049825668335	-1	1256
43.579052209854126	-1	1256
43.57905340194702	-1	1256
43.59594368934631	-1	1256
43.59595608711243	-1	1256
43.595970153808594	-1	1256
43.59597158432007	-1	1256
43.59597325325012	-1	1256
43.59597396850586	-1	1256
43.595975160598755	-1	1256
43.59597635269165	-1	1256
43.59597730636597	-1	1256
43.59598398208618	-1	1256
43.59609818458557	-1	611
43.610742807388306	-1	1256
43.61075496673584	-1	1256
43.6107759475708	-1	1256
43.61182379722595	-1	1256
43.611836194992065	-1	1256
43.611839294433594	-1	1256
43.612202644348145	-1	1256
43.612207651138306	-1	1256
43.632790327072144	-1	1256
43.63279938697815	-1	1256
43.63280248641968	-1	1256
43.6351215839386	-1	1256
43.63512659072876	-1	1256
43.63513994216919	-1	1256
43.63567018508911	-1	1256
43.63568305969238	-1	1256
43.63568615913391	-1	1256
43.63618326187134	-1	1256
43.63619780540466	-1	1154
43.636207580566406	-1	1256
43.63848614692688	-1	1256
43.63849902153015	-1	1256
43.63850522041321	-1	1256
43.63902759552002	-1	1256
43.63903260231018	-1	1256
43.63904118537903	-1	1256
43.639997243881226	-1	1256
43.64000725746155	-1	1256
43.6442015171051	-1	1516
43.64420795440674	-1	1516
43.64453601837158	-1	1256
43.644540548324585	-1	1256
43.644543170928955	-1	1256
43.64995789527893	-1	1256
43.6499662399292	-1	1256
43.649977922439575	-1	1256
43.64997959136963	-1	1256
43.649980783462524	-1	1256
43.64998197555542	-1	1256
43.649983406066895	-1	1256
43.64998435974121	-1	1256
43.64998531341553	-1	1256
43.64998650550842	-1	1256
43.64998769760132	-1	1256
43.649988651275635	-1	1256
43.64998984336853	-1	1256
43.64999079704285	-1	1256
43.6499981880188	-1	1256
43.65001463890076	-1	1256
43.67692160606384	-1	828
43.67708420753479	-1	1256
43.6783664226532	-1	1256
43.67837595939636	-1	1256
43.678380489349365	-1	1256
43.68800497055054	-1	1256
43.688018798828125	-1	1256
43.688032150268555	-1	1256
43.68803429603577	-1	1256
43.6880362033844	-1	1256
43.68803811073303	-1	1256
43.688039779663086	-1	1256
43.68804168701172	-1	1256
43.688042879104614	-1	1256
43.68804454803467	-1	1256
43.6880464553833	-1	1256
43.688047885894775	-1	1256
43.68804979324341	-1	1256
43.68805122375488	-1	1256
43.68805980682373	-1	1256
43.68807935714722	-1	1256
43.69516706466675	-1	1256
43.69518995285034	-1	611
43.69520163536072	-1	1256
43.695204734802246	-1	1256
43.69520688056946	-1	1256
43.695213079452515	-1	1256
43.73204326629639	-1	1256
43.73206639289856	-1	1256
43.73207068443298	-1	1256
43.73207378387451	-1	1256
43.732075691223145	-1	1256
43.73207712173462	-1	1256
43.73207879066467	-1	1256
43.73207998275757	-1	1256
43.732081174850464	-1	1256
43.73208665847778	-1	1256
43.737181663513184	-1	1256
43.73718762397766	-1	1256
43.737189292907715	-1	1256
43.73719048500061	-1	1256
43.737191677093506	-1	1256
43.73719334602356	-1	1256
43.737194538116455	-1	1256
43.73720049858093	-1	623
43.73720669746399	-1	1256
43.737208127975464	-1	1256
43.73720955848694	-1	1256
43.73721504211426	-1	1256
43.743051290512085	-1	1256
43.743064403533936	-1	1256
43.793678522109985	-1	1256
43.79395580291748	-1	611
43.83706307411194	-1	1256
43.83708047866821	-1	1256
43.837101459503174	-1	1256
43.83710479736328	-1	1256
43.837207555770874	-1	611
43.879071950912476	-1	1256
43.87908577919006	-1	1256
43.87910294532776	-1	1256
43.87910580635071	-1	1256
43.87910771369934	-1	1256
43.87910842895508	-1	751
43.87925386428833	-1	611
44.2188766002655	-1	1256
44.21888995170593	-1	910
44.21890950202942	-1	1256
44.21891164779663	-1	928
44.21891379356384	-1	1256
44.21891522407532	-1	910
44.21891784667969	-1	1256
44.21891903877258	-1	540
44.21892070770264	-1	1256
44.21892213821411	-1	910
44.218924045562744	-1	1256
44.21892499923706	-1	910
44.22778034210205	-1	1256
44.22779655456543	-1	1256
44.22781586647034	-1	1256
44.22781825065613	-1	1256
44.22782039642334	-1	1256
44.22782230377197	-1	1256
44.227823972702026	-1	1256
44.22782611846924	-1	1256
44.22782802581787	-1	1256
44.22783017158508	-1	1256
44.22783923149109	-1	1256
44.22792458534241	-1	124
44.361207246780396	-1	1256
44.36124014854431	-1	910
44.36125469207764	-1	1256
44.36135983467102	-1	611
44.36139249801636	-1	910
44.381125926971436	-1	1256
44.38115644454956	-1	910
44.381162881851196	-1	1256
44.38116383552551	-1	910
44.38116645812988	-1	1256
44.38116717338562	-1	910
44.398656606674194	-1	1256
44.39868116378784	-1	910
44.39963102340698	-1	1256
44.39963698387146	-1	910
44.40002179145813	-1	1256
44.40002775192261	-1	910
44.42112112045288	-1	1012
44.421138525009155	-1	1256
44.421141386032104	-1	910
44.42125153541565	-1	611
44.45858979225159	-1	1256
44.45860147476196	-1	910
44.4595742225647	-1	1256
44.45957899093628	-1	910
44.45958757400513	-1	1256
44.45958852767944	-1	910
44.45958995819092	-1	1256
44.459590435028076	-1	910
44.460747957229614	-1	1256
44.46075201034546	-1	910
44.47867488861084	-1	1256
44.47868776321411	-1	910
44.47870588302612	-1	1256
44.47870707511902	-1	910
44.480939626693726	-1	611
44.49886679649353	-1	1125
44.49957537651062	-1	1256
44.49958395957947	-1	910
44.49999237060547	-1	1256
44.49999809265137	-1	1072
44.503568172454834	-1	611
44.523834466934204	-1	1256
44.5238471031189	-1	910
44.52384948730469	-1	488
44.84064793586731	-1	1256
44.84066128730774	-1	910
44.840664863586426	-1	1256
44.84066677093506	-1	1256
44.840667963027954	-1	556
44.84066963195801	-1	1256
44.840670585632324	-1	910
44.8406720161438	-1	1256
44.840672969818115	-1	946
44.84067440032959	-1	1256
44.840675354003906	-1	910
44.84067726135254	-1	1256
44.840678453445435	-1	1256
44.84067964553833	-1	158
44.85449814796448	-1	1256
44.854511737823486	-1	910
44.854533433914185	-1	1256
44.8545355796814	-1	910
44.863428354263306	-1	122
44.87117075920105	-1	1256
44.871196031570435	-1	910
44.87128925323486	-1	611
44.9092161655426	-1	1256
44.90922689437866	-1	910
44.91467237472534	-1	1256
44.91468262672424	-1	910
44.914684772491455	-1	1256
44.91468572616577	-1	910
44.914687633514404	-1	1256
44.91468858718872	-1	910
44.92735195159912	-1	1256
44.9273624420166	-1	910
44.9273796081543	-1	1256
44.92749810218811	-1	611
44.930421590805054	-1	910
44.9459867477417	-1	1256
44.94601368904114	-1	910
44.96445345878601	-1	1256
44.964487075805664	-1	910
44.96483373641968	-1	1256
44.96484732627869	-1	910
44.981892824172974	-1	1256
44.981916666030884	-1	910
44.98401498794556	-1	1256
44.98402237892151	-1	910
45.00145220756531	-1	1256
45.00148367881775	-1	1126
45.00148820877075	-1	1256
45.001490116119385	-1	498
45.00167107582092	-1	611
45.01983904838562	-1	1256
45.01985573768616	-1	910
45.019880294799805	-1	1256
45.02001214027405	-1	910
45.02833080291748	-1	104
45.03905010223389	-1	1256
45.03907489776611	-1	910
45.057379484176636	-1	1256
45.057403564453125	-1	910
45.058210134506226	-1	1256
45.058226346969604	-1	910
45.05865550041199	-1	1256
45.058669328689575	-1	910
45.07725405693054	-1	1256
45.077277183532715	-1	910
45.07888197898865	-1	1256
45.07890462875366	-1	910
45.07890844345093	-1	1256
45.0789098739624	-1	910
45.09679436683655	-1	1256
45.09680724143982	-1	1220
45.097983837127686	-1	1256
45.09799003601074	-1	910
45.117778062820435	-1	1256
45.117791414260864	-1	910
45.11781072616577	-1	1256
45.117812395095825	-1	910
45.11781430244446	-1	1256
45.11781597137451	-1	910
45.11790084838867	-1	611
45.13851571083069	-1	1256
45.13853430747986	-1	910
45.13855981826782	-1	1256
45.13856244087219	-1	910
45.13856530189514	-1	1256
45.138566732406616	-1	910
45.14235281944275	-1	611
45.144044637680054	-1	1256
45.14405703544617	-1	910
45.15816307067871	-1	1256
45.158175230026245	-1	1256
45.158177852630615	-1	1256
45.15817952156067	-1	910
45.15831422805786	-1	611
45.174652099609375	-1	1256
45.17465829849243	-1	910
45.17659282684326	-1	1256
45.17659640312195	-1	1256
45.17660164833069	-1	194
45.19768214225769	-1	1256
45.19770550727844	-1	910
45.19770860671997	-1	1256
45.19770956039429	-1	928
45.19781231880188	-1	611
45.23815584182739	-1	1256
45.23816990852356	-1	910
45.238189697265625	-1	1256
45.238192319869995	-1	910
45.26447939872742	-1	910
45.26451086997986	-1	1256
45.26451921463013	-1	910
45.26452565193176	-1	1256
45.26452875137329	-1	910
45.26453113555908	-1	1256
45.2645320892334	-1	910
45.31974124908447	-1	1256
45.32367181777954	-1	1256
45.362136363983154	-1	1256
45.36888360977173	-1	176
45.375787019729614	-1	1256
45.37579298019409	-1	1256
45.3758008480072	-1	1256
45.37580347061157	-1	1256
45.403640270233154	-1	1256
45.403655767440796	-1	1256
45.40367364883423	-1	1256
45.4036762714386	-1	1256
45.40367841720581	-1	1256
45.403679609298706	-1	234
45.430267095565796	-1	910
45.48816180229187	-1	1256
45.488184452056885	-1	910
45.48818850517273	-1	1256
45.48819017410278	-1	910
45.506876707077026	-1	1256
45.50688648223877	-1	422
45.50688910484314	-1	1256
45.506890058517456	-1	910
45.50689172744751	-1	1256
45.50689220428467	-1	928
45.51138687133789	-1	1256
45.51149916648865	-1	611
45.52468156814575	-1	1256
45.524693965911865	-1	910
45.54836130142212	-1	1256
45.54837775230408	-1	910
45.54840302467346	-1	1256
45.548405170440674	-1	910
45.548558712005615	-1	611
45.56109070777893	-1	140
45.56269645690918	-1	1256
45.562726974487305	-1	910
45.56273102760315	-1	1256
45.562732219696045	-1	910
45.58205270767212	-1	1256
45.582072496414185	-1	910
45.58339881896973	-1	1256
45.58340764045715	-1	1256
45.58341979980469	-1	576
45.5835337638855	-1	611
45.60227608680725	-1	1256
45.60228705406189	-1	477
45.60230612754822	-1	1256
45.60230803489685	-1	312
45.608906745910645	-1	1256
45.60891652107239	-1	105
45.60920763015747	-1	611
45.62593102455139	-1	1256
45.62594747543335	-1	910
45.63425064086914	-1	1256
45.634257793426514	-1	910
45.64282751083374	-1	1256
45.64283895492554	-1	530
45.642858266830444	-1	1256
45.65265607833862	-1	312
45.65578532218933	-1	1256
45.65579581260681	-1	910
45.662169456481934	-1	1256
45.66217565536499	-1	928
45.66218638420105	-1	1256
45.662187814712524	-1	910
45.673420906066895	-1	1256
45.673431158065796	-1	910
45.68305420875549	-1	1256
45.68306756019592	-1	910
45.68308639526367	-1	1256
45.683088302612305	-1	982
45.69348406791687	-1	1256
45.69349408149719	-1	910
45.70309114456177	-1	1256
45.703110694885254	-1	910
45.71281170845032	-1	1256
45.712827920913696	-1	1256
45.71284770965576	-1	576
45.712992429733276	-1	611
45.72236919403076	-1	1256
45.72239398956299	-1	910
45.7224338054657	-1	1256
45.722437143325806	-1	548
45.73307275772095	-1	1256
45.733089447021484	-1	910
45.73944115638733	-1	1256
45.7394540309906	-1	910
45.74201488494873	-1	1256
45.74201989173889	-1	548
45.78352427482605	-1	567
45.783655881881714	-1	611
46.02298831939697	-1	1516
46.025277853012085	-1	191
48.519362688064575	-1	611
48.653700828552246	-1	611
48.65407633781433	-1	611
49.02013802528381	-1	1516
49.022432804107666	-1	1516
49.043256521224976	-1	285
49.045252084732056	-1	1256
49.04527807235718	-1	910
49.067233085632324	-1	1256
49.06725573539734	-1	459
49.14224886894226	-1	611
49.29320001602173	-1	1154
49.29359221458435	-1	611
49.30371379852295	-1	1516
49.303725719451904	-1	191
49.74930381774902	-1	1256
49.749327421188354	-1	910
49.749335050582886	-1	1256
49.74933862686157	-1	928
49.74934363365173	-1	1256
49.74934768676758	-1	910
49.74934983253479	-1	1256
49.74935054779053	-1	540
49.74935460090637	-1	1256
49.74935555458069	-1	910
49.749364376068115	-1	1256
49.7493691444397	-1	910
49.757713079452515	-1	1256
49.757755279541016	-1	548
49.75788712501526	-1	611
49.81538796424866	-1	1256
49.81540060043335	-1	910
49.815826654434204	-1	1256
49.81583046913147	-1	910
49.81975865364075	-1	304
49.83420753479004	-1	1256
49.834227085113525	-1	910
49.83423137664795	-1	1256
49.834232568740845	-1	910
49.835485219955444	-1	1256
49.835498094558716	-1	910
49.854469299316406	-1	1256
49.854491233825684	-1	1256
49.854509115219116	-1	792
49.85484862327576	-1	1256
49.85485792160034	-1	928
49.876625537872314	-1	1256
49.87664747238159	-1	530
49.87665271759033	-1	1256
49.87789750099182	-1	910
49.96180701255798	-1	1087
49.96233654022217	-1	611
51.28381419181824	-1	1256
51.2838397026062	-1	312
51.882591009140015	-1	611
52.229151248931885	-1	611
52.36056089401245	-1	1256
52.36538004875183	-1	611
52.37538385391235	-1	207
52.37574100494385	-1	611
52.38603734970093	-1	1125
53.142459869384766	-1	611
53.748451471328735	-1	1256
53.748478174209595	-1	910
53.74848699569702	-1	1256
53.74849224090576	-1	928
53.770758867263794	-1	1256
53.77078080177307	-1	1256
53.770785331726074	-1	1256
53.77079200744629	-1	1256
53.770899295806885	-1	611
53.7882080078125	-1	1256
53.788230657577515	-1	1256
53.7882354259491	-1	1256
53.788238286972046	-1	1170
53.87242293357849	-1	1256
53.87244701385498	-1	910
53.87245225906372	-1	1256
53.87245535850525	-1	910
53.87245750427246	-1	1256
53.872459411621094	-1	910
53.87257432937622	-1	611
53.884079694747925	-1	1256
53.88408613204956	-1	1256
53.88409447669983	-1	1256
53.884095668792725	-1	564
53.890687704086304	-1	1256
53.8906991481781	-1	910
53.89071464538574	-1	1256
53.89071607589722	-1	707
53.90227127075195	-1	1256
53.90228748321533	-1	1256
53.90230894088745	-1	1256
53.9040150642395	-1	1256
53.904041051864624	-1	1256
53.90404486656189	-1	1256
53.90404725074768	-1	1256
53.904048442840576	-1	344
53.90415906906128	-1	611
54.360883712768555	-1	301
54.43577241897583	-1	301
54.662102699279785	-1	611
59.141735553741455	-1	611
59.553122997283936	-1	611
60.357125759124756	-1	611
61.03214907646179	-1	1516
61.034444093704224	-1	191
61.729238748550415	-1	611
61.72954559326172	-1	611
61.78975009918213	-1	611
62.02601099014282	-1	611
62.6505913734436	-1	611
62.65086579322815	-1	611
62.734737396240234	-1	611
62.73937177658081	-1	611
62.73947501182556	-1	611
64.02912259101868	-1	1516
64.03141665458679	-1	1516
64.0536458492279	-1	285
64.12912082672119	-1	285
64.36512804031372	-1	1516
64.83713102340698	-1	1516
65.79712390899658	-1	1516
65.80689239501953	-1	611
65.80690336227417	-1	1516
65.8069236278534	-1	611
65.8112862110138	-1	285
65.91426396369934	-1	611
66.03692770004272	-1	611
66.37866830825806	-1	611
66.37900233268738	-1	611
67.30335712432861	-1	611
67.30337953567505	-1	611
67.303626537323	-1	611
67.75739049911499	-1	611
68.03800320625305	-1	611
68.29312419891357	-1	611
68.45312929153442	-1	611
69.25312232971191	-1	611
69.26078939437866	-1	611
69.26079678535461	-1	611
69.71564602851868	-1	611
70.02708721160889	-1	611
71.04276466369629	-1	611
73.03874325752258	-1	611
73.06976819038391	-1	611
73.7144284248352	-1	611
73.7147605419159	-1	611
73.75524377822876	-1	1125
74.28199172019958	-1	611
74.28241014480591	-1	611
74.93787550926208	-1	611
76.05809760093689	-1	1516
76.0603837966919	-1	191
76.35712385177612	-1	191
76.42982172966003	-1	611
76.93312478065491	-1	611
77.41712093353271	-1	1516
77.43689322471619	-1	611
77.53831124305725	-1	191
78.32553505897522	-1	611
78.32590079307556	-1	611
78.94381213188171	-1	611
78.94419646263123	-1	611
79.05663657188416	-1	1516
79.05668020248413	-1	1516
79.0754907131195	-1	285
80.29945302009583	-1	611
80.29978680610657	-1	611
80.67712187767029	-1	611
81.08196258544922	-1	611
81.08200073242188	-1	611
81.7025158405304	-1	611
81.70287823677063	-1	611
82.16016840934753	-1	611
82.16055130958557	-1	611
82.93057012557983	-1	611
86.7420015335083	-1	611
86.75032591819763	-1	611
86.75034952163696	-1	611
87.5886766910553	-1	611
87.5889048576355	-1	611
88.0402398109436	-1	611
88.77283024787903	-1	611
91.07404923439026	-1	1516
91.07634282112122	-1	191
91.24112105369568	-1	191
91.78112316131592	-1	1516
92.4512677192688	-1	191
93.06457042694092	-1	611
93.06495141983032	-1	611
93.07432508468628	-1	1125
93.4329514503479	-1	611
93.43323993682861	-1	611
94.07012629508972	-1	1516
94.0724139213562	-1	1516
94.07806706428528	-1	611
94.08727407455444	-1	285
94.3821816444397	-1	1154
94.38231873512268	-1	611
94.38693499565125	-1	611
94.38694834709167	-1	611
95.04093980789185	-1	611
95.39712190628052	-1	611
95.97312211990356	-1	611
96.44837999343872	-1	611
98.04128551483154	-1	611
98.1328935623169	-1	611
98.14124774932861	-1	1516
98.16491222381592	-1	1516
98.18825793266296	-1	1516
98.22469115257263	-1	1516
98.2438178062439	-1	1516
98.24994683265686	-1	1516
98.24995756149292	-1	1320
98.27002120018005	-1	611
