0.0	-1	611
2.904006004333496	-1	611
3.5555057525634766	-1	611
4.3737993240356445	-1	1125
4.382189989089966	-1	611
5.0622851848602295	-1	611
5.062493801116943	-1	611
5.08747124671936	-1	611
5.087637662887573	-1	611
5.282898902893066	-1	611
5.384750604629517	-1	611
6.003584146499634	-1	611
6.004002332687378	-1	611
6.032853126525879	-1	611
6.033372402191162	-1	611
6.2933197021484375	-1	611
6.627502679824829	-1	611
7.075506687164307	-1	1154
7.525991916656494	-1	611
7.971506834030151	-1	1154
8.01392126083374	-1	1154
8.073750495910645	-1	1256
8.07377815246582	-1	910
8.073783874511719	-1	1256
8.073786973953247	-1	928
8.073790550231934	-1	1256
8.073793649673462	-1	910
8.092351198196411	-1	1256
8.09240198135376	-1	918
8.092406988143921	-1	1256
8.092410564422607	-1	1256
8.092414379119873	-1	556
8.111247777938843	-1	1256
8.11128282546997	-1	1146
8.111530303955078	-1	1256
8.122472763061523	-1	910
8.132624864578247	-1	1256
8.132651567459106	-1	928
8.150280714035034	-1	1256
8.150294542312622	-1	910
8.154442071914673	-1	1256
8.154454231262207	-1	910
8.175169706344604	-1	1256
8.175184726715088	-1	910
8.191001176834106	-1	1256
8.191012382507324	-1	982
8.191015720367432	-1	1256
8.191016912460327	-1	439
8.191174745559692	-1	611
8.196666479110718	-1	1256
8.196677684783936	-1	910
8.268537282943726	-1	1256
8.268548727035522	-1	910
8.2685546875	-1	1256
8.269121646881104	-1	1146
8.269127368927002	-1	1256
8.269136667251587	-1	928
8.270939111709595	-1	1256
8.27094292640686	-1	1128
8.286910057067871	-1	1256
8.286920547485352	-1	910
8.286927700042725	-1	1256
8.28706955909729	-1	548
8.306429147720337	-1	1256
8.306439876556396	-1	910
8.306840896606445	-1	1256
8.306844472885132	-1	928
8.324375629425049	-1	1256
8.324386596679688	-1	910
8.325557470321655	-1	1256
8.325561046600342	-1	910
8.344436883926392	-1	1256
8.34444546699524	-1	910
8.351147174835205	-1	140
8.35224437713623	-1	1256
8.352248191833496	-1	910
8.352362871170044	-1	1125
8.364501237869263	-1	1256
8.364512205123901	-1	910
8.364519834518433	-1	1256
8.364681243896484	-1	910
8.382660865783691	-1	1256
8.382676839828491	-1	910
8.382681131362915	-1	1256
8.38268256187439	-1	910
8.383591651916504	-1	1256
8.383604049682617	-1	527
8.40272045135498	-1	1256
8.402731657028198	-1	312
8.402748823165894	-1	1256
8.402750253677368	-1	590
8.404173374176025	-1	611
8.408278942108154	-1	1516
8.426939487457275	-1	1516
8.432129621505737	-1	828
8.444694995880127	-1	1125
8.748612403869629	-1	611
8.749718189239502	-1	1125
8.869301080703735	-1	611
9.129201412200928	-1	611
9.129598617553711	-1	611
9.189402341842651	-1	1256
9.189428567886353	-1	910
9.220861434936523	-1	902
9.28134822845459	-1	1256
9.28136682510376	-1	910
9.681935787200928	-1	884
9.681964635848999	-1	1256
9.68196964263916	-1	810
9.697105646133423	-1	750
9.69853138923645	-1	1125
9.70876169204712	-1	1516
9.718934059143066	-1	705
9.985148668289185	-1	1256
9.98517107963562	-1	910
10.003801584243774	-1	123
10.004696607589722	-1	611
10.013840675354004	-1	611
10.677725315093994	-1	611
12.099508047103882	-1	611
12.10586953163147	-1	1256
12.105879306793213	-1	910
12.105883121490479	-1	1256
12.105884790420532	-1	477
12.105886697769165	-1	1256
12.105888366699219	-1	910
12.105890274047852	-1	1256
12.105892419815063	-1	1256
12.105893611907959	-1	556
12.105896472930908	-1	1256
12.105898380279541	-1	928
12.105900764465332	-1	1256
12.105902194976807	-1	910
12.10873794555664	-1	611
12.11963939666748	-1	1516
12.119654893875122	-1	1516
12.119803190231323	-1	1256
12.119813203811646	-1	910
12.119817733764648	-1	1256
12.119819402694702	-1	766
12.127186298370361	-1	1256
12.127195119857788	-1	312
12.130701780319214	-1	1516
12.130706548690796	-1	408
12.139387130737305	-1	1256
12.139392852783203	-1	154
12.14147424697876	-1	611
12.151549100875854	-1	1516
12.155130624771118	-1	220
12.7439603805542	-1	611
12.745024681091309	-1	1125
12.773958444595337	-1	1256
12.773972272872925	-1	312
12.843328475952148	-1	207
12.843893051147461	-1	1516
12.843906879425049	-1	191
12.977601051330566	-1	1256
12.977613687515259	-1	312
13.033186912536621	-1	1256
13.033198356628418	-1	910
13.033603429794312	-1	1256
13.033610105514526	-1	928
13.054593563079834	-1	1256
13.054603815078735	-1	530
13.054617166519165	-1	1256
13.05461835861206	-1	910
13.05462098121643	-1	1256
13.054621934890747	-1	910
13.054932832717896	-1	611
13.059388875961304	-1	104
13.064545392990112	-1	611
13.07095718383789	-1	1256
13.070969104766846	-1	512
13.07097315788269	-1	1256
13.070975065231323	-1	312
13.097387552261353	-1	1256
13.097395420074463	-1	910
13.097663402557373	-1	611
13.104010820388794	-1	902
13.236567497253418	-1	1256
13.236592531204224	-1	910
13.243012189865112	-1	902
13.28889775276184	-1	1256
13.288909673690796	-1	910
13.289207458496094	-1	611
13.289470672607422	-1	1256
13.289478540420532	-1	928
13.289483308792114	-1	1256
13.289656639099121	-1	910
13.308293581008911	-1	1256
13.30830454826355	-1	910
13.312152862548828	-1	985
13.312171936035156	-1	1125
13.340572118759155	-1	611
13.672264337539673	-1	1256
13.67229437828064	-1	312
13.67230486869812	-1	1256
13.67272400856018	-1	910
13.672736883163452	-1	1256
13.672742366790771	-1	616
13.673274517059326	-1	1256
13.673283815383911	-1	910
13.673290491104126	-1	1256
13.67349123954773	-1	1146
13.674591779708862	-1	611
13.684714317321777	-1	1516
13.68473219871521	-1	1219
13.97158694267273	-1	970
13.97269892692566	-1	1125
14.020707607269287	-1	1256
14.02071762084961	-1	910
14.020721912384033	-1	1256
14.021161317825317	-1	928
14.021166801452637	-1	1256
14.02117395401001	-1	530
14.03934383392334	-1	1256
14.039374351501465	-1	312
14.039379835128784	-1	1256
14.039381504058838	-1	910
14.039384365081787	-1	1256
14.039387226104736	-1	928
14.049487590789795	-1	286
14.058849334716797	-1	1256
14.058870553970337	-1	910
14.058873414993286	-1	1256
14.058874368667603	-1	910
14.062807559967041	-1	104
14.079929828643799	-1	1256
14.07995080947876	-1	910
14.079954147338867	-1	1256
14.079955577850342	-1	910
14.079956769943237	-1	1256
14.079957723617554	-1	748
14.097844362258911	-1	1256
14.097854375839233	-1	910
14.098258972167969	-1	1256
14.098265171051025	-1	910
14.100399494171143	-1	1256
14.100406169891357	-1	1146
14.100415468215942	-1	1256
14.100416898727417	-1	206
14.10041880607605	-1	1256
14.100419998168945	-1	312
14.14592695236206	-1	1256
14.145940065383911	-1	312
15.534547805786133	-1	1256
15.53456163406372	-1	910
15.534565448760986	-1	1256
15.534566640853882	-1	928
15.534568309783936	-1	1256
15.534569263458252	-1	1128
15.534571170806885	-1	1256
15.53457236289978	-1	1256
15.534573316574097	-1	556
15.53457522392273	-1	1256
15.534576177597046	-1	878
15.534578084945679	-1	1256
15.534578800201416	-1	910
15.53458023071289	-1	1256
15.534582138061523	-1	1256
15.53458309173584	-1	556
15.53477954864502	-1	611
15.535037755966187	-1	1256
15.535043716430664	-1	928
15.53505539894104	-1	1256
15.571401357650757	-1	1256
15.57142686843872	-1	1256
15.57143259048462	-1	1256
15.571436166763306	-1	1256
15.571439504623413	-1	1256
15.571443319320679	-1	1256
15.571446895599365	-1	1256
15.571447849273682	-1	1178
15.57146430015564	-1	1125
15.579999208450317	-1	611
15.676221132278442	-1	611
17.36094355583191	-1	1256
17.360970973968506	-1	910
17.36098051071167	-1	1256
17.361395597457886	-1	530
17.361405849456787	-1	1256
17.361409664154053	-1	910
17.36194658279419	-1	1256
17.36195659637451	-1	910
17.36196208000183	-1	1256
17.36248469352722	-1	1146
17.362495183944702	-1	1256
17.36249876022339	-1	928
17.363060235977173	-1	1256
17.36306858062744	-1	1128
17.363073110580444	-1	1256
17.363532543182373	-1	910
17.363543272018433	-1	1256
17.363545179367065	-1	548
17.370166540145874	-1	1256
17.370177745819092	-1	1256
17.37019109725952	-1	1256
17.37075138092041	-1	1256
17.370766639709473	-1	1256
17.37077045440674	-1	1256
17.37085747718811	-1	611
17.37200903892517	-1	1256
17.372020959854126	-1	1256
17.404601573944092	-1	1516
17.40670919418335	-1	1256
17.406723737716675	-1	1256
17.406731605529785	-1	1256
17.407281398773193	-1	1256
17.40728735923767	-1	1256
17.40730118751526	-1	1256
17.40861701965332	-1	1256
17.40864896774292	-1	1256
17.437329053878784	-1	1256
17.437352895736694	-1	1256
17.437357187271118	-1	1256
17.439165592193604	-1	1256
17.439173221588135	-1	1256
17.43918466567993	-1	1256
17.43964982032776	-1	1256
17.43966054916382	-1	600
17.4396653175354	-1	1277
17.439669370651245	-1	1256
17.44023585319519	-1	1256
17.440245628356934	-1	1256
17.44025158882141	-1	1256
17.44085669517517	-1	1256
17.44086456298828	-1	1256
17.440877199172974	-1	1256
17.441246032714844	-1	1256
17.44126009941101	-1	1256
17.445444345474243	-1	1256
17.445470571517944	-1	1256
17.448593616485596	-1	1256
17.448855876922607	-1	1256
17.460489988327026	-1	1256
17.460521459579468	-1	1256
17.46052622795105	-1	1256
17.46052837371826	-1	1256
17.460530519485474	-1	600
17.460541248321533	-1	611
17.460548400878906	-1	1256
17.46055245399475	-1	1256
17.460554599761963	-1	1256
17.460556745529175	-1	1256
17.460559368133545	-1	1256
17.460561513900757	-1	1256
17.46056318283081	-1	1256
17.4605655670166	-1	1256
17.460575103759766	-1	1256
17.51290202140808	-1	1256
17.512916326522827	-1	1256
17.51293134689331	-1	1256
17.5129337310791	-1	1256
17.512935161590576	-1	1256
17.51293706893921	-1	1256
17.512938261032104	-1	1256
17.512941598892212	-1	1256
17.512944221496582	-1	1256
17.512945413589478	-1	1256
17.512946844100952	-1	1256
17.512948274612427	-1	1256
17.512949466705322	-1	1256
17.512950658798218	-1	681
17.513155937194824	-1	611
17.544893741607666	-1	1154
18.27714443206787	-1	1256
18.27716040611267	-1	910
19.296590566635132	-1	611
19.326470851898193	-1	611
19.55950427055359	-1	611
19.79550576210022	-1	611
19.971503734588623	-1	611
20.29150652885437	-1	611
20.30237054824829	-1	1256
20.303781747817993	-1	1256
20.303797721862793	-1	506
20.30453133583069	-1	1125
21.206501007080078	-1	1256
21.2065327167511	-1	451
21.225340366363525	-1	1256
21.225366592407227	-1	910
21.246357202529907	-1	1256
21.246394872665405	-1	1256
21.246403455734253	-1	556
21.246412992477417	-1	1256
21.254544734954834	-1	1256
21.2545804977417	-1	1256
21.293675422668457	-1	1256
21.293710947036743	-1	1256
21.293718338012695	-1	690
21.347509622573853	-1	611
21.38688349723816	-1	1256
21.386911392211914	-1	910
21.386924505233765	-1	1256
21.38693070411682	-1	928
21.387064218521118	-1	1256
21.38785672187805	-1	530
21.432337045669556	-1	1256
21.432350873947144	-1	910
21.432356595993042	-1	1256
21.432358741760254	-1	910
21.432361364364624	-1	1256
21.432363271713257	-1	548
21.4730966091156	-1	1256
21.473110675811768	-1	910
21.47312593460083	-1	1256
21.473127126693726	-1	928
21.47312903404236	-1	1256
21.473129987716675	-1	910
21.49065613746643	-1	1256
21.490667581558228	-1	910
21.490776300430298	-1	611
21.491795539855957	-1	1256
21.491803884506226	-1	1256
21.49181294441223	-1	176
21.494329690933228	-1	1256
21.49433660507202	-1	1256
21.494338035583496	-1	518
21.5115864276886	-1	1256
21.51159143447876	-1	910
21.51269221305847	-1	1256
21.512699127197266	-1	548
21.640645265579224	-1	1256
21.6406569480896	-1	910
21.640674352645874	-1	1256
21.64067554473877	-1	928
21.640677452087402	-1	1256
21.64067840576172	-1	910
21.65734624862671	-1	1256
21.657357931137085	-1	910
21.657479524612427	-1	611
21.658754348754883	-1	1256
21.658778429031372	-1	910
21.65881586074829	-1	1256
21.658817529678345	-1	168
21.68882393836975	-1	1256
21.688831567764282	-1	910
21.688851833343506	-1	1256
21.689571857452393	-1	928
21.689582347869873	-1	1256
21.689584493637085	-1	910
21.689587116241455	-1	1256
21.68958830833435	-1	910
21.689690113067627	-1	611
21.714057445526123	-1	1256
21.71406364440918	-1	910
21.723856687545776	-1	140
21.76510787010193	-1	1256
22.881445169448853	-1	1256
22.881471872329712	-1	910
22.881477117538452	-1	1256
22.88148021697998	-1	928
22.881483793258667	-1	1256
22.881486892700195	-1	910
22.88149094581604	-1	1256
22.88149404525757	-1	910
22.881497383117676	-1	1256
22.881500720977783	-1	910
22.88150429725647	-1	1256
22.88150715827942	-1	982
22.881510496139526	-1	1256
22.881513357162476	-1	910
22.88152265548706	-1	1256
22.881738662719727	-1	910
22.885127067565918	-1	1256
22.88513422012329	-1	1256
22.885135889053345	-1	576
22.88513970375061	-1	1256
22.88522481918335	-1	611
22.89298939704895	-1	1256
22.89300513267517	-1	1256
22.89301085472107	-1	1256
22.893014907836914	-1	1256
22.89301872253418	-1	1256
22.893023252487183	-1	1256
22.89302945137024	-1	1256
22.894575834274292	-1	1256
22.894595861434937	-1	1256
22.89460301399231	-1	1256
22.89460825920105	-1	1256
22.894611597061157	-1	1256
22.894615650177002	-1	305
22.90176796913147	-1	611
22.927969932556152	-1	611
22.938902616500854	-1	611
22.949555158615112	-1	1125
22.962926626205444	-1	611
22.972114086151123	-1	611
22.988836765289307	-1	611
23.000333070755005	-1	1516
23.029827117919922	-1	1516
23.061474800109863	-1	828
24.655022621154785	-1	1256
24.655048847198486	-1	910
25.345284461975098	-1	1256
25.345309734344482	-1	910
25.345316171646118	-1	1256
25.345319747924805	-1	910
25.345323085784912	-1	1256
25.34532594680786	-1	540
25.345329523086548	-1	1256
25.345330238342285	-1	910
25.34533166885376	-1	1256
25.345332384109497	-1	910
25.345333576202393	-1	1256
25.34533405303955	-1	548
25.345335721969604	-1	1256
25.34533667564392	-1	325
25.34534502029419	-1	1256
25.345361948013306	-1	910
25.34576416015625	-1	1125
25.3462553024292	-1	1256
25.34626317024231	-1	1256
25.34627413749695	-1	556
25.346275568008423	-1	1256
25.346280574798584	-1	1256
25.355769634246826	-1	1516
25.387174367904663	-1	1256
25.387187480926514	-1	1256
25.387189626693726	-1	1256
25.387190580368042	-1	826
25.41550612449646	-1	1516
25.424185514450073	-1	1342
26.568390369415283	-1	611
26.56840205192566	-1	1256
26.56840419769287	-1	910
26.571340560913086	-1	1256
26.571351289749146	-1	928
26.571372509002686	-1	1256
26.572046279907227	-1	1128
26.57206439971924	-1	1256
26.572065830230713	-1	910
26.572668313980103	-1	1256
26.572675704956055	-1	946
26.57267951965332	-1	1256
26.573203802108765	-1	910
26.573210954666138	-1	1256
26.573219060897827	-1	910
26.578370571136475	-1	611
26.60034728050232	-1	902
26.655205249786377	-1	1256
26.655223608016968	-1	910
26.655832052230835	-1	1256
26.655853986740112	-1	928
26.655863523483276	-1	1256
26.655983448028564	-1	530
26.656081914901733	-1	611
26.67648673057556	-1	1125
26.680612802505493	-1	1256
26.6806218624115	-1	170
26.706286907196045	-1	611
26.707372426986694	-1	1256
26.707380056381226	-1	910
26.71148109436035	-1	902
26.790261268615723	-1	1256
26.79027485847473	-1	312
26.79765224456787	-1	611
26.93820595741272	-1	1256
26.938217878341675	-1	296
26.93832802772522	-1	611
29.034287929534912	-1	611
29.034297466278076	-1	1256
29.034299850463867	-1	910
29.034302473068237	-1	1256
29.034303426742554	-1	1020
29.03457760810852	-1	1125
29.04646372795105	-1	611
29.94737410545349	-1	611
30.346451997756958	-1	611
30.443253993988037	-1	611
30.866786241531372	-1	1256
30.866817474365234	-1	910
30.955528497695923	-1	1151
30.994723320007324	-1	611
31.004642009735107	-1	1516
31.004661798477173	-1	1516
31.022289991378784	-1	1516
31.02230143547058	-1	1516
31.029110431671143	-1	1516
31.029117822647095	-1	1516
31.05887246131897	-1	1516
31.058879852294922	-1	1516
31.079461097717285	-1	1516
31.079469680786133	-1	1516
31.09607195854187	-1	1516
31.096076011657715	-1	762
31.159500122070312	-1	762
31.37998342514038	-1	611
31.395500421524048	-1	1516
31.87550640106201	-1	1516
31.939504146575928	-1	611
32.80354022979736	-1	1516
33.18750977516174	-1	611
33.24911189079285	-1	762
33.98075079917908	-1	611
33.981831312179565	-1	1125
34.25094413757324	-1	1154
34.25120139122009	-1	611
34.278823137283325	-1	611
34.86402368545532	-1	611
34.86403965950012	-1	1256
34.86404252052307	-1	910
34.89005732536316	-1	611
34.91549468040466	-1	1256
34.91552233695984	-1	1128
34.945250511169434	-1	456
34.94736695289612	-1	611
34.96204352378845	-1	611
35.07095742225647	-1	1256
35.07098460197449	-1	312
35.15405058860779	-1	750
35.166850090026855	-1	611
35.22360110282898	-1	1256
35.22362422943115	-1	910
35.24500632286072	-1	1256
35.24501633644104	-1	910
35.24502205848694	-1	1256
35.24502372741699	-1	1128
35.25368928909302	-1	902
35.267667293548584	-1	1256
35.26767182350159	-1	910
35.26767587661743	-1	1256
35.26791763305664	-1	1146
35.324355363845825	-1	1256
35.32436513900757	-1	910
35.34405493736267	-1	902
35.41140532493591	-1	1256
35.41141390800476	-1	910
35.44564914703369	-1	369
36.70476961135864	-1	369
36.94694948196411	-1	611
37.630868673324585	-1	1256
37.63089466094971	-1	312
37.69915509223938	-1	1256
37.6991765499115	-1	1162
37.699732542037964	-1	611
37.70924520492554	-1	1125
37.71560835838318	-1	1125
37.735637187957764	-1	1125
38.23999357223511	-1	1256
38.24001908302307	-1	910
38.24672794342041	-1	637
38.355870723724365	-1	1256
38.35589671134949	-1	910
38.38642454147339	-1	1256
38.386441230773926	-1	1146
38.426074743270874	-1	456
38.42798447608948	-1	611
38.453977823257446	-1	1125
38.611480951309204	-1	1256
38.61149621009827	-1	910
38.61150050163269	-1	1256
38.611501932144165	-1	928
38.63153576850891	-1	1256
38.631547689437866	-1	530
38.63156509399414	-1	1256
38.631566762924194	-1	910
38.63647222518921	-1	902
38.648242473602295	-1	1256
38.64827489852905	-1	312
38.64838457107544	-1	611
38.66789793968201	-1	1256
38.667911767959595	-1	312
39.16235160827637	-1	1256
39.16236472129822	-1	910
39.16236877441406	-1	1256
39.16237020492554	-1	503
39.16237211227417	-1	1256
39.162373065948486	-1	910
39.1623752117157	-1	1256
39.162376403808594	-1	506
39.171523571014404	-1	611
39.286500215530396	-1	1256
39.286511182785034	-1	312
39.38828992843628	-1	1235
41.31114077568054	-1	1256
41.31116771697998	-1	312
41.33046627044678	-1	1235
41.35277342796326	-1	1125
42.10401511192322	-1	611
42.173929929733276	-1	611
46.54345178604126	-1	611
48.68489456176758	-1	611
51.85804891586304	-1	611
52.32350444793701	-1	611
53.347506046295166	-1	611
54.52121353149414	-1	611
55.52750587463379	-1	611
55.76180696487427	-1	611
56.22750401496887	-1	611
56.97912836074829	-1	611
57.1875057220459	-1	611
60.91439938545227	-1	611
61.34750556945801	-1	611
61.5871958732605	-1	611
66.8503007888794	-1	611
67.0915036201477	-1	611
67.33150553703308	-1	611
67.52462220191956	-1	611
67.59721350669861	-1	611
67.59723091125488	-1	611
69.27077627182007	-1	611
69.35717535018921	-1	611
69.35741186141968	-1	611
69.36906814575195	-1	611
69.57442331314087	-1	611
73.59680461883545	-1	611
75.41298770904541	-1	611
75.52953886985779	-1	611
81.61794090270996	-1	611
84.42014408111572	-1	611
84.93550515174866	-1	611
85.55638527870178	-1	611
85.98750734329224	-1	611
90.09178471565247	-1	611
90.49950671195984	-1	611
91.17150616645813	-1	611
92.0110592842102	-1	611
95.45994305610657	-1	611
96.03550386428833	-1	611
96.98517346382141	-1	611
97.28350520133972	-1	611
97.46985697746277	-1	611
98.68722581863403	-1	1516
98.68955087661743	-1	705
98.74888372421265	-1	611
