0.0	-1	611
0.014551401138305664	-1	611
0.9948179721832275	-1	611
4.832989931106567	-1	611
5.493603944778442	-1	611
5.669802188873291	-1	611
5.993713617324829	-1	611
6.670823335647583	-1	611
10.683040142059326	-1	611
11.075968503952026	-1	611
11.715968132019043	-1	611
11.781620979309082	-1	611
13.716362237930298	-1	611
13.723085880279541	-1	611
14.694350957870483	-1	611
15.075969934463501	-1	611
15.58397126197815	-1	611
16.529438972473145	-1	1125
16.7031307220459	-1	611
20.72213578224182	-1	611
21.251976251602173	-1	611
21.73717761039734	-1	1516
21.745634078979492	-1	734
22.365532636642456	-1	611
25.74026608467102	-1	611
26.49997091293335	-1	611
26.74014711380005	-1	611
27.384394884109497	-1	611
27.88997220993042	-1	611
30.745835781097412	-1	611
31.395990133285522	-1	611
32.92797088623047	-1	611
32.95638728141785	-1	611
34.12414598464966	-1	611
35.773839712142944	-1	611
36.31996703147888	-1	611
37.63197135925293	-1	611
37.64201998710632	-1	611
38.05297923088074	-1	611
40.79987072944641	-1	611
41.279969215393066	-1	611
42.39996957778931	-1	611
42.637327432632446	-1	611
42.70426082611084	-1	611
45.820754051208496	-1	611
46.832640409469604	-1	611
47.42937469482422	-1	611
50.0688841342926	-1	611
50.49600839614868	-1	611
51.32797050476074	-1	611
52.9599711894989	-1	611
53.06900644302368	-1	1516
53.06901979446411	-1	249
55.172969341278076	-1	611
55.58396816253662	-1	611
55.87004828453064	-1	611
56.12802505493164	-1	611
56.26372051239014	-1	611
56.8667094707489	-1	611
58.80218839645386	-1	611
60.88131499290466	-1	611
61.89501070976257	-1	611
61.90891432762146	-1	611
65.67217254638672	-1	611
65.89500451087952	-1	1125
66.89542317390442	-1	611
66.89773726463318	-1	611
69.70083165168762	-1	611
69.70112872123718	-1	611
70.29577159881592	-1	611
70.2961494922638	-1	611
70.89733219146729	-1	611
70.8997004032135	-1	611
70.90447568893433	-1	611
70.9124927520752	-1	611
71.51942205429077	-1	611
71.51970219612122	-1	611
71.8987467288971	-1	611
71.8988254070282	-1	611
72.19196963310242	-1	611
72.22396850585938	-1	611
72.51596999168396	-1	611
72.5759687423706	-1	611
72.94158363342285	-1	611
72.94192862510681	-1	611
73.35986638069153	-1	611
73.3601930141449	-1	611
73.97957348823547	-1	611
73.97991967201233	-1	611
74.00509548187256	-1	611
74.00561547279358	-1	611
74.89803099632263	-1	611
74.90191745758057	-1	611
74.98676300048828	-1	1125
74.98744297027588	-1	611
75.82130146026611	-1	611
75.82132840156555	-1	2098
75.82133507728577	-1	2688
75.82133722305298	-1	1644
75.821702003479	-1	611
75.89417290687561	-1	611
76.16396903991699	-1	611
76.4159688949585	-1	611
76.6080105304718	-1	611
76.72944951057434	-1	1378
77.0466992855072	-1	843
77.04778051376343	-1	611
77.07821106910706	-1	611
77.2140531539917	-1	611
77.21435046195984	-1	611
77.31596899032593	-1	611
77.33547878265381	-1	611
77.67042541503906	-1	611
78.2755401134491	-1	1378
78.27575659751892	-1	611
78.28849172592163	-1	387
78.28853583335876	-1	611
79.20557188987732	-1	611
79.2066240310669	-1	1125
80.73458290100098	-1	2098
80.74813795089722	-1	637
80.75004076957703	-1	611
80.76683449745178	-1	611
80.9095528125763	-1	1516
80.90958166122437	-1	191
80.90962147712708	-1	611
81.35506296157837	-1	611
81.41385078430176	-1	1378
81.41437578201294	-1	611
81.57260251045227	-1	387
81.57284307479858	-1	611
81.89748430252075	-1	611
82.11559343338013	-1	611
82.11599254608154	-1	611
82.24466848373413	-1	1378
82.246666431427	-1	611
82.25688028335571	-1	611
82.42511415481567	-1	358
82.42658925056458	-1	1125
83.21240043640137	-1	611
83.21241450309753	-1	1668
83.22800159454346	-1	611
83.24031019210815	-1	611
83.27816081047058	-1	2098
83.89679670333862	-1	611
84.12397050857544	-1	611
85.34397435188293	-1	640
85.34401154518127	-1	2132
85.34401512145996	-1	2098
85.34632015228271	-1	611
85.43218660354614	-1	1180
85.43222880363464	-1	611
85.46541452407837	-1	611
85.90117478370667	-1	611
86.78877091407776	-1	611
86.78927993774414	-1	611
86.86429738998413	-1	611
86.90062618255615	-1	611
87.3458776473999	-1	611
87.61600613594055	-1	611
87.90397119522095	-1	611
88.42414426803589	-1	2098
88.44779777526855	-1	637
88.44796419143677	-1	611
89.39520382881165	-1	2098
89.4227967262268	-1	2098
89.42282152175903	-1	2098
89.45938634872437	-1	657
89.55442070960999	-1	2098
89.57340884208679	-1	1968
89.6095495223999	-1	1378
89.704181432724	-1	2098
89.7102620601654	-1	658
89.729238986969	-1	2098
89.7292697429657	-1	2116
89.73906469345093	-1	1516
89.74554824829102	-1	1812
89.77953791618347	-1	658
89.86744141578674	-1	2098
89.86757564544678	-1	611
89.86913466453552	-1	2098
89.88543462753296	-1	2098
89.88546705245972	-1	1838
90.01487183570862	-1	2098
90.01650357246399	-1	2098
90.0725257396698	-1	2098
90.07255339622498	-1	2098
90.07255983352661	-1	2170
90.07256650924683	-1	2098
90.08490681648254	-1	2098
90.0850157737732	-1	611
90.12385129928589	-1	1506
90.17557859420776	-1	2098
90.19320821762085	-1	2116
90.19323396682739	-1	2098
90.19333052635193	-1	611
90.19660210609436	-1	1820
90.23784017562866	-1	1378
90.32256650924683	-1	2098
90.32715344429016	-1	2116
90.34069871902466	-1	2098
90.3471691608429	-1	2540
90.35143280029297	-1	611
90.36062669754028	-1	1516
90.36653709411621	-1	658
90.36657810211182	-1	1516
90.39704990386963	-1	799
90.88202977180481	-1	2098
90.91044640541077	-1	611
90.96059322357178	-1	102
90.96089839935303	-1	1125
91.91013431549072	-1	611
92.28797030448914	-1	611
92.88344073295593	-1	611
92.88456678390503	-1	1125
92.90310835838318	-1	611
92.90311861038208	-1	2098
92.90428829193115	-1	1125
92.91988849639893	-1	2098
92.91991400718689	-1	2098
92.93995547294617	-1	510
92.93997526168823	-1	2098
92.94010710716248	-1	611
92.95448040962219	-1	2098
92.97044658660889	-1	1396
92.97279667854309	-1	2098
92.9728274345398	-1	1968
92.99053072929382	-1	1378
92.99054765701294	-1	1516
92.99312567710876	-1	1177
92.99440312385559	-1	1125
93.00426435470581	-1	1516
93.00499987602234	-1	1516
93.01527881622314	-1	1342
93.03603458404541	-1	1125
93.78340935707092	-1	2098
93.83545660972595	-1	1516
93.8427095413208	-1	650
93.84271955490112	-1	2098
93.84273362159729	-1	2098
93.84274196624756	-1	2098
93.84349179267883	-1	611
93.85276341438293	-1	1516
93.852778673172	-1	1516
93.85563588142395	-1	527
93.88138461112976	-1	1516
93.88507795333862	-1	922
93.94346475601196	-1	1378
94.093270778656	-1	2098
94.11149907112122	-1	2098
94.11152338981628	-1	2098
94.1116247177124	-1	611
94.11506843566895	-1	2098
94.12423181533813	-1	1516
94.12424969673157	-1	1516
94.12948966026306	-1	799
94.13079047203064	-1	2098
94.13170647621155	-1	2170
94.13450360298157	-1	898
94.13670635223389	-1	1516
94.13856363296509	-1	191
94.25352096557617	-1	2098
94.2801079750061	-1	658
94.41885304450989	-1	2098
94.41888666152954	-1	1968
94.4235315322876	-1	2098
94.42543578147888	-1	611
94.43806052207947	-1	1125
94.43921828269958	-1	2098
94.45506262779236	-1	104
94.87432384490967	-1	2098
94.87705063819885	-1	611
94.89892649650574	-1	710
94.89984464645386	-1	1516
94.90184545516968	-1	220
94.93489241600037	-1	2098
94.9396071434021	-1	1125
94.95146226882935	-1	2098
94.95254707336426	-1	2098
94.97485613822937	-1	1820
95.06407809257507	-1	519
95.90943360328674	-1	611
96.40317511558533	-1	2098
96.40320563316345	-1	2116
96.40321373939514	-1	2098
96.40321826934814	-1	1516
96.70396971702576	-1	611
96.75182843208313	-1	2098
96.91217994689941	-1	611
96.91720986366272	-1	2098
96.91722774505615	-1	2410
96.91723799705505	-1	1516
96.96076774597168	-1	11000
96.96089720726013	-1	611
96.98084664344788	-1	6158
96.98087573051453	-1	611
96.99627542495728	-1	2098
96.9962944984436	-1	2098
96.99830079078674	-1	1708
97.017409324646	-1	3408
97.0177710056305	-1	2116
97.0178632736206	-1	611
97.03560733795166	-1	2098
97.03563261032104	-1	1516
97.03616762161255	-1	1092
97.03617835044861	-1	2098
97.05459785461426	-1	2098
97.05606961250305	-1	528
97.05607962608337	-1	2964
97.0562355518341	-1	512
97.06960248947144	-1	1968
97.07337594032288	-1	2098
97.07636284828186	-1	2688
97.08696055412292	-1	2116
97.08983635902405	-1	2098
97.10470008850098	-1	2098
97.10480427742004	-1	611
97.10815095901489	-1	2098
97.10816645622253	-1	2170
97.12592768669128	-1	2098
97.12595653533936	-1	2098
97.12596035003662	-1	2078
97.14415264129639	-1	3408
97.14418530464172	-1	1516
97.14486837387085	-1	668
97.14487981796265	-1	2098
97.16730570793152	-1	140
97.16732120513916	-1	1166
97.16733646392822	-1	2098
97.16735434532166	-1	2098
97.18480944633484	-1	2798
97.18625807762146	-1	2098
97.1862633228302	-1	2116
97.1880452632904	-1	2540
97.19852447509766	-1	623
97.2034273147583	-1	2098
97.20482397079468	-1	1950
97.20483827590942	-1	2098
97.20582628250122	-1	2098
97.26184463500977	-1	1516
97.26187252998352	-1	1516
97.26188111305237	-1	1232
97.26188445091248	-1	1516
97.26201844215393	-1	611
97.27257704734802	-1	650
97.2726571559906	-1	1516
97.27266836166382	-1	191
97.6340844631195	-1	2098
97.6341004371643	-1	2098
97.63410377502441	-1	2170
97.63410592079163	-1	2098
97.63449358940125	-1	611
97.63697052001953	-1	1516
97.64429354667664	-1	1516
97.6443099975586	-1	1516
97.66137266159058	-1	8756
97.66138935089111	-1	1232
97.66140079498291	-1	1342
97.67226648330688	-1	1516
97.68913149833679	-1	1516
97.68916749954224	-1	8756
97.68918037414551	-1	1248
97.69893288612366	-1	5860
97.69895243644714	-1	611
97.70098996162415	-1	6538
97.71278834342957	-1	1516
97.73973155021667	-1	220
98.64354157447815	-1	1516
98.64584493637085	-1	1219
98.6610050201416	-1	1516
98.74397778511047	-1	1219
