0.0	-1	611
0.00011754035949707031	-1	611
0.09087395668029785	-1	1154
0.09097838401794434	-1	611
0.11135554313659668	-1	611
4.087890863418579	-1	611
4.459071159362793	-1	611
4.939070701599121	-1	611
5.043716192245483	-1	611
5.5291430950164795	-1	611
5.529406547546387	-1	611
6.147228240966797	-1	611
6.147619009017944	-1	611
6.5219831466674805	-1	611
7.042867660522461	-1	611
7.0479278564453125	-1	611
7.157766342163086	-1	611
7.158775806427002	-1	1125
7.806156158447266	-1	611
7.80652928352356	-1	611
7.922272205352783	-1	2098
7.930561065673828	-1	658
9.220829248428345	-1	2098
9.220864057540894	-1	2688
9.220874547958374	-1	1652
9.221324920654297	-1	611
9.25123906135559	-1	1125
10.14932918548584	-1	611
10.149350643157959	-1	1668
10.1498441696167	-1	611
10.168680191040039	-1	611
11.06135892868042	-1	611
11.062405109405518	-1	1125
14.046739339828491	-1	1516
14.049047470092773	-1	191
14.139065980911255	-1	191
14.395068168640137	-1	1516
14.860613822937012	-1	2098
14.875520706176758	-1	637
14.923106908798218	-1	1516
15.033707618713379	-1	1154
15.051617860794067	-1	191
15.897626876831055	-1	611
15.897978067398071	-1	611
15.995864391326904	-1	1378
15.996042013168335	-1	611
16.046242475509644	-1	611
16.282187461853027	-1	872
16.282508611679077	-1	611
16.589143753051758	-1	611
16.589410543441772	-1	611
16.87802767753601	-1	611
16.885586500167847	-1	611
16.89201831817627	-1	1125
17.203697443008423	-1	1125
17.510951280593872	-1	1378
17.51143765449524	-1	611
17.53540849685669	-1	1444
17.548787117004395	-1	611
17.5645534992218	-1	611
17.81804347038269	-1	611
17.818535566329956	-1	611
18.043105602264404	-1	611
18.267066717147827	-1	611
18.735065937042236	-1	611
19.04729723930359	-1	611
19.047333002090454	-1	611
19.047344207763672	-1	1668
19.969706535339355	-1	2098
19.96974229812622	-1	2116
19.9697527885437	-1	2098
19.983231782913208	-1	5897
20.157174348831177	-1	2098
20.15720224380493	-1	2098
20.169052839279175	-1	104
20.214715480804443	-1	2098
20.21474289894104	-1	2098
20.21474814414978	-1	2098
20.214752435684204	-1	1672
20.23165512084961	-1	1378
20.231682300567627	-1	2098
20.251888036727905	-1	640
20.25682282447815	-1	1378
20.25700044631958	-1	611
20.58511781692505	-1	2098
20.585156440734863	-1	2116
20.58515954017639	-1	3260
20.585161924362183	-1	2098
20.585163354873657	-1	2134
20.62300133705139	-1	10360
20.655292749404907	-1	1378
20.672404289245605	-1	611
20.68359136581421	-1	1516
20.688488483428955	-1	1219
20.767155408859253	-1	2098
20.76729702949524	-1	1125
20.77513813972473	-1	658
20.782506465911865	-1	2090
20.783464431762695	-1	611
20.78973412513733	-1	1516
20.78991985321045	-1	650
20.798635244369507	-1	1125
20.801389932632446	-1	1950
20.801405429840088	-1	2098
20.830719232559204	-1	658
20.83240842819214	-1	2098
20.85950207710266	-1	658
21.19767928123474	-1	1265
23.655341386795044	-1	611
23.656627893447876	-1	1125
23.724260807037354	-1	1125
23.725443363189697	-1	1125
23.735291719436646	-1	1125
24.886662244796753	-1	2098
24.88668918609619	-1	1665
24.88669514656067	-1	3408
24.886699199676514	-1	1968
24.886704206466675	-1	3408
24.886709213256836	-1	2688
24.889147758483887	-1	611
24.894202709197998	-1	893
24.90082287788391	-1	1516
24.92231798171997	-1	1219
26.728489637374878	-1	1639
26.72850275039673	-1	1668
26.728764533996582	-1	611
26.740041971206665	-1	1125
26.888758182525635	-1	1125
26.895798206329346	-1	1516
26.897151708602905	-1	705
27.058420658111572	-1	611
27.342198371887207	-1	2098
27.37945032119751	-1	637
28.04446268081665	-1	1125
28.044546604156494	-1	611
28.747947454452515	-1	2098
28.74796986579895	-1	1968
28.747978448867798	-1	3366
28.747983694076538	-1	2116
28.747989654541016	-1	2098
28.747994661331177	-1	2540
28.748000621795654	-1	2098
28.748032569885254	-1	1516
28.74862241744995	-1	650
28.748636484146118	-1	1936
28.748643398284912	-1	2098
28.74872326850891	-1	611
28.751710176467896	-1	2688
28.752050399780273	-1	1968
28.770083904266357	-1	2098
28.770113945007324	-1	2116
28.784231901168823	-1	611
28.78769302368164	-1	1230
28.78770351409912	-1	2688
28.80467700958252	-1	1378
28.805622100830078	-1	2964
28.805787086486816	-1	647
28.807446002960205	-1	1125
28.81879949569702	-1	658
28.82408857345581	-1	2098
28.824426889419556	-1	1968
28.837708473205566	-1	1315
28.89070749282837	-1	1125
28.89084005355835	-1	611
31.055288791656494	-1	1516
31.057578086853027	-1	1516
31.060417413711548	-1	1516
31.071529865264893	-1	1516
31.07154154777527	-1	1516
31.644081592559814	-1	2098
31.644107341766357	-1	1665
31.644113302230835	-1	2098
31.646028757095337	-1	611
31.670602083206177	-1	1209
31.671376943588257	-1	611
32.87254214286804	-1	611
32.872848987579346	-1	611
32.96295475959778	-1	611
33.494319438934326	-1	611
34.64646339416504	-1	1125
34.87909960746765	-1	1125
35.11107134819031	-1	1125
35.59510374069214	-1	1125
36.75319766998291	-1	611
36.772284746170044	-1	611
36.77230668067932	-1	1256
36.77231192588806	-1	509
36.787211179733276	-1	611
36.79397225379944	-1	1256
36.79399037361145	-1	509
36.79399538040161	-1	1256
36.79399871826172	-1	509
36.81008768081665	-1	1256
36.81010556221008	-1	1052
36.81363105773926	-1	1256
36.813639640808105	-1	509
36.83125591278076	-1	1256
36.83333444595337	-1	1256
36.8333477973938	-1	1256
36.8333523273468	-1	305
36.848238945007324	-1	611
36.848249197006226	-1	1256
36.84825134277344	-1	1023
36.850014209747314	-1	1256
36.85001993179321	-1	509
36.86813473701477	-1	1256
36.86814522743225	-1	509
36.86815810203552	-1	1256
36.86815929412842	-1	509
36.88812184333801	-1	1256
36.88813376426697	-1	509
36.88815140724182	-1	1256
36.88815355300903	-1	509
36.88957977294922	-1	1256
36.88958978652954	-1	509
36.889604330062866	-1	1256
36.88960599899292	-1	509
36.90753722190857	-1	611
36.90755009651184	-1	1256
36.90756630897522	-1	509
36.930137634277344	-1	1154
39.36377263069153	-1	611
39.75506567955017	-1	611
40.45906662940979	-1	611
41.167202949523926	-1	1125
41.167882204055786	-1	1516
41.175204038619995	-1	1516
41.184088706970215	-1	1516
41.204153060913086	-1	1494
42.09135365486145	-1	611
42.0916965007782	-1	611
42.703521728515625	-1	611
42.70381712913513	-1	611
42.84341382980347	-1	611
46.07264494895935	-1	611
46.69724917411804	-1	611
46.697383880615234	-1	611
46.71210980415344	-1	611
46.712456941604614	-1	611
47.31170845031738	-1	611
47.311976194381714	-1	611
48.018776655197144	-1	611
53.149070739746094	-1	611
55.30799889564514	-1	611
56.08349323272705	-1	1516
56.08353042602539	-1	1516
56.09457969665527	-1	1516
56.09458899497986	-1	1516
56.23506474494934	-1	1016
56.7464919090271	-1	611
56.843069553375244	-1	1516
56.94904088973999	-1	1516
56.94905424118042	-1	1516
56.955557346343994	-1	1516
56.95556426048279	-1	1016
57.75732946395874	-1	611
57.75765919685364	-1	611
58.259079933166504	-1	611
58.259472131729126	-1	611
58.986576557159424	-1	611
59.07521367073059	-1	1125
59.07530355453491	-1	611
59.911527156829834	-1	611
59.91169762611389	-1	611
60.00120306015015	-1	611
60.00134563446045	-1	611
66.51571750640869	-1	611
66.527423620224	-1	611
68.67639446258545	-1	611
68.97106719017029	-1	611
69.29106974601746	-1	611
70.0485327243805	-1	611
71.09984469413757	-1	1516
71.09986782073975	-1	1516
71.12221717834473	-1	1516
71.12223148345947	-1	1465
71.1304349899292	-1	1125
71.58683395385742	-1	611
71.58709836006165	-1	611
73.1271870136261	-1	611
73.12753558158875	-1	611
74.0429573059082	-1	611
74.04297876358032	-1	611
77.6771891117096	-1	611
78.02706575393677	-1	611
78.47506856918335	-1	611
79.3710732460022	-1	611
80.1884994506836	-1	611
80.18856620788574	-1	611
80.1960072517395	-1	611
86.11506986618042	-1	1516
86.1173803806305	-1	1516
86.25910091400146	-1	1516
86.3541669845581	-1	1516
86.35430598258972	-1	1074
86.94353985786438	-1	611
86.94380974769592	-1	611
88.48378872871399	-1	611
88.48408889770508	-1	611
88.51304078102112	-1	611
88.79666066169739	-1	611
90.10647773742676	-1	1516
90.10650610923767	-1	191
90.10654020309448	-1	611
90.24706435203552	-1	191
90.53906512260437	-1	611
90.548992395401	-1	611
90.55169939994812	-1	611
90.5701413154602	-1	611
91.25552892684937	-1	611
91.25566411018372	-1	611
91.39832067489624	-1	611
91.39844846725464	-1	611
97.87414789199829	-1	611
97.89145040512085	-1	1516
97.89146876335144	-1	1516
97.91202473640442	-1	1516
97.99341821670532	-1	1436
