0.0	-1	611
0.4031081199645996	-1	611
0.9510867595672607	-1	611
1.1297199726104736	-1	611
1.1544277667999268	-1	1256
1.1544394493103027	-1	509
4.038984298706055	-1	611
4.563082456588745	-1	611
5.143178224563599	-1	611
5.143190860748291	-1	611
5.149515628814697	-1	611
5.2032976150512695	-1	611
5.7549097537994385	-1	611
5.755279302597046	-1	611
5.845287799835205	-1	1378
5.84557318687439	-1	611
5.857651710510254	-1	387
5.857668161392212	-1	1125
5.882860898971558	-1	1125
6.521044969558716	-1	611
6.521346807479858	-1	611
6.593461990356445	-1	1154
6.593864917755127	-1	611
6.615909099578857	-1	2098
6.623631000518799	-1	658
6.715027809143066	-1	1378
6.859312295913696	-1	2098
6.861567735671997	-1	611
6.863878488540649	-1	658
6.871125936508179	-1	611
6.9023356437683105	-1	287
6.951491355895996	-1	2098
6.958086252212524	-1	658
6.974332094192505	-1	1378
7.12481951713562	-1	1378
7.1849775314331055	-1	1378
7.185992956161499	-1	611
7.196088790893555	-1	611
7.599681854248047	-1	345
8.831022024154663	-1	1516
8.8367338180542	-1	1849
8.836952209472656	-1	611
8.848804235458374	-1	611
8.860034942626953	-1	611
8.869279861450195	-1	611
9.744214057922363	-1	2098
9.815810680389404	-1	637
9.884460210800171	-1	611
9.88448691368103	-1	2098
9.884492635726929	-1	2688
9.885499477386475	-1	1125
9.901256084442139	-1	1968
9.918287754058838	-1	611
9.918317794799805	-1	1516
9.918562412261963	-1	1240
9.976897239685059	-1	2098
9.989754915237427	-1	658
10.100768327713013	-1	2098
10.108525276184082	-1	658
10.136414051055908	-1	2098
10.14139723777771	-1	658
10.159630298614502	-1	2098
10.15965485572815	-1	2116
10.166325092315674	-1	1230
10.178762435913086	-1	2098
10.178901433944702	-1	611
10.18937635421753	-1	658
10.191365242004395	-1	2098
10.201875448226929	-1	658
10.206448078155518	-1	2098
10.224626302719116	-1	658
10.287325859069824	-1	2098
10.29411005973816	-1	658
10.412877798080444	-1	1378
10.412891387939453	-1	2098
10.415407419204712	-1	1968
10.450081825256348	-1	2098
10.455054521560669	-1	658
10.462684869766235	-1	2098
10.470345973968506	-1	2116
10.482417583465576	-1	2098
10.48242712020874	-1	1820
10.482540130615234	-1	611
10.489450454711914	-1	2098
10.502692937850952	-1	658
10.502705812454224	-1	611
10.54487156867981	-1	2098
10.544884443283081	-1	2098
10.544886350631714	-1	1248
10.56530499458313	-1	611
10.566528797149658	-1	2098
10.566537141799927	-1	1968
10.5765962600708	-1	1516
10.576619148254395	-1	1219
10.596583843231201	-1	611
10.604203224182129	-1	2098
10.604217767715454	-1	1968
10.607563257217407	-1	1125
10.981146335601807	-1	2098
10.981160163879395	-1	2116
10.98116397857666	-1	2098
10.981482028961182	-1	1125
10.987882852554321	-1	913
10.99129056930542	-1	611
11.003453016281128	-1	611
12.991576433181763	-1	611
13.742954015731812	-1	1125
13.74297046661377	-1	3408
13.742974758148193	-1	1968
13.742977380752563	-1	2098
13.742979764938354	-1	2116
13.742982387542725	-1	2480
13.74299168586731	-1	1516
13.743256568908691	-1	611
13.75521969795227	-1	1516
13.755238056182861	-1	1516
13.755680799484253	-1	9311
13.763642072677612	-1	1342
13.766013383865356	-1	1516
13.766018629074097	-1	1516
13.775444030761719	-1	1516
13.775463819503784	-1	1516
13.788277387619019	-1	502
14.67271614074707	-1	611
14.672733068466187	-1	2182
14.672738552093506	-1	2098
14.672741889953613	-1	1968
14.672744750976562	-1	2098
14.67274785041809	-1	2688
14.672750473022461	-1	2116
14.678401231765747	-1	1516
14.678420782089233	-1	1516
14.681071758270264	-1	1230
14.687947988510132	-1	285
14.688435554504395	-1	611
14.699710369110107	-1	611
14.772472381591797	-1	2098
14.772631406784058	-1	611
14.779986381530762	-1	658
14.834501504898071	-1	2098
14.834900140762329	-1	1968
14.836453914642334	-1	611
14.843814849853516	-1	1516
14.843833923339844	-1	1516
14.852216958999634	-1	285
14.85282301902771	-1	1378
14.93037724494934	-1	2098
14.93128752708435	-1	2688
14.931303977966309	-1	2688
14.947108268737793	-1	2098
14.948170900344849	-1	611
14.95742392539978	-1	1230
14.959669589996338	-1	1125
15.083347797393799	-1	2098
15.08409333229065	-1	611
15.09782338142395	-1	1125
15.099611282348633	-1	1968
15.11479139328003	-1	1378
15.116512060165405	-1	611
15.116647481918335	-1	611
15.143875360488892	-1	2098
15.147655963897705	-1	611
15.161547183990479	-1	2116
15.162394762039185	-1	611
15.16659688949585	-1	1230
15.17133116722107	-1	1516
15.171342849731445	-1	191
15.197502374649048	-1	1010
15.202692985534668	-1	623
15.20901370048523	-1	1516
15.2201509475708	-1	650
15.220820188522339	-1	611
15.443082094192505	-1	611
15.667082071304321	-1	611
16.115081310272217	-1	611
16.50564956665039	-1	1516
16.505676984786987	-1	611
16.641626358032227	-1	611
16.64201045036316	-1	611
16.66070318222046	-1	1125
16.894955158233643	-1	1378
16.948763132095337	-1	611
16.959968328475952	-1	1516
16.959981441497803	-1	1516
16.96845531463623	-1	1516
16.97133445739746	-1	1516
16.971341133117676	-1	1045
17.085368633270264	-1	611
17.15439748764038	-1	329
17.154433250427246	-1	2211
17.163066625595093	-1	611
17.173213243484497	-1	2098
17.17324924468994	-1	1968
17.186729669570923	-1	1378
17.186758756637573	-1	1125
17.190191507339478	-1	2098
17.19109320640564	-1	2116
17.199691772460938	-1	1516
17.203414916992188	-1	2540
17.203439950942993	-1	1248
17.21039319038391	-1	3408
17.210708141326904	-1	1968
17.229840517044067	-1	2098
17.2298743724823	-1	1968
17.236207246780396	-1	1378
17.23623538017273	-1	1154
17.247549057006836	-1	2098
17.24819803237915	-1	2272
17.248210906982422	-1	1378
17.26346254348755	-1	2688
17.263490676879883	-1	2704
17.264411211013794	-1	1125
17.268860340118408	-1	358
17.27551555633545	-1	1516
17.275533437728882	-1	705
17.350374698638916	-1	611
17.350608348846436	-1	611
18.045100212097168	-1	611
18.047550916671753	-1	611
18.0475652217865	-1	1516
18.04783320426941	-1	611
18.049570083618164	-1	1211
18.049585342407227	-1	1516
18.049591064453125	-1	1516
18.049829959869385	-1	1516
18.062026023864746	-1	1536
18.096062660217285	-1	611
18.09659767150879	-1	611
18.658562660217285	-1	1378
18.65859580039978	-1	2098
18.658806085586548	-1	611
18.659201860427856	-1	2688
18.65921711921692	-1	1516
18.659847259521484	-1	520
18.65985894203186	-1	1516
18.659867525100708	-1	1516
18.66914129257202	-1	2964
18.669169902801514	-1	788
18.66917872428894	-1	611
18.669615507125854	-1	2964
18.67096996307373	-1	4412
18.680148124694824	-1	4412
18.680646181106567	-1	964
18.680657625198364	-1	611
18.680665731430054	-1	2036
18.691394329071045	-1	2098
18.691410779953003	-1	1516
18.691587686538696	-1	668
18.713232278823853	-1	2098
18.713264226913452	-1	1516
18.713367700576782	-1	611
18.71415948867798	-1	650
18.71416974067688	-1	2098
18.728487253189087	-1	140
18.73466658592224	-1	2098
18.734700918197632	-1	1516
18.73482584953308	-1	611
18.734946250915527	-1	1480
18.760742902755737	-1	2098
18.76076602935791	-1	2134
18.760769367218018	-1	1802
18.773727416992188	-1	2098
18.779778957366943	-1	2098
18.793139934539795	-1	2134
18.79316258430481	-1	1802
18.838727474212646	-1	611
18.84811043739319	-1	611
18.91800093650818	-1	611
18.918309450149536	-1	611
18.940003633499146	-1	2098
18.975112676620483	-1	2098
18.975910425186157	-1	2134
18.976617336273193	-1	2098
18.97662353515625	-1	2098
18.976713180541992	-1	611
18.977707624435425	-1	2098
18.997345209121704	-1	952
18.998404026031494	-1	2098
19.001960515975952	-1	2098
19.01986336708069	-1	3278
19.019877433776855	-1	2098
19.037258863449097	-1	2558
19.10499596595764	-1	2098
19.1050283908844	-1	2116
19.105196237564087	-1	611
19.105648517608643	-1	2098
19.10565972328186	-1	2098
19.116369009017944	-1	1100
19.164535760879517	-1	1125
19.250887393951416	-1	2098
19.25126838684082	-1	2098
19.27157497406006	-1	2098
19.27195978164673	-1	2098
19.27212905883789	-1	611
19.28350281715393	-1	1125
19.29038906097412	-1	2098
19.290403366088867	-1	2098
19.294046640396118	-1	1516
19.294066667556763	-1	705
19.349996328353882	-1	2098
19.369898796081543	-1	1578
19.36991262435913	-1	2098
19.412675380706787	-1	2098
19.412699937820435	-1	2098
19.412705183029175	-1	1838
19.4195454120636	-1	1516
19.424988269805908	-1	1516
19.435810804367065	-1	1516
19.44541883468628	-1	964
19.451301336288452	-1	4736
19.451668977737427	-1	611
19.45927119255066	-1	8500
19.463783740997314	-1	1125
19.56055521965027	-1	2098
19.560567140579224	-1	1516
19.56071186065674	-1	668
19.560988664627075	-1	611
19.56303334236145	-1	2098
19.57155442237854	-1	1516
19.57156991958618	-1	1516
19.579400539398193	-1	2098
19.579414129257202	-1	1516
19.579575300216675	-1	482
19.58104920387268	-1	285
19.737449169158936	-1	611
19.73806929588318	-1	611
20.499271154403687	-1	1125
20.50039291381836	-1	1125
20.507110357284546	-1	611
20.507274866104126	-1	611
20.51165795326233	-1	1125
21.211814880371094	-1	611
21.30733633041382	-1	1516
21.30739426612854	-1	105
21.3076171875	-1	650
21.30762505531311	-1	1665
21.33036208152771	-1	107
21.330612182617188	-1	389
21.367034196853638	-1	611
21.439780235290527	-1	2098
21.440751552581787	-1	611
21.441108226776123	-1	1968
21.45131492614746	-1	1125
22.203636646270752	-1	611
22.332180976867676	-1	2098
22.333044290542603	-1	611
22.343822240829468	-1	1516
22.343874216079712	-1	1159
22.34389090538025	-1	191
22.36107087135315	-1	1125
22.651026248931885	-1	2098
22.659518003463745	-1	658
23.678317546844482	-1	2098
23.67834186553955	-1	1968
23.678674459457397	-1	611
23.68243408203125	-1	2098
23.97019100189209	-1	1950
23.97124195098877	-1	2098
23.971253395080566	-1	1968
23.97126007080078	-1	2098
23.97385811805725	-1	1968
25.91409206390381	-1	1063
25.914528846740723	-1	194
25.953036785125732	-1	2098
25.953062057495117	-1	1968
25.953068017959595	-1	2098
25.95321488380432	-1	611
25.968940258026123	-1	1950
25.970261812210083	-1	2098
25.988927364349365	-1	2116
26.00645899772644	-1	3260
26.008015394210815	-1	2098
26.027807474136353	-1	104
26.02808666229248	-1	1516
26.028268098831177	-1	650
26.0485520362854	-1	1802
26.048572063446045	-1	3408
26.048665046691895	-1	611
26.067660570144653	-1	2098
26.06768012046814	-1	2098
26.067687273025513	-1	1820
26.0837185382843	-1	2098
26.08381414413452	-1	611
26.084701538085938	-1	2116
26.10945773124695	-1	2098
26.10949158668518	-1	2540
26.10949683189392	-1	2098
26.243973970413208	-1	119
26.24416208267212	-1	108
26.3199143409729	-1	2098
26.31994366645813	-1	1838
26.319948196411133	-1	2098
26.319950580596924	-1	2116
26.33602547645569	-1	2098
26.35514187812805	-1	1820
26.37085199356079	-1	2098
26.377447843551636	-1	658
26.645426750183105	-1	2098
26.64544153213501	-1	2098
26.64546775817871	-1	2688
26.64547872543335	-1	2098
26.645484685897827	-1	2098
26.64548969268799	-1	1838
26.645569562911987	-1	611
26.669246912002563	-1	1516
26.669257402420044	-1	191
26.958719491958618	-1	1378
26.958749771118164	-1	2098
26.95875835418701	-1	2116
26.95876383781433	-1	2098
26.958861112594604	-1	611
26.97430443763733	-1	2098
26.993270874023438	-1	1100
26.99329113960266	-1	2098
27.009721040725708	-1	658
27.135889053344727	-1	2098
27.14632248878479	-1	658
27.17387819290161	-1	611
27.185580015182495	-1	611
27.19558572769165	-1	1125
27.215352296829224	-1	611
27.22842764854431	-1	2098
27.23967981338501	-1	1516
27.23969602584839	-1	1516
27.246962785720825	-1	1516
27.246975898742676	-1	437
27.29508113861084	-1	611
27.471364498138428	-1	2040
27.471816301345825	-1	1125
27.483731269836426	-1	1516
27.48374629020691	-1	191
28.183040618896484	-1	1125
28.183059453964233	-1	1639
28.183065176010132	-1	2098
28.183072566986084	-1	2706
28.18307614326477	-1	2688
28.18308663368225	-1	2964
28.183621883392334	-1	1125
28.196154832839966	-1	611
28.431079626083374	-1	611
28.46708059310913	-1	1125
28.66708278656006	-1	611
28.75508165359497	-1	1125
29.139082670211792	-1	611
29.252447366714478	-1	1125
29.252473831176758	-1	1516
29.257914304733276	-1	364
29.303086519241333	-1	1125
29.805198192596436	-1	611
29.805493354797363	-1	611
29.897463083267212	-1	611
29.944806337356567	-1	611
29.94518733024597	-1	611
29.971927642822266	-1	2098
29.97242259979248	-1	2688
29.981775522232056	-1	658
29.990721464157104	-1	2098
29.99074697494507	-1	1968
29.99244260787964	-1	1125
29.998948574066162	-1	1378
30.006420135498047	-1	2098
30.007737398147583	-1	2688
30.024596214294434	-1	2670
30.04281735420227	-1	2670
30.055360078811646	-1	658
30.060133457183838	-1	1516
30.06014633178711	-1	1960
30.077186107635498	-1	1950
30.077686309814453	-1	2688
30.094948768615723	-1	2098
30.094961404800415	-1	2688
30.09607195854187	-1	2116
30.096214056015015	-1	611
30.108230590820312	-1	611
30.113295793533325	-1	1230
30.113309144973755	-1	2098
30.1175377368927	-1	2688
30.12462854385376	-1	658
30.124677419662476	-1	1125
30.135612964630127	-1	2098
30.135631561279297	-1	1516
30.13584852218628	-1	1240
30.149105548858643	-1	658
30.152820825576782	-1	2098
30.15283966064453	-1	1516
30.15293550491333	-1	327
30.155389547348022	-1	1125
30.16765809059143	-1	1125
30.17088007926941	-1	2688
30.17089581489563	-1	2098
30.170900344848633	-1	1644
30.178441047668457	-1	1516
30.198303937911987	-1	705
30.20492434501648	-1	611
30.65739154815674	-1	2098
30.6574068069458	-1	1665
30.80182933807373	-1	1378
30.89209818840027	-1	1125
30.89271593093872	-1	611
30.94427180290222	-1	2098
30.94608163833618	-1	1125
30.952451705932617	-1	658
30.954236030578613	-1	2098
30.96363592147827	-1	1950
31.001986026763916	-1	3063
31.152042150497437	-1	611
31.15885019302368	-1	611
31.159413814544678	-1	1125
31.242437839508057	-1	1950
31.866556644439697	-1	1516
31.866577625274658	-1	611
31.86658811569214	-1	1516
31.86919903755188	-1	611
31.876351594924927	-1	207
31.878329277038574	-1	1500
31.878920078277588	-1	1500
31.87893319129944	-1	1500
31.88006353378296	-1	1516
31.880072355270386	-1	1516
31.89915680885315	-1	285
31.925369024276733	-1	611
31.925671339035034	-1	611
31.93606925010681	-1	611
34.01907396316528	-1	611
34.02884483337402	-1	611
34.029160499572754	-1	611
34.047038316726685	-1	2098
34.06431007385254	-1	1516
34.07112765312195	-1	796
34.09316682815552	-1	1516
34.093194007873535	-1	698
34.0952935218811	-1	611
34.11820459365845	-1	1125
34.938363790512085	-1	1125
34.94566369056702	-1	1125
35.55860424041748	-1	611
35.558629751205444	-1	514
35.56662082672119	-1	611
35.56677746772766	-1	611
35.576175689697266	-1	1125
35.59357023239136	-1	611
35.60355806350708	-1	1516
35.60358238220215	-1	1516
35.60862374305725	-1	1516
35.61166501045227	-1	1516
35.61167526245117	-1	1516
35.628923416137695	-1	1516
35.62893271446228	-1	1516
35.65263843536377	-1	1516
35.65514945983887	-1	1516
35.65515327453613	-1	1059
36.16728663444519	-1	611
36.16731643676758	-1	611
36.16732430458069	-1	1500
36.168280363082886	-1	1125
36.1919584274292	-1	1500
36.47550582885742	-1	1125
37.70307493209839	-1	1125
37.910245418548584	-1	1500
37.933348655700684	-1	1028
38.31954216957092	-1	2098
38.31957268714905	-1	2688
38.31958031654358	-1	2688
38.31958270072937	-1	1623
38.319584608078	-1	2098
38.32002234458923	-1	1125
38.33812618255615	-1	637
38.33815407752991	-1	1125
38.348127126693726	-1	611
38.35483241081238	-1	1125
40.16232085227966	-1	2098
40.16234230995178	-1	1665
40.16234827041626	-1	2098
40.16249656677246	-1	611
40.1720187664032	-1	1516
40.387078523635864	-1	611
40.85107898712158	-1	611
41.17612957954407	-1	611
41.18510627746582	-1	611
41.19618272781372	-1	1516
41.20876431465149	-1	695
41.74708127975464	-1	611
41.75866746902466	-1	1277
41.76380658149719	-1	1516
41.79598546028137	-1	1125
42.62552523612976	-1	1125
42.625548124313354	-1	2098
42.62598156929016	-1	611
43.21009945869446	-1	611
43.222039461135864	-1	611
43.223750829696655	-1	611
43.3056755065918	-1	1950
43.30569887161255	-1	2688
43.307740449905396	-1	611
43.32476782798767	-1	2346
43.332590103149414	-1	637
43.33259868621826	-1	1125
43.34323811531067	-1	611
45.30741333961487	-1	1125
45.69081664085388	-1	611
45.87157583236694	-1	2098
45.871591329574585	-1	2115
45.87159538269043	-1	2098
45.881356716156006	-1	611
45.88397145271301	-1	658
45.88892126083374	-1	2098
45.89242768287659	-1	1968
45.90898871421814	-1	2098
45.90900468826294	-1	2116
45.924877405166626	-1	2098
45.92612934112549	-1	2540
45.94265103340149	-1	2688
45.942795753479004	-1	611
45.96123719215393	-1	2631
45.96738052368164	-1	611
45.989152908325195	-1	611
46.23479986190796	-1	611
47.23070240020752	-1	2098
47.23073744773865	-1	1665
47.23074698448181	-1	2098
47.230753660202026	-1	1968
47.23076033592224	-1	2688
47.23076677322388	-1	2098
47.230772972106934	-1	2706
47.25932312011719	-1	3387
47.25946879386902	-1	611
47.27122688293457	-1	611
47.97533178329468	-1	611
48.2100043296814	-1	611
48.21107792854309	-1	611
48.451080322265625	-1	611
48.4990770816803	-1	611
48.85108423233032	-1	611
48.951083183288574	-1	611
48.97494125366211	-1	2098
48.98384690284729	-1	1151
49.00153064727783	-1	611
49.37937784194946	-1	611
49.37949585914612	-1	611
49.99196195602417	-1	611
49.99299097061157	-1	1125
50.46369528770447	-1	611
50.82508683204651	-1	2098
50.82509684562683	-1	1665
50.836899280548096	-1	1378
50.961883306503296	-1	611
50.984809160232544	-1	329
50.986610651016235	-1	611
51.00526285171509	-1	1125
51.835729360580444	-1	611
53.371504068374634	-1	611
53.375927448272705	-1	611
53.38196873664856	-1	1125
54.39535427093506	-1	611
54.40216374397278	-1	611
56.216198444366455	-1	1125
56.21849751472473	-1	611
56.439077377319336	-1	1125
56.451074838638306	-1	611
56.66307973861694	-1	1125
56.68707489967346	-1	611
57.10708165168762	-1	1125
57.17107939720154	-1	611
57.763118267059326	-1	611
57.76340699195862	-1	611
57.88377571105957	-1	611
58.287006855010986	-1	611
58.28734278678894	-1	611
59.20855522155762	-1	611
63.931299448013306	-1	611
64.37107992172241	-1	611
65.1710855960846	-1	611
65.1755313873291	-1	611
65.17554640769958	-1	611
65.17555356025696	-1	611
66.22065210342407	-1	1125
66.22296786308289	-1	611
66.58316969871521	-1	611
66.58350086212158	-1	611
67.19827818870544	-1	611
67.19867849349976	-1	611
69.34787726402283	-1	1125
69.96164846420288	-1	611
70.08898329734802	-1	611
73.34783554077148	-1	611
73.34803557395935	-1	611
74.22366499900818	-1	611
74.87713551521301	-1	611
74.87716698646545	-1	611
74.87746500968933	-1	611
76.62352991104126	-1	611
77.64233565330505	-1	611
77.6428234577179	-1	611
78.34669351577759	-1	611
79.22325134277344	-1	1125
79.22328639030457	-1	611
81.3348228931427	-1	611
81.33494901657104	-1	611
81.35665988922119	-1	611
81.35676264762878	-1	611
83.09174728393555	-1	611
86.49596381187439	-1	611
86.66349864006042	-1	611
86.9186270236969	-1	611
88.23833632469177	-1	1516
88.24067807197571	-1	191
89.01250672340393	-1	611
89.01283836364746	-1	611
90.23800158500671	-1	611
90.23835706710815	-1	611
90.85397291183472	-1	611
91.1600923538208	-1	611
91.97143459320068	-1	611
95.82508373260498	-1	611
96.14708185195923	-1	611
96.46708035469055	-1	611
96.9982750415802	-1	611
97.80413222312927	-1	611
97.81957149505615	-1	1516
97.81959104537964	-1	705
97.8196165561676	-1	611
