0.0	-1	611
0.4896819591522217	-1	611
0.8693435192108154	-1	611
1.6953847408294678	-1	611
2.0465991497039795	-1	611
2.285212278366089	-1	611
2.5252134799957275	-1	611
3.0092084407806396	-1	611
3.0615572929382324	-1	1154
3.994616746902466	-1	611
3.9949722290039062	-1	611
4.001141786575317	-1	1154
4.001464366912842	-1	611
4.0136330127716064	-1	1125
4.3851706981658936	-1	611
4.3854663372039795	-1	611
4.919291734695435	-1	611
4.919307708740234	-1	2098
4.919313192367554	-1	2932
4.919316291809082	-1	2334
4.919318914413452	-1	1762
4.919649362564087	-1	611
4.92764139175415	-1	1125
5.529687166213989	-1	611
5.619492292404175	-1	611
6.493680715560913	-1	611
6.977208137512207	-1	611
7.373761892318726	-1	1125
7.373803615570068	-1	611
7.373813629150391	-1	611
7.374038457870483	-1	611
7.38620924949646	-1	611
8.295243740081787	-1	611
8.296234607696533	-1	1125
9.214015245437622	-1	1500
9.306590795516968	-1	1235
9.308592796325684	-1	611
9.324544668197632	-1	611
10.139709949493408	-1	1125
11.03687047958374	-1	1125
11.257206439971924	-1	1125
11.477210760116577	-1	1125
11.937209844589233	-1	1125
12.83324909210205	-1	1125
12.837495565414429	-1	611
12.837509870529175	-1	1154
12.842109203338623	-1	1516
12.844577312469482	-1	705
13.010687351226807	-1	611
13.091329097747803	-1	611
13.091449499130249	-1	611
13.520067691802979	-1	1500
13.520100116729736	-1	1516
13.520199537277222	-1	611
13.532662868499756	-1	1445
13.532676696777344	-1	611
13.544609308242798	-1	611
13.553740978240967	-1	611
13.606232643127441	-1	611
13.60764479637146	-1	1125
15.360126972198486	-1	611
15.360140800476074	-1	3530
15.36014437675476	-1	2116
15.360146284103394	-1	2329
15.360148191452026	-1	611
15.360167503356934	-1	611
15.360177755355835	-1	1516
15.360422134399414	-1	611
15.36656141281128	-1	2722
15.369281768798828	-1	611
15.387752056121826	-1	611
15.974225282669067	-1	611
16.371731758117676	-1	611
17.20472288131714	-1	611
17.204993724822998	-1	611
17.36891531944275	-1	611
18.125812292099	-1	1500
18.175829887390137	-1	207
18.202237129211426	-1	2098
18.21393084526062	-1	1647
18.213942289352417	-1	2098
18.224635362625122	-1	2116
18.233553886413574	-1	286
18.308045148849487	-1	611
18.317570447921753	-1	1125
18.74513268470764	-1	2098
18.745158910751343	-1	2932
18.745165824890137	-1	2932
18.745171308517456	-1	2098
18.745176792144775	-1	1736
18.74518132209778	-1	2098
18.7451913356781	-1	1516
18.74533987045288	-1	611
18.754336833953857	-1	10204
18.755241870880127	-1	5860
18.76140570640564	-1	14548
18.761430740356445	-1	485
18.761436939239502	-1	611
18.76904845237732	-1	13100
18.769076585769653	-1	1516
18.769726276397705	-1	2398
18.769736528396606	-1	2098
18.770708322525024	-1	2098
18.77072310447693	-1	1125
18.77112102508545	-1	2098
18.7818660736084	-1	122
18.781875371932983	-1	611
18.8766872882843	-1	611
19.04934024810791	-1	2098
19.04935598373413	-1	1516
19.049778699874878	-1	650
19.049787282943726	-1	2098
19.050834894180298	-1	2098
19.050851821899414	-1	1516
19.05141544342041	-1	706
19.051424503326416	-1	2932
19.057429552078247	-1	2098
19.05744481086731	-1	1516
19.05760407447815	-1	686
19.0674045085907	-1	2098
19.06741762161255	-1	1516
19.067522287368774	-1	1125
19.067574739456177	-1	650
19.07758331298828	-1	3368
19.08899760246277	-1	180
19.105683088302612	-1	611
19.117862224578857	-1	1516
19.11788034439087	-1	191
19.97096347808838	-1	1639
19.970977067947388	-1	1516
19.97112202644348	-1	611
19.972370862960815	-1	1125
19.981929063796997	-1	1516
19.981940507888794	-1	1516
19.989330053329468	-1	285
20.014906883239746	-1	1500
20.015918254852295	-1	1125
20.09568214416504	-1	750
20.096808910369873	-1	1125
20.10952615737915	-1	1516
20.11870241165161	-1	705
20.894256353378296	-1	2098
20.894272327423096	-1	1665
20.89427638053894	-1	2098
20.89427876472473	-1	2932
20.89428162574768	-1	2116
20.89428448677063	-1	2316
20.89428734779358	-1	2098
20.894289255142212	-1	2134
20.895391941070557	-1	611
20.896856784820557	-1	2098
20.896864652633667	-1	2534
20.896868228912354	-1	2098
20.89687156677246	-1	3049
20.89687442779541	-1	2932
20.8968768119812	-1	2116
20.896879196166992	-1	1718
20.905781984329224	-1	1516
20.905792474746704	-1	1516
20.929254055023193	-1	1516
20.929261445999146	-1	1436
21.05133557319641	-1	330
21.05201816558838	-1	611
21.811561346054077	-1	611
21.81157660484314	-1	2098
21.82270050048828	-1	902
21.91116952896118	-1	1500
21.911555528640747	-1	611
21.921895503997803	-1	1516
21.926408290863037	-1	1500
21.92643165588379	-1	1219
22.42658543586731	-1	1109
22.427178144454956	-1	1125
22.516170978546143	-1	611
22.51739001274109	-1	1639
22.518218755722046	-1	611
22.896626710891724	-1	611
22.91044282913208	-1	2098
22.91045641899109	-1	2116
22.910460710525513	-1	1702
22.910462856292725	-1	2098
22.910465955734253	-1	2932
22.910468339920044	-1	2932
22.910470485687256	-1	2098
22.91047239303589	-1	2134
22.912413358688354	-1	2098
22.9124276638031	-1	2098
22.912431240081787	-1	2098
22.912433624267578	-1	2098
22.91243624687195	-1	2098
22.91243863105774	-1	2098
22.919164180755615	-1	378
22.91918396949768	-1	1125
23.153207540512085	-1	1125
23.39320659637451	-1	1125
23.87320876121521	-1	1125
24.26882553100586	-1	1125
24.281340837478638	-1	611
24.884511470794678	-1	2098
24.88452696800232	-1	1516
24.884981393814087	-1	650
24.884986877441406	-1	2098
24.885560512542725	-1	2098
24.8855721950531	-1	1516
24.886066436767578	-1	650
24.886077165603638	-1	2390
24.8866446018219	-1	2098
24.88665533065796	-1	1516
24.887075662612915	-1	288
24.887085437774658	-1	2098
24.89023995399475	-1	2098
24.890246391296387	-1	1516
24.890681266784668	-1	288
24.890687942504883	-1	2098
24.891263484954834	-1	2098
24.891281843185425	-1	1516
24.89174222946167	-1	650
24.89175581932068	-1	2098
24.89186453819275	-1	611
24.892326831817627	-1	2098
24.89234185218811	-1	1516
24.892807245254517	-1	650
24.89282751083374	-1	2098
24.89392590522766	-1	2098
24.89394211769104	-1	1516
24.894437551498413	-1	650
24.894445419311523	-1	2444
24.89502191543579	-1	2098
24.895040035247803	-1	1516
24.89548635482788	-1	650
24.895496368408203	-1	2098
24.89605951309204	-1	2098
24.89607000350952	-1	1516
24.897348880767822	-1	650
24.897363424301147	-1	2098
24.897927045822144	-1	2098
24.897936820983887	-1	1516
24.898481845855713	-1	650
24.898494958877563	-1	2444
24.899577617645264	-1	2098
24.899592399597168	-1	1516
24.900980710983276	-1	650
24.9009952545166	-1	5860
24.901005029678345	-1	2964
24.917978763580322	-1	4412
24.917994737625122	-1	5860
24.91799783706665	-1	2964
24.917999982833862	-1	4412
24.918002605438232	-1	4412
24.918009757995605	-1	493
24.91801404953003	-1	623
24.919814825057983	-1	1516
24.919819355010986	-1	1516
24.9198215007782	-1	2964
24.91982889175415	-1	5860
24.922842741012573	-1	7308
24.92284870147705	-1	2964
24.92285132408142	-1	4412
24.92285442352295	-1	5860
24.922855615615845	-1	1141
24.933053970336914	-1	1516
24.933085441589355	-1	1516
24.93309187889099	-1	1516
24.942686319351196	-1	4412
24.983304738998413	-1	1516
24.983617067337036	-1	611
24.99355435371399	-1	1516
25.127458333969116	-1	1516
25.129361152648926	-1	1429
25.309162378311157	-1	611
25.48123002052307	-1	1125
25.498673677444458	-1	1125
25.518919467926025	-1	611
25.8083336353302	-1	2098
25.808348894119263	-1	2098
25.80835795402527	-1	1516
25.818745374679565	-1	7416
25.81898307800293	-1	611
25.829272508621216	-1	611
25.854660272598267	-1	611
25.87969422340393	-1	2098
25.87970757484436	-1	2116
25.879710912704468	-1	2098
25.880040884017944	-1	2098
25.889174461364746	-1	2552
25.889409065246582	-1	611
25.930564165115356	-1	902
25.9946186542511	-1	2098
25.995793104171753	-1	611
26.01765203475952	-1	2098
26.017676830291748	-1	2134
26.0176842212677	-1	2098
26.017691373825073	-1	2098
26.031984567642212	-1	2098
26.039183855056763	-1	2098
26.039209127426147	-1	2098
26.039392709732056	-1	611
26.05213165283203	-1	2098
26.052156925201416	-1	2098
26.05221962928772	-1	212
26.052281379699707	-1	611
26.060957431793213	-1	2098
26.065749406814575	-1	470
26.06577205657959	-1	611
26.080920934677124	-1	2098
26.11502170562744	-1	902
26.116278409957886	-1	2098
26.11632227897644	-1	1516
26.11643099784851	-1	650
26.129217624664307	-1	2098
26.12923789024353	-1	1516
26.12968611717224	-1	650
26.129696369171143	-1	2098
26.13295316696167	-1	611
26.137861490249634	-1	2098
26.145288467407227	-1	1125
26.15352487564087	-1	611
26.166146993637085	-1	1125
26.181965827941895	-1	1516
26.18287181854248	-1	1516
26.18613576889038	-1	1342
26.19683313369751	-1	611
26.211562633514404	-1	611
26.29445457458496	-1	611
26.3059663772583	-1	1125
27.035024642944336	-1	2098
27.035045862197876	-1	1516
27.03518271446228	-1	611
27.03559923171997	-1	650
27.035612106323242	-1	2964
27.03600525856018	-1	146
27.036011695861816	-1	2116
27.036528825759888	-1	1718
27.036543607711792	-1	1516
27.03700852394104	-1	650
27.03701949119568	-1	2098
27.03761386871338	-1	2134
27.037636756896973	-1	1516
27.043282985687256	-1	650
27.043314456939697	-1	2098
27.044450998306274	-1	2098
27.044466018676758	-1	1516
27.044918060302734	-1	650
27.044928789138794	-1	2098
27.04591679573059	-1	1516
27.045952796936035	-1	1558
27.050093173980713	-1	2964
27.050118684768677	-1	1460
27.05012583732605	-1	611
27.050132513046265	-1	4412
27.055740118026733	-1	2964
27.055829524993896	-1	2964
27.05584144592285	-1	2964
27.055864095687866	-1	4412
27.067325353622437	-1	1516
27.067341089248657	-1	4412
27.067363500595093	-1	2964
27.06736660003662	-1	2964
27.067370891571045	-1	7308
27.067380905151367	-1	611
27.067394256591797	-1	2964
27.06741952896118	-1	1516
27.0688259601593	-1	6788
27.068856239318848	-1	2098
27.07490348815918	-1	104
27.074926376342773	-1	611
27.075197458267212	-1	1516
27.075383186340332	-1	650
27.07628297805786	-1	2098
27.079814434051514	-1	1125
27.09105634689331	-1	2098
27.091070413589478	-1	2098
27.091077089309692	-1	1516
27.0911705493927	-1	650
27.106290578842163	-1	2098
27.106311798095703	-1	2098
27.138284921646118	-1	2098
27.138402938842773	-1	611
27.13868522644043	-1	2242
27.148757219314575	-1	1902
27.15023183822632	-1	2098
27.15025043487549	-1	2098
27.178160905838013	-1	104
27.181808471679688	-1	2098
27.182604789733887	-1	2707
27.18261480331421	-1	2334
27.18374466896057	-1	1125
27.192307233810425	-1	2098
27.20519495010376	-1	2932
27.214141607284546	-1	2098
27.214157342910767	-1	2316
27.228899717330933	-1	2098
27.228929042816162	-1	2134
27.239265203475952	-1	2098
27.239296674728394	-1	2098
27.28294324874878	-1	2098
27.282968997955322	-1	2816
27.28337001800537	-1	2932
27.283573150634766	-1	611
27.293097496032715	-1	2914
27.293280124664307	-1	1516
27.29328727722168	-1	1516
27.303941011428833	-1	3223
27.314330577850342	-1	2932
27.322190523147583	-1	1516
27.32638454437256	-1	1465
27.328706979751587	-1	2098
27.34743332862854	-1	409
27.353004217147827	-1	611
27.362403631210327	-1	611
27.427186965942383	-1	611
27.529417991638184	-1	611
27.53054428100586	-1	1125
27.954105854034424	-1	1154
27.954118251800537	-1	1154
27.95522427558899	-1	1125
27.966289520263672	-1	1125
28.011839628219604	-1	2098
28.011868715286255	-1	2116
28.011876106262207	-1	2098
28.01726531982422	-1	1120
28.02143883705139	-1	2098
28.021450996398926	-1	2098
28.021795749664307	-1	2098
28.026581525802612	-1	122
28.032459497451782	-1	2098
28.043164253234863	-1	2516
28.043179035186768	-1	2098
28.044102907180786	-1	2334
28.055857181549072	-1	2116
28.055880308151245	-1	1516
28.056113243103027	-1	611
28.056294918060303	-1	650
28.05630135536194	-1	2098
28.064571857452393	-1	2098
28.06574273109436	-1	611
28.066935539245605	-1	2170
28.069215297698975	-1	2098
28.076202869415283	-1	1520
28.079739570617676	-1	611
28.079745292663574	-1	2098
28.080087900161743	-1	2098
28.086227416992188	-1	2098
28.090466737747192	-1	2152
28.092371702194214	-1	611
28.09641146659851	-1	2098
28.096418142318726	-1	1516
28.09656810760498	-1	650
28.11884307861328	-1	2098
28.119425058364868	-1	2098
28.119446992874146	-1	1516
28.119676113128662	-1	1540
28.121248483657837	-1	2098
28.12514019012451	-1	611
28.12990403175354	-1	2098
28.140891075134277	-1	2098
28.15210795402527	-1	1972
28.15212321281433	-1	1516
28.152262926101685	-1	650
28.168307304382324	-1	2098
28.168320417404175	-1	1516
28.168808698654175	-1	288
28.168817281723022	-1	2932
28.229694366455078	-1	2098
28.230050802230835	-1	2116
28.241918325424194	-1	2098
28.24194025993347	-1	3150
28.241945505142212	-1	2098
28.242105960845947	-1	611
28.250454902648926	-1	2098
28.25144600868225	-1	2152
28.26429557800293	-1	2516
28.26498579978943	-1	2098
28.265011072158813	-1	2334
28.276607513427734	-1	2098
28.276625633239746	-1	2098
28.27662992477417	-1	2098
28.276724815368652	-1	611
28.285222053527832	-1	2098
28.286479234695435	-1	140
28.2864887714386	-1	611
28.287890911102295	-1	2098
28.298601865768433	-1	2098
28.30541968345642	-1	611
28.347014665603638	-1	1520
28.347031831741333	-1	3530
28.3470356464386	-1	2116
28.347037315368652	-1	2098
28.34704065322876	-1	2098
28.34704351425171	-1	2098
28.347368955612183	-1	611
28.366432905197144	-1	2170
28.36646580696106	-1	2098
28.36647081375122	-1	1520
28.36652946472168	-1	611
28.36791729927063	-1	2098
28.367945194244385	-1	2098
28.371907472610474	-1	304
28.379011631011963	-1	2098
28.379029512405396	-1	2098
28.379032611846924	-1	1736
28.379295587539673	-1	611
28.392266988754272	-1	2098
28.393004179000854	-1	2932
28.393009424209595	-1	2334
28.410122394561768	-1	1500
28.41014051437378	-1	1154
28.42681336402893	-1	1125
28.491276264190674	-1	2098
28.497307777404785	-1	1149
28.49741506576538	-1	611
28.509594917297363	-1	1125
28.880953311920166	-1	2098
28.8809711933136	-1	2932
28.8809757232666	-1	2116
28.880980014801025	-1	3496
28.880983114242554	-1	2932
28.880987405776978	-1	2116
28.880990028381348	-1	2098
28.881211280822754	-1	611
28.88138771057129	-1	3150
28.8899142742157	-1	1516
28.889928102493286	-1	1516
28.904564380645752	-1	902
28.904582738876343	-1	285
28.922121286392212	-1	2098
28.935797214508057	-1	902
28.98621106147766	-1	909
28.986449241638184	-1	611
29.002610445022583	-1	611
29.108323574066162	-1	2098
29.108678817749023	-1	2116
29.111373901367188	-1	2098
29.12266492843628	-1	2098
29.122689962387085	-1	2098
29.122700214385986	-1	2170
29.12270474433899	-1	2098
29.130781650543213	-1	2098
29.134263515472412	-1	2098
29.13429284095764	-1	2098
29.134297609329224	-1	2098
29.143033742904663	-1	2098
29.145142316818237	-1	2098
29.145152807235718	-1	2098
29.14515519142151	-1	2098
29.145281314849854	-1	1125
29.15225601196289	-1	2098
29.153846979141235	-1	2098
29.153860569000244	-1	2098
29.15485954284668	-1	2098
29.168859481811523	-1	611
29.1714448928833	-1	611
29.191141605377197	-1	2098
29.191150665283203	-1	2098
29.205686569213867	-1	2386
29.205713510513306	-1	2098
29.205718517303467	-1	1688
29.205721616744995	-1	2098
29.206045389175415	-1	611
29.214088439941406	-1	2932
29.215532541275024	-1	902
29.215802669525146	-1	1516
29.215983629226685	-1	650
29.226176977157593	-1	2932
29.22618269920349	-1	2932
29.226267337799072	-1	611
29.238070011138916	-1	2098
29.249261379241943	-1	1516
29.250845432281494	-1	650
29.250866889953613	-1	2098
29.250871181488037	-1	2098
29.250874042510986	-1	2098
29.250876903533936	-1	2098
29.250880479812622	-1	2098
29.258174419403076	-1	2242
29.259098529815674	-1	1702
29.36321210861206	-1	2098
29.363242626190186	-1	2116
29.363349676132202	-1	611
29.367783546447754	-1	286
29.378650903701782	-1	2098
29.378671646118164	-1	2098
29.379260778427124	-1	2134
29.379273891448975	-1	2098
29.37934899330139	-1	611
29.389949560165405	-1	2098
29.389979124069214	-1	2098
29.389983415603638	-1	1813
29.802196502685547	-1	1500
29.802209615707397	-1	2098
29.802228212356567	-1	2116
29.80223035812378	-1	2439
29.802232265472412	-1	2932
29.802233695983887	-1	2116
29.8022358417511	-1	1718
29.802237510681152	-1	2098
29.802260160446167	-1	1516
29.80235457420349	-1	886
29.80382800102234	-1	1125
29.81391191482544	-1	1516
29.815624237060547	-1	191
29.830857038497925	-1	2098
29.83258605003357	-1	902
29.83261203765869	-1	611
29.872528791427612	-1	1452
29.901606798171997	-1	2098
29.901881217956543	-1	611
29.911778211593628	-1	902
29.916459560394287	-1	2098
29.916465520858765	-1	2116
29.916468143463135	-1	2098
29.916603803634644	-1	611
29.924861669540405	-1	2098
29.94763422012329	-1	522
30.004511833190918	-1	2098
30.010013103485107	-1	902
30.415398836135864	-1	828
30.415422201156616	-1	828
30.721771478652954	-1	1500
30.72728180885315	-1	207
31.02906560897827	-1	611
31.029091119766235	-1	2098
31.029097080230713	-1	2116
31.036638736724854	-1	8878
31.104836463928223	-1	689
31.1748468875885	-1	2098
31.174877166748047	-1	2116
31.174885988235474	-1	2098
31.1845760345459	-1	611
31.184980630874634	-1	1120
31.213951110839844	-1	1500
31.27370524406433	-1	2098
31.27381992340088	-1	611
31.283662796020508	-1	2334
31.29146957397461	-1	611
31.303387880325317	-1	1125
31.335020542144775	-1	611
31.34636163711548	-1	611
31.642916202545166	-1	689
31.654491424560547	-1	611
31.670695066452026	-1	611
31.835299253463745	-1	1500
31.888582944869995	-1	721
31.889958381652832	-1	1125
31.901363134384155	-1	1516
31.95256495475769	-1	191
32.25904703140259	-1	611
32.25908184051514	-1	2098
32.2590913772583	-1	2116
32.25909447669983	-1	2098
32.25909757614136	-1	3150
32.25910019874573	-1	2098
32.25929641723633	-1	611
32.26864218711853	-1	304
32.26984214782715	-1	1125
32.366159439086914	-1	2098
32.366172790527344	-1	2098
32.3790237903595	-1	304
32.388681173324585	-1	2098
32.3887095451355	-1	2098
32.38884949684143	-1	1125
32.39237856864929	-1	2334
32.39646577835083	-1	2098
32.403443574905396	-1	1736
32.40382432937622	-1	2098
32.40545296669006	-1	2098
32.41660809516907	-1	2098
32.41663956642151	-1	2152
32.417728662490845	-1	1918
32.417895793914795	-1	611
32.43812966346741	-1	1197
32.45318007469177	-1	2098
32.4613995552063	-1	902
32.87527537345886	-1	2098
32.87530827522278	-1	2116
32.8753182888031	-1	2316
32.87532591819763	-1	2098
32.87533259391785	-1	2134
32.87533950805664	-1	2098
32.875346660614014	-1	2534
32.87535357475281	-1	2098
32.87685799598694	-1	611
32.87854075431824	-1	2098
32.878556966781616	-1	2152
32.88704037666321	-1	2098
32.88706922531128	-1	2098
32.88707900047302	-1	2098
32.889328718185425	-1	1516
32.892003297805786	-1	705
32.89648127555847	-1	2098
32.89714431762695	-1	2098
32.89714956283569	-1	2098
32.90134119987488	-1	611
32.913426876068115	-1	2098
32.913437366485596	-1	2028
32.9134407043457	-1	2098
32.92480421066284	-1	2098
32.92578887939453	-1	2151
32.94824266433716	-1	2098
32.95680069923401	-1	902
33.087321281433105	-1	1500
33.0873339176178	-1	2098
33.09158182144165	-1	902
33.18450331687927	-1	1219
33.18540024757385	-1	611
33.20197081565857	-1	611
33.23082447052002	-1	611
33.48619842529297	-1	611
33.48622155189514	-1	611
33.5717031955719	-1	2098
33.581632137298584	-1	2116
33.58165144920349	-1	2098
33.58807373046875	-1	2098
33.59903907775879	-1	2098
33.59974241256714	-1	2170
33.59976124763489	-1	2098
33.60353636741638	-1	1520
33.61096000671387	-1	2098
33.61097264289856	-1	2098
33.614734411239624	-1	2098
33.61864113807678	-1	2152
33.618671894073486	-1	2098
33.624537229537964	-1	2098
33.64875364303589	-1	2098
33.64878177642822	-1	1556
33.64878606796265	-1	2098
33.64879035949707	-1	2098
33.64879393577576	-1	1736
33.64892244338989	-1	611
33.65784692764282	-1	2098
33.66563105583191	-1	611
33.66845464706421	-1	2098
33.67964696884155	-1	2098
33.679654598236084	-1	2152
33.70029950141907	-1	486
33.701014041900635	-1	2098
33.70103335380554	-1	2098
33.70635175704956	-1	304
33.710566997528076	-1	2098
33.71373271942139	-1	2116
33.71374702453613	-1	1718
33.7244176864624	-1	2098
33.72443413734436	-1	2098
33.72457718849182	-1	611
33.727548599243164	-1	2134
33.73439335823059	-1	2098
33.73734760284424	-1	2098
33.73736381530762	-1	2098
33.74730181694031	-1	2098
33.74883699417114	-1	2172
33.756497383117676	-1	2098
33.75652098655701	-1	2334
33.75969672203064	-1	2098
33.76708197593689	-1	1736
33.76718544960022	-1	611
33.82624340057373	-1	2098
33.82688808441162	-1	2116
33.82689881324768	-1	1718
33.840051889419556	-1	2098
33.84007692337036	-1	2098
33.84016227722168	-1	611
33.847015619277954	-1	104
33.85475993156433	-1	2098
33.855438232421875	-1	2098
33.85545325279236	-1	1936
33.85995054244995	-1	2098
33.859968423843384	-1	2098
33.86512804031372	-1	2098
33.870073556900024	-1	2152
33.87428545951843	-1	2098
33.87429928779602	-1	2098
33.88302302360535	-1	611
33.899065256118774	-1	2098
33.89907741546631	-1	1556
33.89908146858215	-1	2098
33.899083614349365	-1	2098
33.89908576011658	-1	2098
33.89908790588379	-1	2098
33.90778422355652	-1	2570
33.90779733657837	-1	2098
33.9120659828186	-1	1154
33.93318581581116	-1	2098
33.940837144851685	-1	2098
33.94084596633911	-1	2098
33.94084930419922	-1	2098
33.94085168838501	-1	2098
33.94101691246033	-1	611
33.94114327430725	-1	2098
33.95156931877136	-1	2098
33.95159435272217	-1	2098
33.961241722106934	-1	611
33.961944580078125	-1	2098
33.96195316314697	-1	2098
33.962302446365356	-1	2098
33.97254014015198	-1	2098
33.9725558757782	-1	1720
33.973923683166504	-1	2098
33.97393488883972	-1	2098
33.983863830566406	-1	2334
33.98387837409973	-1	2334
34.00442671775818	-1	1500
34.07910466194153	-1	2098
34.08188509941101	-1	2116
34.08189272880554	-1	2098
34.08197784423828	-1	611
34.09023356437683	-1	2552
34.09125280380249	-1	1516
34.091655254364014	-1	650
34.09376406669617	-1	2116
34.093770265579224	-1	1516
34.100449562072754	-1	650
34.10085582733154	-1	2098
34.10361695289612	-1	1954
34.10362505912781	-1	2098
34.10663914680481	-1	2116
34.10960340499878	-1	2098
34.10961866378784	-1	2098
34.10969257354736	-1	611
34.115490674972534	-1	2552
34.12131690979004	-1	1396
35.024622678756714	-1	2098
35.02465558052063	-1	1665
35.024665117263794	-1	2932
35.0321569442749	-1	860
36.05641770362854	-1	1516
36.05871939659119	-1	1516
36.07067060470581	-1	799
36.33431005477905	-1	611
36.445666551589966	-1	1125
36.4458110332489	-1	611
36.46164917945862	-1	611
37.05127763748169	-1	1516
37.05357575416565	-1	1516
37.056435346603394	-1	1516
37.05644464492798	-1	1516
37.06265091896057	-1	1500
37.062674045562744	-1	2098
37.06269335746765	-1	1516
37.06269669532776	-1	1139
37.06270098686218	-1	2098
37.09273076057434	-1	2098
37.09275484085083	-1	2326
37.092759132385254	-1	902
37.11297345161438	-1	2098
37.12091016769409	-1	902
37.241687297821045	-1	2098
37.242520332336426	-1	2932
37.24252915382385	-1	2098
37.2427933216095	-1	611
37.24429988861084	-1	2134
37.253140687942505	-1	3132
37.25315833091736	-1	2050
37.25327777862549	-1	611
37.254721879959106	-1	2098
37.25676918029785	-1	2932
37.26407027244568	-1	2098
37.26444149017334	-1	1736
37.367419719696045	-1	2098
37.36811661720276	-1	2116
37.368125677108765	-1	1718
37.3682324886322	-1	611
37.78987121582031	-1	2098
37.78990340232849	-1	2098
37.789907455444336	-1	2134
37.78990912437439	-1	2098
37.78991103172302	-1	2098
37.789912939071655	-1	2098
37.78991508483887	-1	2098
37.79010033607483	-1	611
37.79270935058594	-1	2172
37.79272651672363	-1	2098
37.79273009300232	-1	2334
37.792733669281006	-1	2098
37.792736291885376	-1	2098
37.79273867607117	-1	2152
37.79274129867554	-1	1541
37.79274392127991	-1	2098
37.79810619354248	-1	2098
37.79812455177307	-1	1736
37.798128604888916	-1	2098
37.798131704330444	-1	2116
37.798134565353394	-1	2316
37.798136949539185	-1	2098
37.798139572143555	-1	2134
37.798149824142456	-1	1516
37.79817032814026	-1	1516
37.80201721191406	-1	236
37.802027463912964	-1	2098
37.80204153060913	-1	2334
37.80204463005066	-1	2932
37.80204725265503	-1	2116
37.80205035209656	-1	2316
37.80205321311951	-1	2098
37.802056312561035	-1	2134
37.802082777023315	-1	1516
37.813539266586304	-1	1516
37.81968808174133	-1	18892
37.81971573829651	-1	591
37.8197238445282	-1	232
37.82963490486145	-1	13059
37.871976137161255	-1	1516
37.895174503326416	-1	1516
37.903849363327026	-1	1516
37.934457778930664	-1	1516
37.944886684417725	-1	1516
37.95594930648804	-1	1516
37.96453261375427	-1	1516
37.98115253448486	-1	1516
37.99990940093994	-1	1516
38.00687575340271	-1	1516
38.02461075782776	-1	1516
38.035093545913696	-1	1516
38.04600477218628	-1	1516
38.05036282539368	-1	1516
38.050376892089844	-1	729
38.05510115623474	-1	1516
38.09999752044678	-1	1460
38.10012125968933	-1	611
38.105727434158325	-1	5860
38.11007523536682	-1	1125
38.12979602813721	-1	8756
38.13884878158569	-1	8756
38.17361807823181	-1	11652
38.18242287635803	-1	1379
38.188090085983276	-1	1516
38.19959592819214	-1	1516
38.1997447013855	-1	611
38.21003794670105	-1	611
41.32161283493042	-1	611
41.337031841278076	-1	611
41.376784563064575	-1	1125
41.47289419174194	-1	611
42.05336666107178	-1	611
42.064613580703735	-1	2098
42.06462860107422	-1	1516
42.065003395080566	-1	650
42.0650098323822	-1	1516
42.081151485443115	-1	352
42.12300086021423	-1	4412
42.12347078323364	-1	2594
42.171019554138184	-1	902
42.171048402786255	-1	2098
42.17209601402283	-1	2098
42.172109603881836	-1	2134
42.17211675643921	-1	2098
42.172197103500366	-1	611
42.17440319061279	-1	2098
42.174416303634644	-1	2098
42.19827222824097	-1	2964
42.198293924331665	-1	5894
42.30462384223938	-1	1700
42.30465340614319	-1	2098
42.30465817451477	-1	2116
42.30466032028198	-1	1718
42.41056299209595	-1	2098
42.4258029460907	-1	2098
42.425835371017456	-1	2134
42.42602777481079	-1	611
42.43922662734985	-1	1413
43.010034799575806	-1	611
43.010064125061035	-1	611
43.01016283035278	-1	611
45.12172555923462	-1	611
46.06655740737915	-1	1516
46.068848848342896	-1	1516
46.08587956428528	-1	799
46.133209466934204	-1	799
47.05674695968628	-1	1516
47.05904841423035	-1	1516
47.095115423202515	-1	1516
47.09512281417847	-1	1516
47.145061016082764	-1	1516
47.14507079124451	-1	1139
47.61813235282898	-1	611
47.61850619316101	-1	611
47.926650285720825	-1	611
47.927727699279785	-1	1125
48.05611300468445	-1	1516
48.05613088607788	-1	705
48.091479778289795	-1	611
48.09179973602295	-1	611
48.5410475730896	-1	611
48.54214525222778	-1	1125
48.587902545928955	-1	611
48.588274002075195	-1	2098
48.5890109539032	-1	1125
48.59609031677246	-1	902
48.61672329902649	-1	2098
48.61673283576965	-1	2116
48.641725301742554	-1	286
48.70179581642151	-1	1500
48.70441675186157	-1	1125
48.718109130859375	-1	1516
48.71812343597412	-1	1516
48.75375747680664	-1	1516
48.77469301223755	-1	408
48.847341775894165	-1	873
48.84847688674927	-1	1125
48.861597776412964	-1	1125
49.04087281227112	-1	611
49.0945999622345	-1	611
49.095723152160645	-1	1125
49.236382722854614	-1	2098
49.24567127227783	-1	902
49.315484046936035	-1	2098
49.31550741195679	-1	2116
49.3166389465332	-1	611
49.35874938964844	-1	286
49.35878014564514	-1	611
49.3646821975708	-1	705
49.36570596694946	-1	611
49.37905812263489	-1	611
49.42129373550415	-1	2098
49.449493169784546	-1	902
49.50393867492676	-1	1500
49.504878282547	-1	611
49.53327798843384	-1	611
49.60019779205322	-1	2098
49.60052037239075	-1	611
49.60203671455383	-1	2932
49.60204577445984	-1	2116
49.602049827575684	-1	1718
49.60205435752869	-1	2098
49.602057695388794	-1	2098
49.608776807785034	-1	304
49.61200022697449	-1	1516
49.6120080947876	-1	191
49.6735143661499	-1	191
49.67975473403931	-1	611
49.79758954048157	-1	2098
49.82841920852661	-1	902
49.85450267791748	-1	2098
49.85451292991638	-1	2116
49.85522508621216	-1	611
49.881062746047974	-1	4582
49.88108420372009	-1	2098
49.88184881210327	-1	611
49.9018349647522	-1	3766
49.90186023712158	-1	611
49.92088460922241	-1	592
49.92191743850708	-1	611
49.93426871299744	-1	1516
49.935569286346436	-1	1219
50.016907930374146	-1	1500
50.01784586906433	-1	611
50.02997660636902	-1	1516
50.04041934013367	-1	1500
50.07899856567383	-1	1248
50.15621781349182	-1	918
50.15729308128357	-1	1125
50.1858024597168	-1	611
50.24455523490906	-1	1500
50.30715012550354	-1	1500
50.3084602355957	-1	611
50.32097339630127	-1	1125
50.4263060092926	-1	2098
50.427231311798096	-1	1125
50.44580698013306	-1	915
50.44665479660034	-1	611
51.004263401031494	-1	1500
51.00428295135498	-1	1697
51.00428867340088	-1	2098
51.00429153442383	-1	2334
51.004294872283936	-1	2932
51.004318714141846	-1	1930
51.00450801849365	-1	611
51.013914823532104	-1	1516
51.01393103599548	-1	1516
51.026824712753296	-1	1516
51.026859283447266	-1	1342
51.22291874885559	-1	1500
51.22294616699219	-1	2932
51.22352433204651	-1	611
51.243404150009155	-1	1028
51.243428230285645	-1	1125
51.249956369400024	-1	1516
51.259918451309204	-1	1219
51.30736494064331	-1	611
53.1494357585907	-1	611
53.46298670768738	-1	1125
53.46301555633545	-1	2098
53.46302318572998	-1	2116
53.46302580833435	-1	2098
53.46302795410156	-1	2098
53.46355652809143	-1	611
53.477378129959106	-1	17444
53.477399587631226	-1	359
53.47762656211853	-1	611
53.4989538192749	-1	8756
53.500577449798584	-1	8756
53.50061297416687	-1	359
53.50062322616577	-1	611
53.511512994766235	-1	8756
53.52154326438904	-1	8756
53.52156901359558	-1	1516
53.5215744972229	-1	611
53.52746105194092	-1	8756
53.529953956604004	-1	8756
53.52999567985535	-1	1516
53.530006885528564	-1	611
53.53776025772095	-1	8798
53.54161763191223	-1	1125
53.544357776641846	-1	1516
53.5465829372406	-1	705
53.64938688278198	-1	611
53.66186881065369	-1	1516
53.66188025474548	-1	1516
53.664705991744995	-1	285
54.37851524353027	-1	2098
54.37852692604065	-1	1665
54.378530502319336	-1	2098
54.378533363342285	-1	2116
54.37853527069092	-1	2098
54.37853789329529	-1	2098
54.37854027748108	-1	2552
54.37854218482971	-1	2098
54.378661155700684	-1	611
54.37910985946655	-1	1736
54.37912392616272	-1	2098
54.3876531124115	-1	883
54.38980674743652	-1	1516
54.38981866836548	-1	1516
54.40573477745056	-1	1500
54.4058678150177	-1	285
54.42624592781067	-1	1500
54.42740797996521	-1	1125
54.437824726104736	-1	1516
54.437838315963745	-1	1516
54.447508573532104	-1	285
54.68984031677246	-1	346
54.69104361534119	-1	1125
54.807345151901245	-1	1500
54.87703895568848	-1	236
55.064449310302734	-1	2098
55.06448173522949	-1	1516
55.064594984054565	-1	668
55.0794997215271	-1	1718
55.13369965553284	-1	595
55.17849946022034	-1	2098
55.195377826690674	-1	2334
55.25217342376709	-1	1500
55.25428366661072	-1	611
55.2594735622406	-1	1500
55.267550468444824	-1	1500
55.26756191253662	-1	611
55.30430269241333	-1	1500
55.30598711967468	-1	611
55.38418364524841	-1	469
55.38593506813049	-1	611
55.39783024787903	-1	2098
55.39783811569214	-1	1516
55.397993087768555	-1	668
55.44952917098999	-1	286
56.68947792053223	-1	611
57.18070936203003	-1	2098
57.180734157562256	-1	2098
57.18273687362671	-1	611
57.188225984573364	-1	104
57.19134163856506	-1	1700
57.193567514419556	-1	611
57.20343995094299	-1	1872
57.20345497131348	-1	2932
57.20345950126648	-1	2098
57.21131753921509	-1	2116
57.21332502365112	-1	1576
57.21333312988281	-1	2098
57.213409185409546	-1	1516
57.22462201118469	-1	2932
57.22464346885681	-1	1972
57.22595143318176	-1	1516
57.225961446762085	-1	1516
57.22672128677368	-1	2043
57.226731300354004	-1	2350
57.2481529712677	-1	1516
57.248162269592285	-1	1516
57.26901960372925	-1	140
57.30548286437988	-1	1125
57.317683696746826	-1	1125
57.7578387260437	-1	1125
57.75787854194641	-1	3530
57.75788855552673	-1	2116
57.75789546966553	-1	1718
57.75831341743469	-1	611
57.78333759307861	-1	611
57.94552421569824	-1	1335
57.946645975112915	-1	1125
58.044044494628906	-1	1500
58.27765917778015	-1	611
58.28422665596008	-1	207
58.284250259399414	-1	3530
58.284257888793945	-1	2116
58.28463315963745	-1	1125
58.302765130996704	-1	286
58.302796840667725	-1	1125
58.404579401016235	-1	1500
58.40679597854614	-1	1125
58.414522886276245	-1	1516
58.41453742980957	-1	1516
58.432271242141724	-1	799
58.452388763427734	-1	220
58.5650851726532	-1	1500
58.70793890953064	-1	1264
58.70836353302002	-1	1125
58.84150195121765	-1	2098
58.84188747406006	-1	2116
58.8603081703186	-1	286
58.87067198753357	-1	2098
58.872010469436646	-1	611
58.875455379486084	-1	902
58.881725549697876	-1	1516
58.88822364807129	-1	191
58.89284348487854	-1	611
58.91279864311218	-1	1500
58.91317820549011	-1	1125
59.028305530548096	-1	1516
59.02966570854187	-1	1125
59.03044295310974	-1	650
59.03314733505249	-1	1516
59.0392587184906	-1	668
59.04096007347107	-1	2098
59.04592204093933	-1	1990
59.047184228897095	-1	611
59.05356526374817	-1	1516
59.0535831451416	-1	1219
59.3983051776886	-1	1500
59.39832282066345	-1	3530
59.39832806587219	-1	1972
59.399147272109985	-1	1125
59.4016649723053	-1	2098
59.40168237686157	-1	2116
59.40471577644348	-1	2316
59.42498850822449	-1	2932
59.425028562545776	-1	2098
59.42503476142883	-1	2098
59.42503786087036	-1	2098
59.42504405975342	-1	2098
59.42962884902954	-1	1125
59.43516302108765	-1	3404
59.4415328502655	-1	902
59.4415602684021	-1	611
59.441577196121216	-1	2098
59.44158220291138	-1	2098
59.48353600502014	-1	104
59.588016986846924	-1	2098
59.58806014060974	-1	1516
59.58817219734192	-1	650
59.60023832321167	-1	504
59.60029149055481	-1	2098
59.6008665561676	-1	2098
59.600890159606934	-1	1516
59.60131096839905	-1	288
59.60173678398132	-1	2098
59.60239052772522	-1	2098
59.60240292549133	-1	1516
59.602538108825684	-1	288
59.630319356918335	-1	1125
59.65327978134155	-1	2098
59.65330505371094	-1	1516
59.6537184715271	-1	650
59.65372943878174	-1	1516
59.653852462768555	-1	288
59.65395784378052	-1	611
59.66386866569519	-1	2098
59.66388773918152	-1	1516
59.664324045181274	-1	650
59.66433548927307	-1	1516
59.664459228515625	-1	288
59.665125131607056	-1	2098
59.665138721466064	-1	1516
59.66528820991516	-1	650
59.66532897949219	-1	611
59.66753625869751	-1	1736
59.673967123031616	-1	2098
59.67624235153198	-1	2098
59.67876410484314	-1	2098
59.6788010597229	-1	2098
59.67880702018738	-1	2098
59.684176206588745	-1	2098
59.68698835372925	-1	1516
59.68752932548523	-1	650
59.687559366226196	-1	2098
59.68914985656738	-1	2098
59.68991041183472	-1	2098
59.689934968948364	-1	2098
59.69814372062683	-1	2680
59.70489501953125	-1	2098
59.70493268966675	-1	1736
59.704939126968384	-1	2098
59.70494246482849	-1	2098
59.7092490196228	-1	1736
59.70928478240967	-1	2098
59.709298610687256	-1	611
59.71184277534485	-1	2098
59.71188187599182	-1	2098
59.80999946594238	-1	1138
59.834800243377686	-1	2098
59.83483934402466	-1	2098
59.834845542907715	-1	1736
59.83500838279724	-1	611
59.84632849693298	-1	2098
59.84636378288269	-1	2098
59.84636926651001	-1	2098
59.84650492668152	-1	1138
59.84658193588257	-1	611
59.908140897750854	-1	2098
59.910218715667725	-1	2116
59.91024208068848	-1	2098
59.91024565696716	-1	2098
59.91024947166443	-1	2098
59.91828489303589	-1	140
59.94175577163696	-1	2098
59.94322443008423	-1	2716
59.94324851036072	-1	2098
59.94325399398804	-1	1736
59.943257331848145	-1	2098
59.943440198898315	-1	611
59.94803023338318	-1	2116
59.94806718826294	-1	2098
59.9480721950531	-1	2098
59.952359437942505	-1	2098
59.95455622673035	-1	2170
59.95458960533142	-1	2098
59.954596281051636	-1	1516
59.95469808578491	-1	650
59.96215844154358	-1	2098
59.96774363517761	-1	2098
59.96792435646057	-1	611
59.968485832214355	-1	2098
59.96850633621216	-1	1992
59.980807065963745	-1	2098
59.98084473609924	-1	2098
59.98085045814514	-1	1736
59.98085403442383	-1	2098
59.98882055282593	-1	2098
59.98885750770569	-1	2098
59.98886299133301	-1	2152
59.992997884750366	-1	1918
59.99304270744324	-1	2098
59.99317979812622	-1	1516
59.996758699417114	-1	220
59.99888896942139	-1	2098
60.020005226135254	-1	304
60.086525201797485	-1	2098
60.08988904953003	-1	2116
60.08990025520325	-1	2098
60.09004187583923	-1	611
60.101828813552856	-1	3150
60.10257411003113	-1	2098
60.10259556770325	-1	2098
60.119672775268555	-1	1138
60.163296937942505	-1	2098
60.1650173664093	-1	2116
60.165781021118164	-1	2098
60.16579055786133	-1	2098
60.175363540649414	-1	2098
60.17791676521301	-1	2170
60.17794179916382	-1	2098
60.177947759628296	-1	1516
60.178126096725464	-1	611
60.178277254104614	-1	670
60.18083882331848	-1	2098
60.18906259536743	-1	2134
60.19088888168335	-1	3132
60.19090127944946	-1	2098
60.20316219329834	-1	104
60.20318579673767	-1	1154
60.20319843292236	-1	2098
60.20320272445679	-1	2098
60.20320534706116	-1	2098
60.20320701599121	-1	2098
60.21458601951599	-1	2098
60.21462655067444	-1	1516
60.21518015861511	-1	650
60.215203046798706	-1	2098
60.215728521347046	-1	1810
60.215750217437744	-1	1516
60.21620297431946	-1	650
60.216219425201416	-1	2098
60.22386860847473	-1	1736
60.2262327671051	-1	2098
60.22626996040344	-1	1516
60.22637152671814	-1	650
60.22640013694763	-1	1516
60.237786293029785	-1	1516
60.23780107498169	-1	1371
60.2575044631958	-1	611
60.26929521560669	-1	1125
60.403812885284424	-1	1500
60.45063495635986	-1	1778
60.45115542411804	-1	1125
60.481966495513916	-1	1125
60.4881865978241	-1	611
61.75644779205322	-1	1639
61.756489753723145	-1	1516
61.75691890716553	-1	650
61.756935834884644	-1	2116
61.75801920890808	-1	1125
61.76447558403015	-1	425
61.76968193054199	-1	1516
61.78470849990845	-1	705
61.8577344417572	-1	889
61.85848307609558	-1	1125
61.86803698539734	-1	1125
62.672226428985596	-1	1639
62.67224621772766	-1	3530
62.67282724380493	-1	1125
62.678030252456665	-1	902
62.68220782279968	-1	1125
62.765990018844604	-1	999
62.767914056777954	-1	611
62.779298067092896	-1	611
62.97632169723511	-1	1500
63.0444393157959	-1	207
63.047019481658936	-1	1125
63.086946964263916	-1	611
63.11418294906616	-1	1500
63.14826154708862	-1	1500
63.148518085479736	-1	611
63.16174840927124	-1	1125
63.27439475059509	-1	346
63.27488613128662	-1	1125
63.34191942214966	-1	1500
63.436572551727295	-1	1500
63.440614223480225	-1	611
63.44981265068054	-1	611
63.52310371398926	-1	2098
63.52353382110596	-1	1125
63.52915287017822	-1	902
63.567413330078125	-1	1125
63.898439168930054	-1	1125
63.94597411155701	-1	1500
64.20899248123169	-1	2098
64.20902752876282	-1	2974
64.20903778076172	-1	2116
64.2185685634613	-1	286
64.21860599517822	-1	1500
64.21932888031006	-1	611
64.2303249835968	-1	1516
64.2303409576416	-1	1516
64.24737429618835	-1	285
64.34067440032959	-1	2098
64.34581923484802	-1	902
64.41332769393921	-1	191
64.41379642486572	-1	1125
64.69037127494812	-1	611
64.70073437690735	-1	1500
64.7098958492279	-1	207
64.70992279052734	-1	611
64.72499132156372	-1	1125
65.45054197311401	-1	611
65.5006914138794	-1	1516
65.50691270828247	-1	246
65.52725481987	-1	1516
65.54568672180176	-1	1516
65.54722213745117	-1	1137
65.54988765716553	-1	773
65.5585126876831	-1	1516
65.55853128433228	-1	1516
65.57664012908936	-1	285
65.58921098709106	-1	1500
65.61474275588989	-1	611
65.70944142341614	-1	1500
65.70994710922241	-1	1125
66.22111439704895	-1	611
66.22481274604797	-1	346
66.2340497970581	-1	611
66.23415684700012	-1	1125
66.2550961971283	-1	2098
66.26897716522217	-1	902
66.29677104949951	-1	831
66.2979154586792	-1	611
66.31524777412415	-1	1125
66.3371045589447	-1	1500
66.43463444709778	-1	1500
66.43519616127014	-1	1125
66.55032634735107	-1	346
66.5536253452301	-1	1125
66.97389531135559	-1	1500
66.98465347290039	-1	750
66.9864706993103	-1	1125
67.05861854553223	-1	1125
67.05905199050903	-1	611
67.89743757247925	-1	1500
67.89745855331421	-1	1639
67.89746499061584	-1	2153
67.89746856689453	-1	2932
67.90046215057373	-1	1125
67.90965938568115	-1	1516
67.90967655181885	-1	705
67.91645669937134	-1	485
67.91911911964417	-1	1125
69.74533987045288	-1	2098
69.74536037445068	-1	1694
69.74536609649658	-1	1639
69.74536967277527	-1	1639
69.74601817131042	-1	611
69.75337338447571	-1	1516
69.75338888168335	-1	1516
69.75934624671936	-1	1342
69.76830458641052	-1	1125
69.8948802947998	-1	1125
69.89974164962769	-1	611
71.58354473114014	-1	1639
71.58356142044067	-1	2932
71.58356714248657	-1	2098
71.58357763290405	-1	1972
71.58360624313354	-1	1516
71.59151077270508	-1	1125
71.60136938095093	-1	1516
71.6013867855072	-1	1516
71.66121339797974	-1	285
71.89019227027893	-1	1125
72.10533499717712	-1	1125
72.4984359741211	-1	611
72.96121644973755	-1	611
73.06727170944214	-1	1125
73.06731176376343	-1	611
73.3012182712555	-1	611
73.50521469116211	-1	611
73.53721618652344	-1	611
73.60121607780457	-1	611
74.01721572875977	-1	611
74.02495074272156	-1	1125
74.02496910095215	-1	611
74.02498006820679	-1	623
74.02498626708984	-1	2098
74.03118658065796	-1	946
74.06373596191406	-1	2964
74.07896947860718	-1	1516
74.08304119110107	-1	1516
74.10630393028259	-1	1516
74.10646319389343	-1	623
74.14449691772461	-1	1516
74.14506530761719	-1	1125
74.15598940849304	-1	5860
74.15617251396179	-1	611
74.17507982254028	-1	5860
74.18573045730591	-1	1125
74.18633651733398	-1	7308
74.19200587272644	-1	7308
74.19260287284851	-1	1516
74.19582176208496	-1	611
74.20052695274353	-1	7308
74.20593237876892	-1	2964
74.20604920387268	-1	611
74.25189185142517	-1	7308
74.2519142627716	-1	4412
74.252281665802	-1	611
74.26082611083984	-1	5108
74.26112961769104	-1	611
74.30471348762512	-1	611
74.40354752540588	-1	2098
74.41343641281128	-1	286
74.46721887588501	-1	1138
74.55765223503113	-1	611
74.55784678459167	-1	611
74.66315174102783	-1	611
74.67433142662048	-1	1516
74.67795085906982	-1	705
74.7863609790802	-1	611
75.14538431167603	-1	611
75.2677013874054	-1	2098
75.2677412033081	-1	1665
75.43101119995117	-1	1125
75.47708630561829	-1	1125
75.5852918624878	-1	2098
75.58543848991394	-1	611
75.6001238822937	-1	2334
75.60016226768494	-1	2098
75.60017681121826	-1	2116
75.60295796394348	-1	1125
75.61012315750122	-1	2316
75.61051750183105	-1	1956
75.62055969238281	-1	2098
75.62059617042542	-1	1516
75.63622236251831	-1	886
75.6362669467926	-1	1125
75.7101309299469	-1	611
75.77539253234863	-1	999
75.84333658218384	-1	611
75.89515542984009	-1	611
75.9279305934906	-1	2098
75.93999361991882	-1	902
75.9550895690918	-1	2098
75.95510506629944	-1	2116
75.96864438056946	-1	2098
75.96879935264587	-1	611
75.96924495697021	-1	3150
75.9914243221283	-1	902
76.02750277519226	-1	660
76.081791639328	-1	611
76.09868884086609	-1	611
76.11104035377502	-1	611
76.11740803718567	-1	1516
76.12761902809143	-1	191
76.13541650772095	-1	1125
76.19803667068481	-1	611
76.20983290672302	-1	1516
76.22386169433594	-1	191
76.36185073852539	-1	611
76.39707589149475	-1	1125
76.43353629112244	-1	611
76.50735235214233	-1	611
76.73321509361267	-1	611
76.9612226486206	-1	1154
77.44121599197388	-1	1154
78.33955955505371	-1	1154
78.33957409858704	-1	611
78.34480881690979	-1	1125
78.65722942352295	-1	1125
78.74829459190369	-1	1125
78.93265223503113	-1	611
79.37587475776672	-1	2098
79.37590670585632	-1	2932
79.37591528892517	-1	2932
79.37592196464539	-1	2116
79.37592792510986	-1	1718
79.37593364715576	-1	2069
79.37594866752625	-1	1516
79.37651085853577	-1	2082
79.37652778625488	-1	1516
79.3918673992157	-1	611
79.3996160030365	-1	21788
79.4002377986908	-1	1516
79.40182185173035	-1	5860
79.40184998512268	-1	2964
79.40201878547668	-1	1516
79.40202736854553	-1	1516
79.40566945075989	-1	4569
79.40705418586731	-1	799
79.40861940383911	-1	2098
79.40862774848938	-1	2334
79.40999746322632	-1	2027
79.41472053527832	-1	1516
79.42817449569702	-1	1516
79.4446930885315	-1	1516
79.44470429420471	-1	951
79.46812987327576	-1	2098
79.46815037727356	-1	2116
79.47822403907776	-1	1516
79.47823476791382	-1	1516
79.47855615615845	-1	2620
79.48270416259766	-1	1516
79.48271584510803	-1	1516
79.48760151863098	-1	2098
79.48763179779053	-1	2098
79.48784255981445	-1	1718
79.49680137634277	-1	1516
79.49681282043457	-1	1516
79.51237964630127	-1	1516
79.51239085197449	-1	1516
79.52522325515747	-1	1516
79.52523827552795	-1	1088
79.8776466846466	-1	1500
79.8776650428772	-1	2098
79.87766909599304	-1	2116
79.87767219543457	-1	2995
79.87767481803894	-1	2334
79.904123544693	-1	611
79.91415143013	-1	1125
79.92081713676453	-1	2098
79.92117261886597	-1	2116
79.9271776676178	-1	286
79.92720484733582	-1	1125
79.97724294662476	-1	1387
79.97746753692627	-1	611
79.99290895462036	-1	611
80.03551459312439	-1	1125
80.06663489341736	-1	1125
80.08211278915405	-1	1125
80.1001284122467	-1	2098
80.10076141357422	-1	2116
80.10077476501465	-1	2098
80.10868167877197	-1	1120
80.11006450653076	-1	611
80.11547040939331	-1	1500
80.12189674377441	-1	1516
80.12191534042358	-1	705
80.20923137664795	-1	611
80.22311687469482	-1	2098
80.22314286231995	-1	2116
80.2231502532959	-1	286
80.22519135475159	-1	611
80.23385429382324	-1	2098
80.25428128242493	-1	3010
80.25515055656433	-1	2098
80.25518560409546	-1	1736
80.2551896572113	-1	2098
80.26595139503479	-1	1516
80.26596903800964	-1	1516
80.2870786190033	-1	343
80.30392932891846	-1	611
80.31475734710693	-1	1125
80.32792615890503	-1	1125
82.11213374137878	-1	611
82.64233565330505	-1	902
82.64234614372253	-1	2098
82.64235210418701	-1	2932
82.64235544204712	-1	2098
82.6423590183258	-1	2098
82.64236235618591	-1	2098
82.64236545562744	-1	1972
82.64415097236633	-1	3530
82.64419269561768	-1	2116
82.64420771598816	-1	2316
82.64421200752258	-1	2098
82.644216299057	-1	1736
82.64421916007996	-1	2098
82.64424705505371	-1	1516
82.64770174026489	-1	611
82.64904737472534	-1	1262
82.64906072616577	-1	2932
82.64906644821167	-1	2116
82.64907002449036	-1	3467
82.6490728855133	-1	2334
82.64907503128052	-1	2098
82.64907813072205	-1	2116
82.64908027648926	-1	2098
82.64988899230957	-1	3150
82.64990949630737	-1	2098
82.64991593360901	-1	1516
82.65239715576172	-1	11652
82.65270948410034	-1	2964
82.65772819519043	-1	1516
82.65774011611938	-1	1516
82.66231203079224	-1	611
82.6623604297638	-1	20340
82.66761350631714	-1	1516
82.67054796218872	-1	245
82.67056703567505	-1	1516
82.6705915927887	-1	10204
82.67350339889526	-1	10204
82.67354702949524	-1	2964
82.67575168609619	-1	2964
82.69400405883789	-1	1835
82.69404864311218	-1	1516
82.69405198097229	-1	1516
82.69564723968506	-1	2098
82.69568538665771	-1	3368
82.69569396972656	-1	2098
82.69569897651672	-1	2334
82.69570183753967	-1	2098
82.69948220252991	-1	304
82.69951558113098	-1	1516
82.70481991767883	-1	1516
82.70483183860779	-1	1516
82.70904445648193	-1	2098
82.70906376838684	-1	2098
82.71425032615662	-1	2964
82.72067594528198	-1	1504
82.72339725494385	-1	1516
82.72340822219849	-1	1516
82.72656488418579	-1	1516
82.72659659385681	-1	4412
82.72977638244629	-1	1516
82.72979521751404	-1	1516
82.7305269241333	-1	1516
82.73053526878357	-1	1516
82.73426008224487	-1	1516
82.73519897460938	-1	3104
82.73523569107056	-1	1516
82.7352466583252	-1	1065
82.73555183410645	-1	2098
82.73903679847717	-1	2334
82.7490222454071	-1	611
82.74903798103333	-1	2098
82.74904918670654	-1	2932
82.74986529350281	-1	2116
82.76345014572144	-1	2098
82.76348757743835	-1	2098
82.76349353790283	-1	2098
82.7634961605072	-1	2170
82.7636399269104	-1	611
82.77016091346741	-1	686
82.77348470687866	-1	1516
82.77350282669067	-1	705
82.77504920959473	-1	3530
82.77632403373718	-1	2932
82.77636432647705	-1	1516
82.7764687538147	-1	668
82.78087520599365	-1	286
82.78606104850769	-1	1516
82.7860779762268	-1	705
82.79106307029724	-1	3530
82.79108476638794	-1	2334
82.79109025001526	-1	2932
82.80186653137207	-1	2098
82.80252599716187	-1	2116
82.8025574684143	-1	2158
82.80752325057983	-1	611
82.8165271282196	-1	611
82.81766510009766	-1	1516
82.81767845153809	-1	1516
82.83117055892944	-1	828
82.8569450378418	-1	1500
82.94721531867981	-1	611
82.97577404975891	-1	611
82.98806142807007	-1	611
82.99226093292236	-1	207
83.00423669815063	-1	611
83.05540156364441	-1	1125
83.56388640403748	-1	1500
83.56392645835876	-1	2153
83.56393790245056	-1	3530
83.56394529342651	-1	2116
83.56395101547241	-1	2316
83.56395626068115	-1	2098
83.56399154663086	-1	1516
83.56410503387451	-1	904
83.5673885345459	-1	611
83.56829810142517	-1	1516
83.56832265853882	-1	1516
83.56833481788635	-1	1516
83.57092022895813	-1	7560
83.57730102539062	-1	2098
83.57734107971191	-1	1516
83.57744288444519	-1	1516
83.57744812965393	-1	705
83.57747197151184	-1	1322
83.5842719078064	-1	3530
83.58760166168213	-1	2098
83.58787274360657	-1	1718
83.59213590621948	-1	2098
83.60289192199707	-1	902
83.88201379776001	-1	2098
83.88205289840698	-1	2098
83.88205647468567	-1	2098
83.88205885887146	-1	2098
83.88206171989441	-1	1972
83.88206434249878	-1	2098
83.88206696510315	-1	2098
83.88207745552063	-1	1516
83.8821063041687	-1	886
83.88241338729858	-1	611
83.88376879692078	-1	2098
83.88379287719727	-1	1736
83.8838005065918	-1	2098
83.88380765914917	-1	2098
83.88381433486938	-1	1736
83.88382124900818	-1	3530
83.89134049415588	-1	6630
83.89707207679749	-1	611
84.04141092300415	-1	2098
84.04142808914185	-1	2098
84.04158663749695	-1	611
84.08369469642639	-1	2098
84.08372259140015	-1	2098
84.09473824501038	-1	540
84.0947515964508	-1	2098
84.09477066993713	-1	2932
84.0947732925415	-1	2098
84.09509181976318	-1	611
84.10077095031738	-1	104
84.10522127151489	-1	2098
84.10523581504822	-1	2098
84.10537838935852	-1	1125
84.12513828277588	-1	1125
84.12515044212341	-1	2098
84.12562561035156	-1	3368
84.1316328048706	-1	1125
84.13758826255798	-1	2098
84.13760280609131	-1	1736
84.1389639377594	-1	2098
84.13897919654846	-1	2098
84.13990449905396	-1	2098
84.15053248405457	-1	122
84.15054416656494	-1	1154
84.15055346488953	-1	1516
84.15055632591248	-1	650
84.1509382724762	-1	2516
84.16754674911499	-1	902
84.16756629943848	-1	1125
84.1764588356018	-1	1125
84.48651790618896	-1	2098
84.48653078079224	-1	2098
84.48653388023376	-1	2098
84.4865357875824	-1	2098
84.48653793334961	-1	2098
84.48654007911682	-1	2806
84.48654198646545	-1	2098
84.48654460906982	-1	2116
84.48672819137573	-1	611
84.48874187469482	-1	2098
84.48876476287842	-1	2098
84.48877000808716	-1	2098
84.48877239227295	-1	2170
84.48877429962158	-1	2098
84.4887764453888	-1	2098
84.48877835273743	-1	2952
84.48878121376038	-1	2098
84.49257302284241	-1	1736
84.49260210990906	-1	2098
84.49260759353638	-1	2098
84.49260973930359	-1	2098
84.49568343162537	-1	1138
84.49793863296509	-1	1516
84.49794912338257	-1	1516
84.50905203819275	-1	799
84.55086421966553	-1	2098
84.55087900161743	-1	2116
84.55124473571777	-1	611
84.56284284591675	-1	2098
84.56348443031311	-1	2098
84.56349492073059	-1	2098
84.56533694267273	-1	140
84.56534957885742	-1	611
84.57641839981079	-1	2716
84.59049010276794	-1	2098
84.5905089378357	-1	2116
84.59322309494019	-1	1154
84.59770679473877	-1	2098
84.5985152721405	-1	3150
84.59851956367493	-1	2334
84.6067807674408	-1	611
84.60679364204407	-1	2098
84.608318567276	-1	2116
84.60832571983337	-1	1718
84.60892081260681	-1	2098
84.6089379787445	-1	2098
84.61621761322021	-1	104
84.6162269115448	-1	611
84.62270951271057	-1	2098
84.62352418899536	-1	3132
84.62352991104126	-1	2098
84.62353205680847	-1	104
84.63612031936646	-1	2098
84.6450629234314	-1	611
84.64753103256226	-1	1102
84.65780186653137	-1	1516
84.65781593322754	-1	1516
84.69974422454834	-1	1516
84.69975447654724	-1	437
85.07724571228027	-1	1516
85.07958102226257	-1	191
85.12520933151245	-1	191
85.34920978546143	-1	1516
85.79320740699768	-1	1516
85.90540051460266	-1	191
86.4510498046875	-1	2098
86.45106768608093	-1	2098
86.46165370941162	-1	2134
86.47328734397888	-1	2098
86.47332739830017	-1	2098
86.47333216667175	-1	2098
86.48456311225891	-1	2172
86.48551845550537	-1	2098
86.49188160896301	-1	611
86.51768732070923	-1	2098
86.51771926879883	-1	2098
86.5177252292633	-1	3150
86.51772975921631	-1	2932
86.52893328666687	-1	2098
86.52896809577942	-1	1736
86.52910709381104	-1	611
86.53935813903809	-1	2932
86.54045391082764	-1	2098
86.5423059463501	-1	2932
86.55119490623474	-1	2914
86.55152487754822	-1	2116
86.56268453598022	-1	2098
86.56308889389038	-1	2552
86.5723626613617	-1	2098
86.57241821289062	-1	2116
86.57336902618408	-1	2098
86.57378220558167	-1	611
86.58656001091003	-1	2098
86.58727478981018	-1	2098
86.58730053901672	-1	2170
86.59339356422424	-1	2118
86.59594750404358	-1	2098
86.59597730636597	-1	2116
86.60097360610962	-1	1154
86.60246872901917	-1	2098
86.60735893249512	-1	3150
86.6086015701294	-1	1125
86.6152126789093	-1	2098
86.61745262145996	-1	1516
86.6188051700592	-1	2098
86.65535306930542	-1	3168
86.65536975860596	-1	2932
86.6553726196289	-1	902
86.65538501739502	-1	191
86.66778230667114	-1	611
86.66779565811157	-1	2098
86.66780376434326	-1	2116
86.9495701789856	-1	2098
86.94959592819214	-1	2098
86.9495997428894	-1	1954
86.94960165023804	-1	2098
86.94960379600525	-1	2334
86.9496054649353	-1	2098
86.94960761070251	-1	2116
86.94960951805115	-1	2098
86.94972920417786	-1	611
86.94985222816467	-1	2098
86.95180368423462	-1	2098
86.95183396339417	-1	2170
86.96008443832397	-1	1516
86.96009635925293	-1	191
86.96328973770142	-1	686
86.96329927444458	-1	3530
86.97062063217163	-1	1125
86.97096037864685	-1	2098
86.97181129455566	-1	2098
86.97216582298279	-1	2098
86.98432636260986	-1	2098
86.98434638977051	-1	1516
86.98475646972656	-1	722
86.9847640991211	-1	2098
86.99956130981445	-1	1520
86.99958848953247	-1	2098
86.99972915649414	-1	611
86.9999794960022	-1	2932
87.00852060317993	-1	2932
87.00953316688538	-1	2098
87.00966882705688	-1	1516
87.01991677284241	-1	1736
87.02146673202515	-1	2098
87.02149534225464	-1	2098
87.02516388893127	-1	705
87.03099060058594	-1	2098
87.03202152252197	-1	3168
87.04384255409241	-1	2334
87.04387307167053	-1	2098
87.04387736320496	-1	2116
87.04768323898315	-1	1516
87.04934787750244	-1	1516
87.05197668075562	-1	2098
87.05514001846313	-1	2098
87.05515480041504	-1	2098
87.0579149723053	-1	886
87.06505703926086	-1	140
87.08341193199158	-1	611
87.39975142478943	-1	1284
87.39976716041565	-1	2098
87.39977288246155	-1	2116
87.39977622032166	-1	2098
87.3997790813446	-1	2098
87.39978218078613	-1	2098
87.39978504180908	-1	2170
87.39978766441345	-1	2098
87.40009617805481	-1	1516
87.40206003189087	-1	650
87.40208911895752	-1	2952
87.40209412574768	-1	2932
87.40209674835205	-1	2098
87.40209937095642	-1	2134
87.40210199356079	-1	2098
87.40210390090942	-1	2098
87.40210628509521	-1	2098
87.4021315574646	-1	1516
87.40222692489624	-1	611
87.40397238731384	-1	1322
87.40398907661438	-1	2098
87.40401291847229	-1	2334
87.40401577949524	-1	2932
87.40401816368103	-1	2098
87.40402102470398	-1	2134
87.40553593635559	-1	2098
87.40588712692261	-1	2098
87.4076874256134	-1	2098
87.41616201400757	-1	2770
87.41755318641663	-1	2098
87.42744565010071	-1	2098
87.4281177520752	-1	2098
87.42813658714294	-1	2098
87.44123983383179	-1	2188
87.44187331199646	-1	2098
87.44190263748169	-1	2098
87.45321202278137	-1	1154
87.45322871208191	-1	2098
87.45323896408081	-1	2098
87.46687984466553	-1	2098
87.46691131591797	-1	2098
87.46691608428955	-1	2098
87.46707344055176	-1	1516
87.47293448448181	-1	220
87.4786159992218	-1	2098
87.47864055633545	-1	2098
87.47922945022583	-1	2098
87.47925114631653	-1	2098
87.47959566116333	-1	611
87.48802304267883	-1	1516
87.48804688453674	-1	1516
87.49035000801086	-1	2098
87.49036502838135	-1	1516
87.49049186706543	-1	650
87.49419164657593	-1	285
87.52389597892761	-1	308
87.52392649650574	-1	623
87.52489566802979	-1	2098
87.52491760253906	-1	2932
87.52492451667786	-1	2098
87.52518630027771	-1	2134
87.53134250640869	-1	1516
87.53357529640198	-1	1516
87.53358173370361	-1	215
87.53715658187866	-1	1516
87.5431272983551	-1	1232
87.54314661026001	-1	352
87.56200909614563	-1	1516
87.56203556060791	-1	4412
87.56953644752502	-1	10204
87.56987309455872	-1	611
87.57618618011475	-1	9396
87.57954812049866	-1	1125
87.60070753097534	-1	11652
87.60236024856567	-1	636
87.61503505706787	-1	11652
87.61520433425903	-1	611
87.68405938148499	-1	2964
87.685551404953	-1	10204
87.6855673789978	-1	636
87.69366407394409	-1	2964
87.69369769096375	-1	11652
87.69393968582153	-1	611
87.700932264328	-1	10204
87.70262026786804	-1	5860
87.70265364646912	-1	636
87.7026617527008	-1	1125
87.70804715156555	-1	11652
87.72104024887085	-1	5860
87.72107076644897	-1	636
87.72337007522583	-1	11652
87.72345900535583	-1	611
87.7235255241394	-1	1516
87.7297158241272	-1	5860
87.73189616203308	-1	10204
87.73238158226013	-1	2964
87.73239850997925	-1	636
87.73574542999268	-1	1125
87.74027419090271	-1	7308
87.74527311325073	-1	1516
87.75147557258606	-1	611
87.76290154457092	-1	14548
87.76291561126709	-1	636
87.76292634010315	-1	191
87.76293540000916	-1	2964
87.76294422149658	-1	2964
87.76314973831177	-1	1516
87.77803182601929	-1	15996
87.77824831008911	-1	611
87.78177118301392	-1	2964
87.80724596977234	-1	18892
87.80726933479309	-1	636
87.80727410316467	-1	623
87.80728220939636	-1	1516
87.8073000907898	-1	1516
87.81888699531555	-1	1516
87.81889414787292	-1	1516
87.81889748573303	-1	1516
87.82579159736633	-1	1516
87.82595729827881	-1	611
87.87019896507263	-1	5860
87.87956833839417	-1	8756
87.8885726928711	-1	10204
87.88871479034424	-1	611
87.89212727546692	-1	1516
87.89512252807617	-1	7850
87.90585446357727	-1	2098
87.90588474273682	-1	1516
87.90609192848206	-1	611
87.90643906593323	-1	650
87.90644478797913	-1	1736
87.90645146369934	-1	1516
87.90690493583679	-1	650
87.91619086265564	-1	2098
87.91654586791992	-1	2098
87.92219877243042	-1	2098
87.92220902442932	-1	2098
87.92730140686035	-1	2170
87.92821669578552	-1	2098
87.93093776702881	-1	2098
87.93225288391113	-1	2098
87.9463210105896	-1	1516
87.94843912124634	-1	650
87.94846177101135	-1	2098
87.94846630096436	-1	2098
87.94846892356873	-1	2098
87.94864678382874	-1	611
87.95460391044617	-1	2098
87.9573621749878	-1	2098
87.9653491973877	-1	1516
87.96552467346191	-1	650
87.98692774772644	-1	1125
87.9869372844696	-1	2098
87.9869430065155	-1	2098
87.9869475364685	-1	2098
87.98695135116577	-1	2098
87.98695397377014	-1	2386
87.9869556427002	-1	2098
87.99683380126953	-1	2098
87.99712991714478	-1	611
88.00783252716064	-1	5860
88.01620554924011	-1	5860
88.0273380279541	-1	7308
88.02750301361084	-1	611
88.04657769203186	-1	8756
88.04834604263306	-1	611
88.07358813285828	-1	2816
88.07362222671509	-1	611
88.07887840270996	-1	611
88.10666298866272	-1	611
88.11005353927612	-1	2098
88.11006736755371	-1	2098
88.1144745349884	-1	304
88.11769127845764	-1	1516
88.11769890785217	-1	191
88.15026235580444	-1	611
88.15742349624634	-1	2098
88.15801644325256	-1	2098
88.15802073478699	-1	1736
88.17022490501404	-1	2098
88.17024302482605	-1	2116
88.17115497589111	-1	611
88.17623996734619	-1	1516
88.17624807357788	-1	2934
88.18140029907227	-1	2098
88.18141293525696	-1	2098
88.18141555786133	-1	2098
88.18243741989136	-1	1248
88.19212102890015	-1	2188
88.192134141922	-1	2098
88.19213652610779	-1	1736
88.19251275062561	-1	2932
88.27256989479065	-1	1500
88.27258229255676	-1	2098
88.27258610725403	-1	2116
88.27299404144287	-1	611
88.27862739562988	-1	286
88.2818877696991	-1	1125
88.35964870452881	-1	2098
88.35966730117798	-1	2098
88.3778350353241	-1	304
88.41139531135559	-1	2098
88.4160897731781	-1	2116
88.41709303855896	-1	1718
88.41820645332336	-1	3530
88.41833424568176	-1	611
88.42178535461426	-1	2334
88.4266836643219	-1	2098
88.4277012348175	-1	2116
88.4338436126709	-1	2964
88.43386316299438	-1	1516
88.44222855567932	-1	2964
88.4426519870758	-1	1516
88.44299101829529	-1	1516
88.4429976940155	-1	964
88.44300270080566	-1	220
88.44300723075867	-1	2756
88.44530320167542	-1	2116
88.44533634185791	-1	1718
88.45515155792236	-1	1516
88.45516633987427	-1	1219
88.52793908119202	-1	2098
88.52795433998108	-1	1516
88.52904438972473	-1	650
88.52905035018921	-1	2134
88.5322003364563	-1	1102
89.70709729194641	-1	1102
89.70711755752563	-1	1102
90.08038234710693	-1	611
90.15053939819336	-1	611
90.16179728507996	-1	611
90.18528032302856	-1	2098
90.21082019805908	-1	2334
90.23053669929504	-1	2116
90.23082637786865	-1	611
90.23255467414856	-1	2098
90.23256850242615	-1	1718
90.23258137702942	-1	1516
90.2440595626831	-1	1516
90.24408507347107	-1	936
90.24420166015625	-1	611
90.26189279556274	-1	4412
90.2619378566742	-1	2964
90.26302599906921	-1	1516
90.26304697990417	-1	272
90.26994013786316	-1	8756
90.27015209197998	-1	611
90.27215933799744	-1	1516
90.28908562660217	-1	10204
90.28910779953003	-1	272
90.28911900520325	-1	611
90.29395008087158	-1	1516
90.29711031913757	-1	13100
90.29712772369385	-1	191
90.33721113204956	-1	611
90.338374376297	-1	14548
90.35403680801392	-1	272
90.37341451644897	-1	13100
90.37359499931335	-1	1516
90.37361526489258	-1	1125
90.38395667076111	-1	14548
90.38398456573486	-1	1516
90.38535046577454	-1	611
90.4292345046997	-1	4412
90.42991137504578	-1	4412
90.4306001663208	-1	4412
90.43128371238708	-1	2964
90.43130087852478	-1	1516
90.43907761573792	-1	4412
90.4433822631836	-1	1516
90.44339227676392	-1	2964
90.44405674934387	-1	1516
90.4440655708313	-1	2964
90.44412112236023	-1	611
90.44839382171631	-1	4412
90.46547746658325	-1	4412
90.46574020385742	-1	1516
90.4686210155487	-1	4412
90.46929788589478	-1	1516
90.4693078994751	-1	2964
90.46983051300049	-1	1516
90.46983551979065	-1	272
90.46984148025513	-1	611
90.46984791755676	-1	1516
90.47141861915588	-1	2964
90.47462797164917	-1	4412
90.47666263580322	-1	4412
90.47734665870667	-1	4412
90.47803616523743	-1	2964
90.4780490398407	-1	1516
90.47805500030518	-1	611
90.48829507827759	-1	4412
90.48897504806519	-1	4412
90.48967003822327	-1	4412
90.49037337303162	-1	4412
90.49104070663452	-1	1516
90.49105429649353	-1	2964
90.49152207374573	-1	1516
90.49153327941895	-1	611
90.50012183189392	-1	4412
90.50013279914856	-1	4412
90.50014090538025	-1	5860
90.5014374256134	-1	1516
90.50144863128662	-1	1516
90.50153756141663	-1	4412
90.50154542922974	-1	4412
90.50155210494995	-1	1516
90.50648379325867	-1	4412
90.50908541679382	-1	10204
90.52609443664551	-1	1516
90.52610373497009	-1	1516
90.53274083137512	-1	272
90.5327615737915	-1	11652
90.53354263305664	-1	1516
90.53354930877686	-1	2964
90.53356218338013	-1	1252
90.53357434272766	-1	1516
90.5335783958435	-1	1516
90.53894448280334	-1	234
90.54576802253723	-1	1516
90.5486752986908	-1	705
90.5852746963501	-1	611
90.60254216194153	-1	2098
90.60255885124207	-1	1516
90.60270380973816	-1	650
90.61387419700623	-1	1736
90.64730048179626	-1	2098
90.72364497184753	-1	902
90.73020100593567	-1	1516
90.73070621490479	-1	650
90.7307116985321	-1	2098
90.73619270324707	-1	304
90.7991111278534	-1	2098
90.79912567138672	-1	1516
90.79926419258118	-1	668
90.79941725730896	-1	611
90.80917978286743	-1	2098
90.82404088973999	-1	1120
90.8242461681366	-1	611
90.83397960662842	-1	2098
90.8382420539856	-1	902
90.88308811187744	-1	2098
90.88310050964355	-1	2098
90.88801288604736	-1	104
90.91066265106201	-1	2098
90.92068290710449	-1	1102
90.94283056259155	-1	2098
90.94742345809937	-1	902
90.99742031097412	-1	2098
90.99779939651489	-1	2098
91.01304173469543	-1	1516
91.01316452026367	-1	611
91.01320886611938	-1	650
91.0260763168335	-1	1138
91.05765700340271	-1	2098
91.05766987800598	-1	2098
91.05767273902893	-1	1736
91.08267593383789	-1	611
91.09426808357239	-1	1125
91.10560178756714	-1	2098
91.10561156272888	-1	2098
91.10561513900757	-1	1736
91.13320541381836	-1	2098
91.13322973251343	-1	1516
91.13625597953796	-1	1484
91.15037560462952	-1	2098
91.15976357460022	-1	304
91.17169570922852	-1	2098
91.20779585838318	-1	2098
91.20782113075256	-1	2098
91.20792818069458	-1	611
91.21391701698303	-1	1120
91.22207260131836	-1	2098
91.24546122550964	-1	902
91.25617814064026	-1	2098
91.25694370269775	-1	2098
91.25695514678955	-1	2134
91.26155734062195	-1	1102
91.27200651168823	-1	2098
91.27735137939453	-1	902
91.31990480422974	-1	2098
91.32066321372986	-1	2098
91.32067656517029	-1	2098
91.32727670669556	-1	1138
91.33271980285645	-1	2098
91.3463659286499	-1	2932
91.3464879989624	-1	611
91.35568022727966	-1	902
91.35873246192932	-1	2098
91.37420606613159	-1	2098
91.3742344379425	-1	1736
91.40332198143005	-1	2098
91.40334677696228	-1	2098
91.40335011482239	-1	2098
91.40367293357849	-1	611
91.41177892684937	-1	1138
91.41300320625305	-1	2098
91.41415476799011	-1	1125
91.43594002723694	-1	2098
91.43595743179321	-1	2098
91.43610286712646	-1	611
91.45912790298462	-1	1120
91.45974087715149	-1	2098
91.4597680568695	-1	1516
91.46032190322876	-1	1484
91.46034359931946	-1	2098
91.46067547798157	-1	611
91.46751999855042	-1	104
91.47150754928589	-1	2098
91.47643947601318	-1	1102
91.4765796661377	-1	611
91.48543095588684	-1	2098
91.49113368988037	-1	902
91.49115419387817	-1	1125
91.51100730895996	-1	2098
91.51141405105591	-1	2098
91.52310276031494	-1	2098
91.52764582633972	-1	1138
91.52931189537048	-1	2098
91.5297315120697	-1	2098
91.5321536064148	-1	1736
91.5323371887207	-1	611
91.5511200428009	-1	2098
91.55114531517029	-1	2098
91.5511486530304	-1	2098
91.55245685577393	-1	122
91.55250763893127	-1	611
91.56037545204163	-1	3114
91.56464052200317	-1	2116
91.5700695514679	-1	1718
91.59247636795044	-1	2098
91.59250831604004	-1	2098
91.59891676902771	-1	2134
91.60342693328857	-1	3132
91.60926604270935	-1	611
91.61037349700928	-1	902
91.61494398117065	-1	2098
91.6149594783783	-1	2098
91.6240725517273	-1	2098
91.62440872192383	-1	1516
91.62493777275085	-1	1720
91.6249487400055	-1	902
91.62495756149292	-1	1125
91.63639116287231	-1	2098
91.63681364059448	-1	2098
91.64085459709167	-1	2134
91.64473628997803	-1	611
91.6679904460907	-1	1102
91.67257571220398	-1	2098
91.67259573936462	-1	2098
91.67260003089905	-1	104
91.67261219024658	-1	611
91.67262554168701	-1	1700
91.67262935638428	-1	2098
91.6769003868103	-1	2116
91.67691683769226	-1	2098
91.68572568893433	-1	3150
91.68700957298279	-1	611
91.69730043411255	-1	2334
91.7053575515747	-1	1500
91.70539331436157	-1	611
91.7112991809845	-1	2098
91.71205234527588	-1	2116
91.71205615997314	-1	2098
91.72445607185364	-1	3150
91.7263879776001	-1	1125
91.74384808540344	-1	902
91.74462842941284	-1	2098
91.7446391582489	-1	2098
91.74633240699768	-1	2134
91.74635171890259	-1	1102
91.74635672569275	-1	2098
91.75582122802734	-1	1516
91.75642895698547	-1	1484
91.7564435005188	-1	2098
91.7671709060669	-1	2098
91.76768136024475	-1	3168
91.77746844291687	-1	2098
91.77749729156494	-1	1516
91.77754759788513	-1	288
91.78416633605957	-1	2098
91.78418517112732	-1	1516
91.78428721427917	-1	650
91.790931224823	-1	2098
91.80152297019958	-1	2152
91.80191898345947	-1	1918
91.8056435585022	-1	1516
91.80564880371094	-1	650
91.80565810203552	-1	2932
91.80566120147705	-1	2116
91.80575656890869	-1	611
91.81137609481812	-1	2098
91.81325244903564	-1	3150
91.82399916648865	-1	2932
91.82477903366089	-1	2098
91.82480883598328	-1	2134
91.83289456367493	-1	1102
91.83291816711426	-1	1125
91.83332133293152	-1	2098
91.83687233924866	-1	2932
91.84567284584045	-1	611
91.84642958641052	-1	2098
91.84643840789795	-1	2098
91.87906074523926	-1	1138
91.87907385826111	-1	2098
91.87909030914307	-1	2098
91.87909269332886	-1	1736
91.87909436225891	-1	2098
91.87909626960754	-1	2098
91.88687562942505	-1	2098
91.88701510429382	-1	611
91.88729619979858	-1	2152
91.89959669113159	-1	486
91.9003689289093	-1	2098
91.90038418769836	-1	2098
91.90330982208252	-1	2334
91.90990900993347	-1	2116
91.9121310710907	-1	2098
91.92890119552612	-1	1120
91.92891335487366	-1	2098
91.92891645431519	-1	2098
91.92891812324524	-1	2334
91.92892003059387	-1	2098
91.92907619476318	-1	611
91.96258759498596	-1	1516
91.9651415348053	-1	288
91.96783781051636	-1	1516
91.97122597694397	-1	1516
91.97333192825317	-1	634
91.97553968429565	-1	2932
91.98078560829163	-1	650
91.98079299926758	-1	2098
91.9807984828949	-1	3150
91.98080205917358	-1	2098
91.98557782173157	-1	1736
91.98558378219604	-1	2098
91.9863109588623	-1	2098
91.98631453514099	-1	2098
91.98658561706543	-1	1516
91.98758578300476	-1	611
91.9954845905304	-1	1138
91.99742031097412	-1	3530
92.02723050117493	-1	1328
92.02724719047546	-1	611
92.03034925460815	-1	4412
92.03722739219666	-1	2964
92.03724002838135	-1	611
92.04487943649292	-1	4412
92.04586505889893	-1	1516
92.0519163608551	-1	2964
92.05193090438843	-1	734
92.05268549919128	-1	4412
92.06209468841553	-1	4412
92.06436324119568	-1	4412
92.06533193588257	-1	611
92.06798696517944	-1	5860
92.07742691040039	-1	1516
92.07744121551514	-1	1516
92.08263421058655	-1	4412
92.08265900611877	-1	7308
92.09001064300537	-1	1516
92.09001755714417	-1	437
92.09622502326965	-1	4874
92.09901261329651	-1	2098
92.09903025627136	-1	2098
92.09903359413147	-1	2098
92.10950708389282	-1	1138
92.10952019691467	-1	1154
92.2027177810669	-1	2098
92.2027313709259	-1	2098
92.20273399353027	-1	1736
92.23339343070984	-1	2098
92.23415803909302	-1	2098
92.2341742515564	-1	2098
92.24070596694946	-1	1138
92.24323797225952	-1	2098
92.24325609207153	-1	2334
92.24602818489075	-1	3530
92.25642800331116	-1	2116
92.25707697868347	-1	2098
92.257089138031	-1	1516
92.29633617401123	-1	1516
92.29635763168335	-1	4412
92.29636216163635	-1	1600
92.30224657058716	-1	1516
92.3083643913269	-1	1304
92.30843019485474	-1	611
92.31787824630737	-1	4412
92.31789469718933	-1	611
92.32790040969849	-1	2504
92.34896063804626	-1	2098
92.34937334060669	-1	2098
92.3559353351593	-1	3168
92.38727021217346	-1	611
92.96120953559875	-1	611
93.17218255996704	-1	611
93.39720749855042	-1	611
93.98520970344543	-1	611
94.12326216697693	-1	611
94.9303526878357	-1	2098
94.93037295341492	-1	2098
94.9303777217865	-1	2134
94.9304051399231	-1	1516
94.94300198554993	-1	8756
94.95583176612854	-1	10204
95.00373268127441	-1	11652
95.00406670570374	-1	611
95.01474261283875	-1	7308
95.01496481895447	-1	1516
95.01721930503845	-1	4412
95.01725101470947	-1	1125
95.0318078994751	-1	4412
95.03243112564087	-1	2964
95.03245568275452	-1	1516
95.03312921524048	-1	4412
95.03325939178467	-1	1516
95.03333520889282	-1	1516
95.03334856033325	-1	220
95.03922128677368	-1	4412
95.03942155838013	-1	1516
95.04060983657837	-1	1516
95.05530667304993	-1	4412
95.05593466758728	-1	1516
95.05594897270203	-1	2964
95.05595922470093	-1	1154
95.06199264526367	-1	4412
95.06241536140442	-1	2964
95.08490777015686	-1	1516
95.09087085723877	-1	4412
95.0914740562439	-1	4412
95.09209680557251	-1	1516
95.09210634231567	-1	2964
95.09272813796997	-1	4412
95.11472487449646	-1	4412
95.11474418640137	-1	1516
95.11537289619446	-1	4412
95.11599588394165	-1	4412
95.11662817001343	-1	1516
95.11663961410522	-1	2964
95.11686944961548	-1	1516
95.12571835517883	-1	886
95.1412444114685	-1	4412
95.1418526172638	-1	4412
95.14248585700989	-1	4412
95.14311456680298	-1	1516
95.14312934875488	-1	2964
95.14354610443115	-1	1516
95.14355397224426	-1	1516
95.14356184005737	-1	1154
95.16844844818115	-1	4412
95.16846632957458	-1	4412
95.16847205162048	-1	5860
95.16847634315491	-1	4412
95.16848731040955	-1	2964
95.18518733978271	-1	21788
95.18525695800781	-1	1516
95.1854145526886	-1	1125
95.19983506202698	-1	21788
95.19987916946411	-1	1516
95.20031452178955	-1	1516
95.20032548904419	-1	1125
95.23894190788269	-1	21788
95.23897242546082	-1	1516
95.23921537399292	-1	1516
95.23959016799927	-1	2964
95.23960304260254	-1	220
95.25474405288696	-1	21788
95.25477027893066	-1	1516
95.25910449028015	-1	1516
95.25912284851074	-1	2964
95.26945924758911	-1	21788
95.26948523521423	-1	1516
95.26973176002502	-1	1125
95.27137303352356	-1	1516
95.2713897228241	-1	4412
95.27668738365173	-1	5860
95.27891802787781	-1	10204
95.2800703048706	-1	8756
95.28009915351868	-1	611
95.30865502357483	-1	5860
95.3086907863617	-1	5860
95.30870246887207	-1	2964
95.31213974952698	-1	7308
95.31216239929199	-1	10204
95.31217360496521	-1	611
95.33968138694763	-1	7308
95.34166884422302	-1	7308
95.34170651435852	-1	2964
95.34348177909851	-1	4412
95.34349918365479	-1	7408
95.34350514411926	-1	1154
95.34350872039795	-1	2098
95.34604024887085	-1	2098
95.36125588417053	-1	7308
95.36126971244812	-1	10066
95.36139822006226	-1	611
95.36221361160278	-1	2098
95.36482405662537	-1	2098
95.36483597755432	-1	2098
95.36818265914917	-1	2098
95.36853528022766	-1	2098
95.37365055084229	-1	1125
95.37391400337219	-1	3224
95.3788890838623	-1	2098
95.37890124320984	-1	1736
95.37959718704224	-1	2098
95.37960648536682	-1	2932
95.38272666931152	-1	2098
95.38274025917053	-1	2334
95.3850200176239	-1	2116
95.38503408432007	-1	2098
95.39083886146545	-1	2098
95.39085030555725	-1	2098
95.39091753959656	-1	140
95.39216041564941	-1	3314
95.39225721359253	-1	611
95.39477849006653	-1	2116
95.39669394493103	-1	2098
95.39670324325562	-1	2098
95.40156078338623	-1	1385
95.4016752243042	-1	611
95.41347551345825	-1	1516
95.413498878479	-1	1516
95.44185161590576	-1	1125
95.44186806678772	-1	285
95.48249173164368	-1	1125
95.50690865516663	-1	611
95.6017677783966	-1	611
95.61418843269348	-1	1516
95.61420631408691	-1	1516
95.64674282073975	-1	1516
95.64689755439758	-1	1516
95.65283489227295	-1	1516
95.65290474891663	-1	1516
95.66008114814758	-1	1516
