0.10825276374816895	-1	605
0.33606457710266113	-1	605
0.3552074432373047	1	3942
0.368574857711792	-1	214
0.3836855888366699	1	415
0.45270371437072754	-1	265
0.4527912139892578	-1	340
0.45304346084594727	-1	126
0.4710416793823242	1	126
0.5253632068634033	1	839
0.5336039066314697	-1	280
0.6138908863067627	1	4408
0.654280424118042	1	12574
1.6374187469482422	1	1516
1.735480546951294	1	2670
1.7405602931976318	-1	168
1.7410533428192139	-1	1037
1.8413138389587402	1	662
1.9437546730041504	1	2271
1.9443974494934082	-1	112
2.672794818878174	-1	605
2.7124853134155273	1	2944
2.766411066055298	-1	605
2.769580841064453	-1	605
2.7733519077301025	-1	605
2.777190685272217	-1	605
2.7793378829956055	-1	605
2.781306505203247	-1	605
2.7832343578338623	-1	605
2.7851407527923584	1	3162
2.7869606018066406	-1	181
2.7923738956451416	1	2959
2.7937848567962646	-1	181
2.7945024967193604	-1	265
2.7945494651794434	-1	410
2.7962563037872314	1	2959
2.7974538803100586	1	399
2.7975199222564697	-1	181
2.7982892990112305	1	4108
2.798415422439575	1	258
2.7984416484832764	-1	265
2.798468589782715	-1	392
2.8015151023864746	1	2959
2.8024168014526367	-1	605
2.803638458251953	-1	181
2.8044323921203613	-1	265
2.8044657707214355	-1	389
2.806194305419922	1	2959
2.8062636852264404	-1	605
2.806657075881958	1	1528
2.8068323135375977	1	1519
2.8072760105133057	-1	181
2.808418035507202	-1	181
2.8088972568511963	-1	265
2.808917760848999	-1	406
2.809084892272949	-1	265
2.8091182708740234	-1	387
2.8120594024658203	1	399
2.8122293949127197	-1	126
2.813500165939331	1	399
2.813638210296631	-1	126
2.818509817123413	1	399
2.8189985752105713	-1	126
2.8243072032928467	1	126
2.8282668590545654	1	399
2.8288559913635254	-1	126
2.831825017929077	-1	265
2.8319342136383057	-1	349
2.832321882247925	-1	126
2.8331849575042725	1	11646
2.8338735103607178	1	126
2.837644338607788	1	399
2.8380985260009766	-1	126
2.847032308578491	1	743
2.8511595726013184	1	32856
2.8538429737091064	1	3917
2.855315685272217	1	435
2.8569233417510986	1	7326
2.8599629402160645	1	126
2.8659496307373047	1	5148
2.867030143737793	-1	214
2.8672800064086914	1	32856
2.8739511966705322	1	25113
2.8743128776550293	-1	134
2.8744804859161377	-1	119
2.8821027278900146	1	32856
2.8821380138397217	1	3320
2.8853437900543213	1	32856
2.8872509002685547	1	11608
2.890329360961914	1	32856
2.8955905437469482	-1	185
2.9019505977630615	1	14603
2.902139663696289	-1	134
2.9022459983825684	-1	119
2.9037997722625732	1	32856
2.9038238525390625	1	13400
2.9062957763671875	-1	168
2.906471014022827	1	2978
2.9087345600128174	-1	258
2.908768653869629	-1	302
2.9160351753234863	-1	254
2.91744065284729	-1	264
2.917876958847046	1	258
2.9214916229248047	1	32856
2.9220991134643555	1	32856
2.922217607498169	1	65535
2.922257423400879	1	7451
2.9225213527679443	-1	134
2.922633647918701	-1	119
2.924914836883545	1	5848
2.9255895614624023	1	3209
2.927341938018799	1	4101
2.9286251068115234	1	4408
2.929063320159912	1	724
2.929180145263672	-1	119
2.9457974433898926	1	32856
2.945934772491455	1	5536
2.9462313652038574	-1	134
2.9463119506835938	-1	119
2.9507627487182617	1	119
2.9534780979156494	-1	152
2.953843116760254	-1	258
2.9538698196411133	-1	315
2.9541752338409424	1	2968
2.9551713466644287	-1	605
2.956956624984741	1	32856
2.9586830139160156	1	7288
2.959651470184326	-1	605
2.9691245555877686	1	32856
2.9703893661499023	1	11608
2.971620798110962	1	11608
2.9737956523895264	1	32856
2.975525140762329	1	2768
2.9756665229797363	1	645
2.9767658710479736	-1	168
2.977079153060913	-1	258
2.9770994186401367	-1	328
2.987231492996216	1	1202
2.9881398677825928	1	724
2.9883203506469727	-1	119
2.9915919303894043	1	4408
3.0059542655944824	1	32856
3.0057966709136963	1	1528
3.006052017211914	1	10839
3.0061492919921875	1	989
3.0062379837036133	1	32856
3.009159803390503	-1	214
3.0092082023620605	1	32856
3.0093636512756348	1	18424
3.0098912715911865	-1	452
3.012269973754883	1	1885
3.0135254859924316	-1	168
3.013845205307007	-1	258
3.0138657093048096	-1	326
3.024090051651001	1	724
3.024996757507324	-1	119
3.0297698974609375	1	119
3.0428707599639893	1	668
3.0444436073303223	-1	119
3.047116279602051	1	258
3.053952932357788	1	1112
3.073970317840576	1	2130
3.0848939418792725	1	2025
3.0897865295410156	1	119
3.1102728843688965	1	3409
3.111032247543335	1	2906
3.113163709640503	1	2906
3.115856170654297	1	2944
3.11974835395813	1	2868
3.121288299560547	1	2944
3.12844181060791	1	2944
3.1325745582580566	1	12940
3.1417593955993652	-1	437
3.151081085205078	1	2944
3.1528127193450928	1	626
3.191556215286255	1	4242
3.1920950412750244	1	8490
3.1925477981567383	1	2014
3.1939985752105713	1	11252
3.1948611736297607	-1	127
3.2835264205932617	1	8728
3.292273759841919	1	4408
3.2942733764648438	1	1859
3.590616226196289	-1	191
3.5907254219055176	-1	169
3.597188711166382	-1	195
3.6049485206604004	1	4342
3.60703182220459	-1	371
3.6071174144744873	-1	126
3.616302728652954	1	4408
3.6166036128997803	1	4099
3.6180293560028076	-1	167
3.618072986602783	1	4981
3.6182663440704346	-1	126
3.618617534637451	1	2295
3.6205191612243652	-1	177
3.6331164836883545	1	22682
3.634030342102051	1	14488
3.685967206954956	1	19134
3.68668532371521	1	1819
3.7517800331115723	-1	699
3.7762482166290283	-1	605
3.802703380584717	1	416
3.8131322860717773	1	1596
3.8133554458618164	1	2282
3.822666645050049	1	435
3.825509548187256	-1	214
3.825599431991577	-1	483
3.8591365814208984	1	263
3.8592369556427	1	139
3.9414026737213135	1	22936
3.9466474056243896	1	233
3.959881067276001	-1	605
3.9718422889709473	-1	605
3.9774057865142822	1	3610
3.978336811065674	-1	455
3.9887030124664307	-1	605
4.010777711868286	1	1516
4.013081073760986	1	1136
4.015060663223267	-1	214
4.015341758728027	-1	464
4.01654052734375	1	596
4.0285093784332275	1	2988
4.030642747879028	-1	214
4.031042575836182	-1	265
4.031059741973877	-1	455
4.052368402481079	1	258
4.062097072601318	1	2976
4.069035768508911	-1	152
4.069886684417725	-1	258
4.070021629333496	-1	305
4.082481622695923	1	431
4.082990884780884	-1	126
4.126985311508179	1	668
4.127392768859863	-1	119
4.1346657276153564	1	126
4.154947519302368	1	3350
4.181990385055542	1	367
4.183395862579346	-1	240
4.183503866195679	-1	156
4.198023796081543	1	16068
4.198539733886719	-1	127
4.223484039306641	1	1124
4.261036396026611	-1	491
4.280965805053711	1	130
4.284489393234253	1	241
4.298298358917236	-1	2150
4.298997163772583	-1	1955
4.302078008651733	1	1658
4.320237636566162	-1	463
4.321427345275879	1	2218
4.32354474067688	-1	458
4.362396478652954	1	3452
4.386821985244751	1	3348
4.391268968582153	1	853
4.391932964324951	1	158
4.392175912857056	-1	127
4.396264553070068	1	992
4.437489032745361	1	1362
4.442849159240723	-1	456
4.5196239948272705	1	2025
5.016929388046265	1	8013
5.0199363231658936	-1	460
5.059597015380859	1	3453
5.175125598907471	1	7228
5.242500066757202	1	22936
5.290863990783691	1	12940
5.315484523773193	-1	250
5.31709098815918	-1	605
5.333022356033325	-1	605
5.334606647491455	-1	173
5.348107099533081	1	7228
5.3565874099731445	1	235
5.357058525085449	-1	139
5.35832667350769	-1	520
5.362936735153198	-1	527
5.363069534301758	-1	197
5.383732795715332	-1	127
5.383780479431152	-1	127
5.38381028175354	-1	127
5.383891344070435	-1	127
5.3840436935424805	-1	134
5.384073972702026	-1	134
5.38410758972168	-1	127
5.384153127670288	-1	119
5.384251594543457	-1	119
5.384342670440674	-1	119
5.384556770324707	-1	112
5.3846564292907715	-1	112
5.384860277175903	-1	112
5.3849592208862305	-1	119
5.385046482086182	-1	112
5.385153293609619	-1	119
5.385448694229126	-1	112
5.3985230922698975	1	14368
5.408596754074097	1	2968
5.408736944198608	1	2324
5.42214822769165	1	1528
5.426623582839966	1	22261
5.4273881912231445	1	15202
5.42763352394104	-1	134
5.42784857749939	-1	119
5.440023899078369	1	397
5.480700731277466	1	4372
5.494359016418457	-1	605
5.545324325561523	1	2988
5.547465085983276	-1	214
5.59176778793335	-1	605
5.594690322875977	1	431
5.596485137939453	1	32856
5.60898494720459	1	3942
5.61249041557312	-1	214
5.613203525543213	-1	265
5.613240480422974	-1	482
5.6132800579071045	-1	527
5.61363673210144	-1	265
5.613677263259888	-1	872
5.613721609115601	-1	2190
5.613850355148315	-1	126
5.62967586517334	1	415
5.630043029785156	1	126
5.63009238243103	-1	126
5.63090181350708	1	397
5.6312096118927	-1	134
5.631391763687134	-1	119
5.631924629211426	-1	184
5.631982088088989	-1	533
5.663200378417969	1	139
5.702577829360962	1	802
5.70598578453064	1	241
5.710752010345459	1	130
5.715255498886108	1	241
5.763707160949707	1	5800
5.78605842590332	1	24364
5.8208911418914795	1	15796
5.839046955108643	-1	184
5.839080572128296	-1	607
5.887086629867554	1	130
5.889955043792725	1	1516
5.892659902572632	1	241
5.949342250823975	1	22936
6.023378610610962	1	8927
6.023789167404175	-1	119
6.07335352897644	-1	605
6.11375617980957	1	2944
6.115413665771484	1	989
6.121819019317627	-1	214
6.12262749671936	-1	460
6.160367012023926	1	258
6.23664665222168	1	10595
6.2466278076171875	1	15796
6.255278587341309	1	2944
6.258476495742798	1	4372
6.276154041290283	1	11512
6.323964834213257	1	7228
6.336028099060059	1	6460
6.398815155029297	1	40840
6.485607862472534	1	65535
6.485687017440796	1	20304
6.51713752746582	1	65535
6.517236948013306	1	65535
6.517301559448242	1	34808
6.627975225448608	1	65535
6.6280694007873535	1	65535
6.713344097137451	1	65535
6.7134363651275635	1	65535
6.713515758514404	1	65535
6.7136030197143555	1	43600
6.71432900428772	1	10084
6.71541428565979	1	37360
6.7208335399627686	1	10084
6.77108907699585	1	65535
6.771198511123657	1	65535
6.771288156509399	1	65535
6.77135157585144	1	30604
6.807825565338135	1	65535
6.807935476303101	1	65535
6.808013916015625	1	65535
6.845136642456055	1	65535
6.845203399658203	1	17448
6.861437797546387	1	11512
6.908490896224976	1	65535
6.908573865890503	1	36379
6.920254468917847	-1	454
6.960898399353027	1	594
7.474666118621826	1	168
7.477795124053955	-1	455
7.518506288528442	1	674
7.5213727951049805	-1	449
7.560030698776245	1	2024
7.568498611450195	1	10902
7.571508407592773	1	10084
7.598776817321777	1	5334
7.601980447769165	-1	450
7.6190574169158936	1	25792
7.641133069992065	1	594
7.660487413406372	1	25792
7.702840805053711	1	14368
7.707887887954712	1	11512
7.769613265991211	1	14633
7.769796133041382	-1	119
7.831916570663452	-1	605
7.871938467025757	1	2944
7.878398895263672	1	1136
7.884736776351929	-1	214
7.88550066947937	-1	460
7.92328667640686	1	258
7.9605607986450195	1	909
7.985134124755859	1	200
7.987979412078857	-1	455
8.000420808792114	-1	605
8.027243375778198	1	2944
8.076865434646606	1	20080
8.081710815429688	1	18652
8.182864665985107	1	3854
8.192568302154541	-1	214
8.193842649459839	-1	265
8.19394850730896	-1	334
8.232558250427246	1	327
8.23323678970337	-1	126
8.245153903961182	1	128
8.258272171020508	-1	453
8.271230936050415	1	126
8.297476291656494	1	910
8.314002990722656	1	4372
8.374354839324951	1	11366
8.377998113632202	-1	456
8.415678262710571	1	595
8.625377416610718	1	289
8.636806726455688	-1	480
8.676864385604858	1	1544
9.010641098022461	1	232
9.034306287765503	-1	468
9.078971862792969	1	3452
9.12226915359497	1	546
9.126129150390625	-1	466
9.165568351745605	1	595
9.62527847290039	1	1516
9.66093373298645	1	982
9.665377855300903	-1	478
9.704341411590576	1	1063
9.706756830215454	-1	605
9.710176944732666	-1	478
10.239057779312134	1	235
10.239168405532837	1	1557
10.23930048942566	-1	139
10.240015029907227	1	771
10.240509510040283	-1	509
10.245529890060425	-1	477
10.283122539520264	1	595
10.320576906204224	1	1765
10.326039552688599	1	393
11.562192440032959	-1	449
11.61023998260498	1	1109
11.618098497390747	-1	476
11.618349075317383	-1	505
11.658741235733032	1	2944
11.660724878311157	1	1540
11.697238445281982	1	17224
11.753801345825195	1	16052
11.837891817092896	-1	542
11.878874778747559	1	754
12.018369674682617	-1	605
12.103817701339722	1	2944
12.106595754623413	1	1104
12.116071701049805	-1	214
12.1167151927948	-1	515
12.202903509140015	1	258
12.287744045257568	1	827
12.29132866859436	-1	420
12.378665685653687	1	3587
12.4219651222229	1	4778
12.431565046310425	-1	461
12.470332384109497	1	910
13.311575651168823	1	297
13.326529264450073	-1	488
13.326830625534058	-1	517
13.366731643676758	1	1516
13.37040400505066	1	5968
15.718507766723633	-1	134
15.909735679626465	-1	134
20.257797956466675	-1	134
20.31690549850464	-1	119
22.395339965820312	-1	119
23.390259265899658	-1	119
23.94528317451477	-1	119
30.015109300613403	-1	605
30.044809103012085	-1	605
30.07971429824829	1	1516
30.08402395248413	1	1136
30.093722343444824	-1	214
30.097447395324707	-1	464
30.122204065322876	1	258
30.15271759033203	1	1113
30.152920246124268	-1	119
