0.09328174591064453	-1	605
0.12298154830932617	-1	605
0.15788674354553223	1	1516
0.16219639778137207	1	1136
0.17189478874206543	-1	214
0.17561984062194824	-1	464
0.2003765106201172	1	258
0.23089003562927246	1	1113
0.2310926914215088	-1	119
0.4806854724884033	-1	605
0.4907054901123047	1	3942
0.5004031658172607	-1	214
0.5073695182800293	1	415
0.5695512294769287	-1	265
0.5696337223052979	-1	340
0.5698330402374268	-1	126
0.5783705711364746	1	126
0.6296534538269043	1	841
0.638648271560669	-1	281
0.6689200401306152	1	1516
0.716620683670044	1	10168
0.757129430770874	1	2670
0.7601613998413086	1	6836
0.7627241611480713	-1	168
0.7632460594177246	-1	1037
0.8532872200012207	1	678
1.3204233646392822	-1	605
1.323197364807129	-1	605
1.3596372604370117	1	1516
1.36421799659729	1	2944
1.367511510848999	1	1136
1.376375675201416	-1	214
1.3770391941070557	-1	491
1.4158451557159424	1	2564
1.4165778160095215	1	258
1.423100471496582	-1	214
1.4240448474884033	-1	520
1.4636335372924805	1	258
1.5035204887390137	1	906
1.5084455013275146	1	1687
1.5090603828430176	-1	119
1.546158790588379	1	2271
1.5466868877410889	-1	112
1.5471765995025635	1	7228
2.7431256771087646	1	20080
2.7811412811279297	1	32856
2.8661794662475586	1	11484
2.934053421020508	1	32856
2.934143543243408	1	16137
2.9350082874298096	-1	119
3.4467344284057617	-1	605
3.4793708324432373	1	1516
3.4998178482055664	-1	605
3.501267433166504	-1	605
3.509791374206543	-1	605
3.5101921558380127	1	3162
3.5113167762756348	-1	605
3.5127458572387695	-1	605
3.5159788131713867	-1	181
3.5174920558929443	-1	605
3.5183732509613037	-1	605
3.5213663578033447	1	2963
3.5223007202148438	-1	181
3.523020029067993	-1	265
3.5230438709259033	-1	407
3.5233590602874756	1	399
3.5259664058685303	1	4108
3.526083469390869	1	258
3.533351182937622	-1	605
3.535670757293701	1	2963
3.535670757293701	1	415
3.535808801651001	-1	126
3.5367534160614014	-1	181
3.537815570831299	-1	265
3.53784441947937	-1	388
3.5400006771087646	-1	605
3.545863628387451	1	2963
3.546729803085327	-1	181
3.547206163406372	-1	265
3.547224760055542	-1	393
3.547863245010376	-1	265
3.5478994846343994	-1	349
3.547996997833252	-1	126
3.552062749862671	1	415
3.552227735519409	-1	126
3.5542287826538086	1	126
3.555698871612549	1	126
3.562892198562622	1	415
3.5630619525909424	-1	126
3.573169231414795	1	126
3.584625482559204	1	126
3.5961380004882812	1	704
3.596146583557129	1	14602
3.598623514175415	1	2963
3.5995309352874756	1	32856
3.600181818008423	1	4264
3.6045076847076416	-1	181
3.6104838848114014	1	32856
3.6185173988342285	1	32856
3.621051073074341	-1	214
3.6216650009155273	-1	265
3.6223630905151367	1	2417
3.622579336166382	-1	390
3.624044418334961	1	6200
3.624110460281372	1	3858
3.624774932861328	-1	185
3.6327574253082275	1	2977
3.6343793869018555	1	4110
3.635119915008545	1	10767
3.6391446590423584	-1	214
3.639937400817871	-1	134
3.6414377689361572	-1	119
3.6423163414001465	1	415
3.643451452255249	-1	452
3.6538069248199463	-1	126
3.659677505493164	1	126
3.6598427295684814	-1	168
3.6606409549713135	-1	258
3.6607508659362793	-1	302
3.668154716491699	1	6974
3.668524742126465	-1	134
3.668935775756836	-1	119
3.672597885131836	1	258
3.6734187602996826	1	662
3.6735451221466064	1	258
3.6737685203552246	1	150
3.6750738620758057	-1	119
3.6837213039398193	1	119
3.6841509342193604	1	614
3.705277681350708	1	2944
3.706890821456909	1	4408
3.7223620414733887	1	7288
3.723651170730591	1	2968
3.7246389389038086	-1	152
3.726428747177124	-1	258
3.7265241146087646	-1	315
3.741027593612671	1	32856
3.743649482727051	1	7288
3.7456371784210205	1	14368
3.7588860988616943	1	4408
3.7622735500335693	1	32856
3.7669193744659424	1	23128
3.7678115367889404	1	15928
3.7685327529907227	1	11608
3.7920663356781006	1	32856
3.7922401428222656	1	32856
3.7925195693969727	1	15544
3.8094003200531006	1	668
3.8096354007720947	-1	119
3.853370428085327	1	119
3.8606014251708984	-1	437
3.8696720600128174	1	2000
3.870145559310913	1	1497
3.870845317840576	1	2906
3.8732476234436035	1	2906
3.879817008972168	1	5762
3.8815524578094482	1	2859
3.892357587814331	1	2944
3.907843828201294	1	2944
3.9149773120880127	1	4295
3.9155657291412354	1	5848
3.9482157230377197	1	11299
3.948878288269043	-1	127
3.963430643081665	1	4603
4.029675245285034	1	1528
4.0472047328948975	1	1695
4.047711610794067	-1	134
4.04805326461792	-1	119
4.062269926071167	1	28337
4.065670013427734	-1	455
4.099415063858032	1	596
4.14022970199585	1	2218
4.144208192825317	-1	458
4.177431106567383	1	596
4.208648204803467	1	7228
4.211334228515625	1	2790
4.21440315246582	-1	456
4.247668981552124	1	3453
4.310858964920044	1	2963
4.314491033554077	-1	181
4.317114353179932	-1	265
4.317209482192993	-1	411
4.3859193325042725	1	346
4.3863232135772705	1	166
4.386537313461304	-1	126
4.442816257476807	1	5146
4.4435975551605225	-1	134
4.4442973136901855	-1	119
4.4867517948150635	-1	605
4.491806507110596	-1	605
4.496045827865601	-1	254
4.500916242599487	1	3325
4.508208513259888	-1	168
4.510573863983154	-1	258
4.510637044906616	-1	326
4.511762619018555	-1	264
4.516909599304199	1	23128
4.5175840854644775	1	3325
4.52066707611084	-1	168
4.520815134048462	1	724
4.521062612533569	-1	119
4.521368503570557	-1	258
4.5214149951934814	-1	328
4.532160520553589	1	4408
4.533643007278442	1	23128
4.534444332122803	1	11608
4.535929441452026	1	20248
4.535937786102295	1	119
4.536683797836304	1	8013
4.537147045135498	1	724
4.538031578063965	-1	119
4.5389931201934814	-1	460
4.544482469558716	1	4408
4.548030853271484	1	32856
4.5489490032196045	1	5848
4.5524842739105225	1	119
4.568002223968506	1	32856
4.568347215652466	1	4408
4.573304653167725	1	32856
4.573347568511963	1	32856
4.573511123657227	1	32856
4.573516368865967	1	32856
4.5748021602630615	1	597
4.580110788345337	1	2130
4.5855536460876465	1	11608
4.58612847328186	1	10168
4.587471008300781	1	24529
4.588778972625732	1	1203
4.596106052398682	1	11832
4.6161088943481445	1	5800
4.647221565246582	1	15796
4.65219521522522	-1	605
4.653260231018066	1	32856
4.6644134521484375	1	32856
4.725428819656372	1	2977
4.728874683380127	-1	152
4.730057716369629	-1	258
4.730138778686523	-1	305
4.785717964172363	1	668
4.785914182662964	-1	119
4.791492938995361	-1	605
4.814037322998047	1	3350
4.82127833366394	1	2944
4.821367025375366	1	998
4.824244022369385	-1	214
4.824697494506836	-1	265
4.824721813201904	-1	334
4.856145858764648	1	16068
4.856415748596191	-1	127
4.902145147323608	-1	700
4.906667470932007	-1	274
4.9090962409973145	-1	605
4.916863918304443	-1	449
4.916962623596191	-1	126
4.925886154174805	1	22261
4.9260149002075195	1	3565
4.927589178085327	-1	169
4.927658319473267	-1	126
4.929626941680908	-1	177
4.936986207962036	1	4408
4.937924861907959	1	4408
4.944490432739258	1	32856
4.94528341293335	1	5848
4.9466776847839355	1	3790
4.952011346817017	1	435
4.953633785247803	-1	214
4.953718185424805	-1	483
4.95857834815979	1	416
4.982259035110474	1	1793
4.9824488162994385	-1	126
4.988198518753052	1	8617
4.988422870635986	1	955
4.994184732437134	1	32856
4.994223117828369	1	65535
4.994243383407593	1	20380
5.000051021575928	1	955
5.008567810058594	1	4414
5.08381986618042	-1	460
5.154318332672119	1	878
5.154541969299316	1	127
5.154695510864258	-1	127
5.216169595718384	-1	605
5.2449631690979	-1	2097
5.251676082611084	-1	605
5.252574682235718	-1	1958
5.265428781509399	1	314
5.302099704742432	1	7899
5.303128242492676	-1	460
5.312786817550659	1	2988
5.314758777618408	-1	214
5.315264463424683	-1	265
5.315291166305542	-1	455
5.32468581199646	1	233
5.332655429840088	1	4254
5.338576316833496	1	17735
5.366369009017944	1	431
5.3667097091674805	-1	126
5.369959831237793	-1	449
5.370080947875977	-1	197
5.372859001159668	1	7228
5.3735716342926025	1	15796
5.374756336212158	1	17224
5.392815113067627	-1	127
5.392854928970337	-1	127
5.392913103103638	-1	134
5.392935752868652	-1	127
5.392955303192139	-1	127
5.392991781234741	-1	134
5.393012762069702	-1	134
5.393039226531982	-1	127
5.393099546432495	-1	119
5.393197536468506	-1	119
5.3933892250061035	-1	112
5.393458366394043	-1	112
5.393671989440918	-1	112
5.3938469886779785	-1	119
5.393945932388306	-1	112
5.394020318984985	-1	112
5.394092321395874	-1	119
5.39422869682312	-1	119
5.40039849281311	1	5124
5.417252779006958	1	126
5.436139345169067	1	16501
5.438339710235596	1	21727
5.440892934799194	1	761
5.440998077392578	-1	134
5.44118857383728	-1	119
5.4563024044036865	1	65535
5.456329822540283	1	11736
5.464183807373047	1	367
5.464580535888672	-1	134
5.464669704437256	-1	119
5.480980634689331	1	65535
5.481039524078369	1	20304
5.4815144538879395	1	10084
5.481900453567505	1	25792
5.520002841949463	-1	605
5.533504009246826	1	65535
5.53354024887085	1	61716
5.571293115615845	-1	605
5.577885389328003	1	65535
5.577920913696289	1	65535
5.5779500007629395	1	65535
5.577975749969482	1	63592
5.59433650970459	1	2988
5.597682952880859	-1	214
5.610962867736816	1	2963
5.611688613891602	-1	181
5.630636215209961	1	415
5.641812801361084	1	48640
5.64553689956665	1	431
5.677644968032837	1	65535
5.677683591842651	1	65535
5.677709102630615	1	65535
5.677736282348633	1	65535
5.677770614624023	1	65535
5.677832841873169	1	65535
5.677859783172607	1	65535
5.677879333496094	1	28788
5.691220283508301	1	65535
5.691251993179321	1	65535
5.691276788711548	1	54800
5.71252965927124	1	65535
5.712610483169556	1	18876
5.722174406051636	1	4739
5.73126482963562	-1	119
5.736062526702881	-1	265
5.736202716827393	-1	413
5.736264705657959	-1	156
5.736549139022827	-1	126
5.777573108673096	-1	265
5.777655124664307	-1	703
5.778014421463013	-1	176
5.778303384780884	-1	126
5.78298807144165	-1	605
5.788050651550293	1	139
5.7896568775177	1	241
5.803237438201904	1	126
5.803472280502319	1	1528
5.803924322128296	1	2502
5.805634498596191	1	4459
5.806272029876709	-1	605
5.81375527381897	-1	214
5.81462550163269	-1	265
5.8146679401397705	-1	873
5.814708232879639	-1	2190
5.8196861743927	-1	305
5.826998949050903	1	346
5.82714319229126	1	157
5.8272459506988525	-1	126
5.8283538818359375	1	126
5.8312156200408936	-1	173
5.836015224456787	1	4408
5.836198806762695	1	2666
5.845196008682251	1	2944
5.908916473388672	1	802
5.926985502243042	1	706
5.92940092086792	-1	260
5.930672883987427	-1	642
5.931262493133545	-1	184
5.931332588195801	-1	518
5.976557493209839	1	130
6.023995876312256	1	130
6.028283357620239	1	394
6.121787071228027	1	989
6.1297078132629395	-1	214
6.130389451980591	-1	454
6.167662143707275	1	258
6.204768419265747	1	594
6.644538402557373	1	168
6.645729064941406	-1	455
6.683713674545288	1	674
6.68564248085022	-1	605
6.685768127441406	-1	449
6.724938154220581	1	2944
6.738294839859009	1	1136
6.745502471923828	-1	214
6.746374845504761	-1	460
6.770242691040039	1	7270
6.773269414901733	-1	450
6.7945427894592285	1	258
6.891427516937256	1	706
6.8934006690979	-1	455
6.932435750961304	1	3453
6.9761574268341064	1	17224
6.997703552246094	1	14368
6.998074531555176	1	950
7.0131614208221436	1	10084
7.030527114868164	1	8656
7.042249917984009	1	6631
7.04441499710083	-1	456
7.089532136917114	-1	453
7.095560789108276	1	710
7.098453044891357	-1	468
7.139411926269531	1	1111
7.140282869338989	1	3910
7.143901109695435	-1	466
7.150397777557373	-1	480
7.1914026737213135	1	2023
7.19157338142395	1	858
7.21907114982605	-1	605
7.2689454555511475	1	235
7.269740343093872	-1	139
7.273392915725708	-1	509
7.368484020233154	1	914
7.4849982261657715	1	982
7.487816095352173	-1	478
7.4885475635528564	1	765
7.526129245758057	1	1092
7.529196262359619	-1	478
7.56751561164856	1	771
7.571029424667358	-1	477
7.609976768493652	1	900
7.660912990570068	1	939
7.712668180465698	-1	449
7.820821046829224	1	1098
7.832288503646851	-1	476
7.832599878311157	-1	505
7.875364542007446	1	1532
7.875364542007446	1	3772
7.919487476348877	1	10084
8.273084878921509	1	12397
8.319264888763428	-1	542
8.360175848007202	1	755
8.462668180465698	-1	605
8.548569679260254	1	2944
8.550624132156372	1	1104
8.558453798294067	-1	214
8.559361457824707	-1	515
8.644415140151978	1	258
8.738138675689697	1	827
8.740825653076172	-1	420
8.826134443283081	1	3596
8.868467330932617	1	4778
8.877908706665039	-1	461
8.918548345565796	1	1110
8.927731037139893	-1	488
8.92795181274414	-1	517
8.968459606170654	1	1544
8.969149589538574	1	3771
9.030717134475708	1	2285
15.852238893508911	-1	134
15.925886154174805	-1	134
16.042301416397095	-1	134
17.629148244857788	-1	119
18.84610939025879	-1	119
18.985026121139526	-1	119
19.04687190055847	-1	119
31.139907598495483	-1	605
31.23555898666382	1	4098
31.24585461616516	-1	168
31.246304750442505	-1	1037
31.33698081970215	1	694
31.434062242507935	1	2271
31.43429684638977	-1	112
31.51658582687378	-1	605
31.52523899078369	1	3942
31.52790665626526	-1	214
31.535369873046875	1	415
