0.0	-1
0.0	-1
0.5075161457061768	-1
0.7123994827270508	-1
0.7123994827270508	-1
0.7125358581542969	-1
0.7165999412536621	-1
1.0215463638305664	-1
1.021714210510254	-1
3.650374412536621	-1
4.0084991455078125	-1
4.296342372894287	-1
4.29656982421875	-1
4.50121545791626	-1
4.501528263092041	-1
4.80836820602417	-1
4.80836820602417	-1
4.810497999191284	-1
5.0778968334198	-1
5.078194856643677	-1
5.42273473739624	-1
5.423964023590088	-1
5.423964023590088	-1
5.704465389251709	-1
7.369033336639404	-1
7.369033336639404	-1
7.369033336639404	-1
7.369033336639404	-1
7.369061470031738	-1
7.369061470031738	-1
7.369061470031738	-1
7.882305383682251	-1
7.884940147399902	-1
7.933340072631836	-1
8.49534010887146	-1
8.699668407440186	-1
8.700093030929565	-1
9.416611194610596	-1
9.416611194610596	-1
9.458300113677979	-1
9.458300113677979	-1
9.459287881851196	-1
9.470587015151978	-1
10.133311033248901	-1
10.136198043823242	-1
11.157402038574219	-1
11.158517599105835	-1
11.158517599105835	-1
12.971936225891113	-1
12.971936225891113	-1
12.971936225891113	-1
12.971936225891113	-1
12.971949100494385	-1
12.971949100494385	-1
12.971949100494385	-1
13.410212993621826	-1
13.411576271057129	-1
13.421933889389038	-1
13.421933889389038	-1
13.718329429626465	-1
13.718329429626465	-1
13.929520845413208	-1
13.929951667785645	-1
14.229496717453003	-1
14.241094827651978	-1
14.241094827651978	-1
14.536739826202393	-1
14.537374258041382	-1
14.537374258041382	-1
14.844383239746094	-1
14.844383239746094	-1
14.844404935836792	-1
14.844404935836792	-1
14.844404935836792	-1
14.844404935836792	-1
15.047831296920776	-1
15.047831296920776	-1
15.049420356750488	-1
15.050044059753418	-1
15.050044059753418	-1
15.053006887435913	-1
15.0618257522583	-1
15.0618257522583	-1
15.1617112159729	-1
15.1617112159729	-1
15.1617112159729	-1
15.1617112159729	-1
15.665083169937134	-1
15.665083169937134	-1
15.665083169937134	-1
15.665083169937134	-1
15.665096759796143	-1
15.665096759796143	-1
15.665096759796143	-1
15.665096759796143	-1
15.665104389190674	-1
15.665104389190674	-1
15.665104389190674	-1
15.665104389190674	-1
15.665105819702148	-1
15.665105819702148	-1
15.665105819702148	-1
15.665105819702148	-1
15.665143966674805	-1
15.665143966674805	-1
15.665452003479004	-1
15.665452003479004	-1
15.665452003479004	-1
15.777156352996826	-1
15.777156352996826	-1
15.777156352996826	-1
15.777156352996826	-1
15.782453298568726	-1
15.782453298568726	-1
15.782453298568726	-1
15.782453298568726	-1
15.782499313354492	-1
15.782499313354492	-1
15.782499313354492	-1
15.782499313354492	-1
15.82779049873352	-1
15.82779049873352	-1
15.82779049873352	-1
15.82779049873352	-1
15.82779049873352	-1
15.82779049873352	-1
15.827940464019775	-1
15.83700966835022	-1
15.83700966835022	-1
15.83700966835022	-1
15.83700966835022	-1
15.83704161643982	-1
15.83704161643982	-1
15.83704161643982	-1
15.83704161643982	-1
15.838163614273071	-1
15.838163614273071	-1
15.838163614273071	-1
15.838163614273071	-1
15.844872951507568	-1
15.844872951507568	-1
15.844872951507568	-1
15.844872951507568	-1
15.844902038574219	-1
15.844902038574219	-1
15.846338987350464	-1
15.846338987350464	-1
15.850466966629028	-1
15.850466966629028	-1
15.85460901260376	-1
15.85460901260376	-1
15.877579689025879	-1
15.877579689025879	-1
15.877579689025879	-1
16.073720693588257	-1
16.073720693588257	-1
16.079052925109863	-1
16.079052925109863	-1
16.079052925109863	-1
16.079052925109863	-1
16.081468105316162	-1
16.081468105316162	-1
16.081468105316162	-1
16.081468105316162	-1
16.086363077163696	-1
16.086363077163696	-1
16.086363077163696	-1
16.086363077163696	-1
16.086363077163696	-1
16.138426065444946	-1
16.138426065444946	-1
16.138426065444946	-1
16.138426065444946	-1
16.13843083381653	-1
16.13843083381653	-1
16.13843083381653	-1
16.138548851013184	-1
16.138548851013184	-1
16.1436448097229	-1
16.1436448097229	-1
16.181517362594604	-1
16.181517362594604	-1
16.25488805770874	-1
16.25488805770874	-1
16.288979291915894	-1
16.382932901382446	-1
16.382932901382446	-1
16.382932901382446	-1
16.382932901382446	-1
16.454110383987427	-1
16.454110383987427	-1
16.454110383987427	-1
16.454110383987427	-1
16.455541133880615	-1
16.52401566505432	-1
16.52401566505432	-1
16.525699138641357	-1
16.54559063911438	-1
16.54559063911438	-1
16.782758235931396	-1
16.782758235931396	-1
16.787689447402954	-1
16.832329273223877	-1
16.832329273223877	-1
16.832329273223877	-1
16.832329273223877	-1
17.09733271598816	-1
17.09733271598816	-1
17.097357511520386	-1
17.097357511520386	-1
17.097357511520386	-1
17.097357511520386	-1
17.097365856170654	-1
17.097365856170654	-1
17.097365856170654	-1
17.097541093826294	-1
17.110002040863037	-1
17.110002040863037	-1
17.11001491546631	-1
17.11001491546631	-1
17.30209493637085	-1
17.30209493637085	-1
17.30209493637085	-1
17.30209493637085	-1
17.30212903022766	-1
17.30212903022766	-1
17.30212903022766	-1
17.30212903022766	-1
17.712687015533447	-1
17.712687015533447	-1
17.712687015533447	-1
17.712687015533447	-1
17.71271300315857	-1
17.71271300315857	-1
17.71271300315857	-1
17.71271300315857	-1
17.71271300315857	-1
17.71271300315857	-1
17.712723970413208	-1
17.712723970413208	-1
17.712723970413208	-1
17.712723970413208	-1
17.713047742843628	-1
17.733293771743774	-1
17.733293771743774	-1
17.733293771743774	-1
17.733293771743774	-1
17.73331880569458	-1
17.73331880569458	-1
17.73331880569458	-1
17.73331880569458	-1
17.767228841781616	-1
17.767228841781616	-1
17.81422996520996	-1
17.81422996520996	-1
17.81422996520996	-1
17.876971006393433	-1
17.876971006393433	-1
17.876971006393433	-1
17.876971006393433	-1
17.877103567123413	-1
17.87795901298523	-1
17.87795901298523	-1
17.87795901298523	-1
17.87795901298523	-1
17.88600516319275	-1
17.88600516319275	-1
17.88600516319275	-1
17.88600516319275	-1
17.889281749725342	-1
17.889281749725342	-1
17.891592025756836	-1
17.902833700180054	-1
17.902833700180054	-1
17.930946111679077	-1
17.930946111679077	-1
18.22805905342102	-1
18.228086471557617	-1
18.228086471557617	-1
18.228086471557617	-1
18.228086471557617	-1
18.22809338569641	-1
18.22809338569641	-1
18.22809338569641	-1
18.22809338569641	-1
18.228243827819824	-1
18.23945951461792	-1
18.23945951461792	-1
18.289907693862915	-1
18.289907693862915	-1
18.290066719055176	-1
18.351200819015503	-1
18.351200819015503	-1
18.36359977722168	-1
18.36359977722168	-1
18.36359977722168	-1
18.36359977722168	-1
18.36362648010254	-1
18.36362648010254	-1
18.36362648010254	-1
18.36362648010254	-1
18.36381769180298	-1
18.374086141586304	-1
18.374086141586304	-1
18.42090129852295	-1
18.42090129852295	-1
18.42090129852295	-1
18.42090129852295	-1
18.42090129852295	-1
18.50008773803711	-1
18.50008773803711	-1
18.51275110244751	-1
18.53484797477722	-1
18.53484797477722	-1
18.53484797477722	-1
18.53484797477722	-1
18.585788249969482	-1
18.585788249969482	-1
18.638140201568604	-1
18.638140201568604	-1
18.697713613510132	-1
19.351900577545166	-1
19.351900577545166	-1
19.351900577545166	-1
19.351900577545166	-1
19.351942539215088	-1
19.351942539215088	-1
19.351942539215088	-1
19.351942539215088	-1
19.351942539215088	-1
19.351958990097046	-1
19.351958990097046	-1
19.351958990097046	-1
19.351965188980103	-1
19.351965188980103	-1
19.351965188980103	-1
19.35197138786316	-1
19.35197138786316	-1
19.35197138786316	-1
19.35197138786316	-1
19.351977586746216	-1
19.351977586746216	-1
19.351977586746216	-1
19.351977586746216	-1
19.351977586746216	-1
19.35260772705078	-1
19.35260772705078	-1
19.35260772705078	-1
19.35260772705078	-1
19.352647304534912	-1
19.352647304534912	-1
19.352647304534912	-1
19.352647304534912	-1
19.352647304534912	-1
19.352647304534912	-1
19.355156183242798	-1
19.355156183242798	-1
19.356552839279175	-1
19.356552839279175	-1
19.356552839279175	-1
19.356552839279175	-1
19.356572151184082	-1
19.356572151184082	-1
19.356572151184082	-1
19.356572151184082	-1
19.35658311843872	-1
19.35658311843872	-1
19.35658311843872	-1
19.35658311843872	-1
19.35659146308899	-1
19.35659146308899	-1
19.35659146308899	-1
19.35659146308899	-1
19.356886386871338	-1
19.356886386871338	-1
19.356886386871338	-1
19.356886386871338	-1
19.356886386871338	-1
19.356886386871338	-1
19.35964560508728	-1
19.35964560508728	-1
19.35964560508728	-1
19.35964560508728	-1
19.35965323448181	-1
19.35965323448181	-1
19.35965323448181	-1
19.35965609550476	-1
19.35965609550476	-1
19.35965609550476	-1
19.35965609550476	-1
19.359660863876343	-1
19.359660863876343	-1
19.359660863876343	-1
19.35990047454834	-1
19.35990047454834	-1
19.35990047454834	-1
19.35990047454834	-1
19.364126682281494	-1
19.364126682281494	-1
19.371338367462158	-1
19.371338367462158	-1
19.371338367462158	-1
19.371338367462158	-1
19.371338367462158	-1
19.371338367462158	-1
19.371338367462158	-1
19.371338367462158	-1
19.371338367462158	-1
19.371338367462158	-1
19.371338367462158	-1
19.371338367462158	-1
19.371338367462158	-1
19.371338367462158	-1
19.371338367462158	-1
19.371338367462158	-1
19.371338367462158	-1
19.371338367462158	-1
19.371338367462158	-1
19.371338367462158	-1
19.371338367462158	-1
19.371338367462158	-1
19.371338367462158	-1
19.371338367462158	-1
19.371338367462158	-1
19.371338367462158	-1
19.371338367462158	-1
19.371338367462158	-1
19.371338367462158	-1
19.371338367462158	-1
19.371338367462158	-1
19.371365785598755	-1
19.371365785598755	-1
19.371365785598755	-1
19.371365785598755	-1
19.371365785598755	-1
19.371365785598755	-1
19.371365785598755	-1
19.37138056755066	-1
19.421841382980347	-1
19.421841382980347	-1
19.42198944091797	-1
19.486483573913574	-1
19.50437331199646	-1
19.50437331199646	-1
19.515621423721313	-1
19.515621423721313	-1
19.515621423721313	-1
19.515621423721313	-1
19.52012348175049	-1
19.52012348175049	-1
19.52012348175049	-1
19.52012348175049	-1
19.560678482055664	-1
19.560678482055664	-1
19.56079602241516	-1
19.570072889328003	-1
19.582868099212646	-1
19.582868099212646	-1
19.720238208770752	-1
19.720238208770752	-1
19.720238208770752	-1
19.720238208770752	-1
19.72025203704834	-1
19.72025203704834	-1
19.72025203704834	-1
19.795612335205078	-1
19.795612335205078	-1
19.795612335205078	-1
19.795612335205078	-1
19.839549779891968	-1
19.839549779891968	-1
19.839549779891968	-1
19.839549779891968	-1
19.839549779891968	-1
19.839549779891968	-1
19.841118335723877	-1
19.850563287734985	-1
19.850563287734985	-1
19.8505802154541	-1
19.85698652267456	-1
19.85698652267456	-1
19.85698652267456	-1
19.85698652267456	-1
19.86376714706421	-1
19.86376714706421	-1
19.864402294158936	-1
19.874286651611328	-1
19.874286651611328	-1
19.946044921875	-1
19.946044921875	-1
19.9471755027771	-1
19.95534038543701	-1
19.958665132522583	-1
19.958665132522583	-1
19.96991491317749	-1
19.96991491317749	-1
20.271276235580444	-1
20.271276235580444	-1
20.321929216384888	-1
20.321929216384888	-1
20.35150647163391	-1
20.35150647163391	-1
20.35150647163391	-1
20.35150647163391	-1
20.351543426513672	-1
20.351543426513672	-1
20.351543426513672	-1
20.351543426513672	-1
20.351757287979126	-1
20.403861045837402	-1
20.403861045837402	-1
20.403861045837402	-1
20.403861045837402	-1
20.430927753448486	-1
20.430927753448486	-1
20.430927753448486	-1
20.430927753448486	-1
20.430970191955566	-1
20.430970191955566	-1
20.430970191955566	-1
20.431172847747803	-1
20.51953125	-1
20.51953125	-1
20.519548654556274	-1
20.519548654556274	-1
20.519548654556274	-1
20.519548654556274	-1
20.519548654556274	-1
20.519548654556274	-1
20.519551992416382	-1
20.519551992416382	-1
20.519551992416382	-1
20.519551992416382	-1
20.519556522369385	-1
20.519556522369385	-1
20.519556522369385	-1
20.519556522369385	-1
20.519561290740967	-1
20.519561290740967	-1
20.519561290740967	-1
20.519561290740967	-1
20.519570112228394	-1
20.519570112228394	-1
20.519670724868774	-1
20.529874801635742	-1
20.58193349838257	-1
20.58193349838257	-1
20.58193349838257	-1
20.58193349838257	-1
20.581965923309326	-1
20.581965923309326	-1
20.581965923309326	-1
20.581965923309326	-1
20.587372541427612	-1
20.587372541427612	-1
20.587372541427612	-1
20.587372541427612	-1
20.65596055984497	-1
20.65596055984497	-1
20.65596055984497	-1
20.65596055984497	-1
20.65596628189087	-1
20.65596628189087	-1
20.65596628189087	-1
20.65596628189087	-1
20.7179958820343	-1
20.7179958820343	-1
20.7179958820343	-1
20.7179958820343	-1
20.71803379058838	-1
20.71803379058838	-1
20.71803379058838	-1
20.71803379058838	-1
20.718037128448486	-1
20.718037128448486	-1
20.718037128448486	-1
20.718037128448486	-1
20.718039989471436	-1
20.718039989471436	-1
20.718039989471436	-1
20.718039989471436	-1
20.71815037727356	-1
20.730297803878784	-1
20.730297803878784	-1
20.730313301086426	-1
20.77667474746704	-1
20.77667474746704	-1
20.776773691177368	-1
20.78357481956482	-1
20.78357481956482	-1
20.78357481956482	-1
20.78357481956482	-1
20.783579111099243	-1
20.783579111099243	-1
20.783579111099243	-1
20.783579111099243	-1
20.783579111099243	-1
20.79793620109558	-1
20.860658168792725	-1
20.860658168792725	-1
20.860658168792725	-1
20.860658168792725	-1
20.860671997070312	-1
20.860671997070312	-1
20.860671997070312	-1
20.860671997070312	-1
20.860674619674683	-1
20.860674619674683	-1
20.860674619674683	-1
20.860679626464844	-1
20.860679626464844	-1
20.860679626464844	-1
20.860679626464844	-1
20.92561912536621	-1
20.92561912536621	-1
20.92561912536621	-1
20.92561912536621	-1
20.92570734024048	-1
20.92570734024048	-1
20.92570734024048	-1
20.92570734024048	-1
20.92723298072815	-1
20.92723298072815	-1
20.92723298072815	-1
20.92723298072815	-1
20.927249670028687	-1
20.927249670028687	-1
20.927249670028687	-1
20.927249670028687	-1
20.927249670028687	-1
20.92740297317505	-1
20.983074188232422	-1
20.983074188232422	-1
20.983074188232422	-1
20.983074188232422	-1
20.986135959625244	-1
20.986135959625244	-1
20.986213445663452	-1
20.986213445663452	-1
20.986213445663452	-1
20.986213445663452	-1
20.990417957305908	-1
21.003626346588135	-1
21.01671552658081	-1
21.040546894073486	-1
21.040546894073486	-1
21.040546894073486	-1
21.040546894073486	-1
21.046475648880005	-1
21.046475648880005	-1
21.046573877334595	-1
21.046573877334595	-1
21.046573877334595	-1
21.046573877334595	-1
21.046576499938965	-1
21.258594274520874	-1
21.258594274520874	-1
21.258594274520874	-1
21.258594274520874	-1
21.258623838424683	-1
21.258623838424683	-1
21.258623838424683	-1
21.258623838424683	-1
21.25863003730774	-1
21.25863003730774	-1
21.25863003730774	-1
21.25863003730774	-1
21.25864005088806	-1
21.25864005088806	-1
21.258713722229004	-1
21.259276866912842	-1
21.259276866912842	-1
21.259276866912842	-1
21.26162815093994	-1
21.26162815093994	-1
21.26162815093994	-1
21.26162815093994	-1
21.26163935661316	-1
21.26163935661316	-1
21.26163935661316	-1
21.26163935661316	-1
21.287622690200806	-1
21.37089228630066	-1
21.37089228630066	-1
21.37089228630066	-1
21.37089228630066	-1
21.370906829833984	-1
21.370906829833984	-1
21.370906829833984	-1
21.370906829833984	-1
21.370909929275513	-1
21.370909929275513	-1
21.370909929275513	-1
21.370909929275513	-1
21.370909929275513	-1
21.370909929275513	-1
21.370912551879883	-1
21.370912551879883	-1
21.370912551879883	-1
21.370912551879883	-1
21.370916843414307	-1
21.370916843414307	-1
21.370916843414307	-1
21.370916843414307	-1
21.370916843414307	-1
21.370916843414307	-1
21.37443733215332	-1
21.468212366104126	-1
21.468212366104126	-1
21.469439029693604	-1
21.474358320236206	-1
21.474358320236206	-1
21.474358320236206	-1
21.474358320236206	-1
21.47773289680481	-1
21.47773289680481	-1
21.48198437690735	-1
21.48198437690735	-1
21.482001066207886	-1
21.482001066207886	-1
21.807191610336304	-1
21.80854368209839	-1
21.80854368209839	-1
22.11779475212097	-1
22.11779475212097	-1
22.11779475212097	-1
22.11779475212097	-1
22.117812871932983	-1
22.117812871932983	-1
22.117812871932983	-1
22.117812871932983	-1
22.117815256118774	-1
22.117815256118774	-1
22.117815256118774	-1
22.117815256118774	-1
22.11781930923462	-1
22.11781930923462	-1
22.11781930923462	-1
22.11781930923462	-1
22.118072509765625	-1
22.141863584518433	-1
22.141863584518433	-1
22.141863584518433	-1
22.141863584518433	-1
22.14187788963318	-1
22.14187788963318	-1
22.14187788963318	-1
22.14187788963318	-1
22.141881704330444	-1
22.141881704330444	-1
22.141881704330444	-1
22.141881704330444	-1
22.14207148551941	-1
22.143681526184082	-1
22.143681526184082	-1
22.143681526184082	-1
22.143681526184082	-1
22.143718481063843	-1
22.143718481063843	-1
22.20020341873169	-1
22.20020341873169	-1
22.20020341873169	-1
22.2002112865448	-1
22.2002112865448	-1
22.2002112865448	-1
22.2002112865448	-1
22.20649480819702	-1
22.20649480819702	-1
22.20649480819702	-1
22.20649480819702	-1
22.2065167427063	-1
22.2065167427063	-1
22.2065167427063	-1
22.2065167427063	-1
22.206523180007935	-1
22.206523180007935	-1
22.206523180007935	-1
22.206523180007935	-1
22.206528186798096	-1
22.206528186798096	-1
22.206528186798096	-1
22.206528186798096	-1
22.20653486251831	-1
22.20653486251831	-1
22.20653486251831	-1
22.20653486251831	-1
22.20672631263733	-1
22.20672631263733	-1
22.240828275680542	-1
22.25091862678528	-1
22.264373540878296	-1
22.264373540878296	-1
22.264373540878296	-1
22.264373540878296	-1
22.26439094543457	-1
22.26439094543457	-1
22.26439094543457	-1
22.26439094543457	-1
22.264394998550415	-1
22.264394998550415	-1
22.264394998550415	-1
22.264394998550415	-1
22.26572608947754	-1
22.26572608947754	-1
22.26572608947754	-1
22.26572608947754	-1
22.26572608947754	-1
22.47993302345276	-1
22.47993302345276	-1
22.47993302345276	-1
22.47993302345276	-1
22.479957580566406	-1
22.479957580566406	-1
22.479957580566406	-1
22.479957580566406	-1
22.479957580566406	-1
22.479957580566406	-1
22.479963302612305	-1
22.479963302612305	-1
22.479963302612305	-1
22.479963302612305	-1
22.47996735572815	-1
22.47996735572815	-1
22.47996735572815	-1
22.47996735572815	-1
22.47999620437622	-1
22.47999620437622	-1
22.48014545440674	-1
22.480350971221924	-1
22.480350971221924	-1
22.480350971221924	-1
22.480350971221924	-1
22.480350971221924	-1
22.51030707359314	-1
22.51030707359314	-1
22.597919464111328	-1
22.600011587142944	-1
22.687769412994385	-1
22.94780969619751	-1
22.992399215698242	-1
23.03737497329712	-1
23.038461446762085	-1
23.038461446762085	-1
23.34340262413025	-1
23.34340262413025	-1
23.389368534088135	-1
23.389368534088135	-1
23.390487670898438	-1
23.414570093154907	-1
23.414570093154907	-1
23.418485641479492	-1
23.418485641479492	-1
23.65063786506653	-1
23.65063786506653	-1
23.65097451210022	-1
23.65773582458496	-1
23.65773582458496	-1
23.65773582458496	-1
23.65773582458496	-1
23.662147045135498	-1
24.00693106651306	-1
24.048667907714844	-1
24.04924464225769	-1
24.04924464225769	-1
24.057963371276855	-1
24.057963371276855	-1
24.14417314529419	-1
24.60197639465332	-1
24.602012395858765	-1
24.602012395858765	-1
24.602012395858765	-1
24.602012395858765	-1
24.602017879486084	-1
24.602017879486084	-1
24.602017879486084	-1
24.602017879486084	-1
24.609211206436157	-1
24.609211206436157	-1
24.676607608795166	-1
24.676607608795166	-1
24.72170853614807	-1
24.77263307571411	-1
24.77263307571411	-1
25.01044201850891	-1
25.542686939239502	-1
26.002665519714355	-1
26.02562928199768	-1
26.02562928199768	-1
26.02562928199768	-1
26.02562928199768	-1
26.025659561157227	-1
26.025659561157227	-1
26.025659561157227	-1
26.025665998458862	-1
26.025665998458862	-1
26.025665998458862	-1
26.025665998458862	-1
26.025668621063232	-1
26.025668621063232	-1
26.025668621063232	-1
26.025668621063232	-1
26.025670528411865	-1
26.025670528411865	-1
26.025670528411865	-1
26.025670528411865	-1
26.025675296783447	-1
26.025675296783447	-1
26.025675296783447	-1
26.025675296783447	-1
26.025992393493652	-1
26.025992393493652	-1
26.025992393493652	-1
26.025992393493652	-1
26.040371656417847	-1
26.139594078063965	-1
26.139594078063965	-1
26.139594078063965	-1
26.139594078063965	-1
26.139594078063965	-1
26.139614820480347	-1
26.139614820480347	-1
26.139614820480347	-1
26.139614820480347	-1
26.139620542526245	-1
26.139620542526245	-1
26.139620542526245	-1
26.139620542526245	-1
26.139625310897827	-1
26.139625310897827	-1
26.139625310897827	-1
26.139625310897827	-1
26.139652490615845	-1
26.139652490615845	-1
26.143505096435547	-1
26.143505096435547	-1
26.30337929725647	-1
26.30337929725647	-1
26.30337929725647	-1
26.30337929725647	-1
26.505716562271118	-1
26.563964366912842	-1
26.563964366912842	-1
26.563964366912842	-1
26.563964366912842	-1
26.56398606300354	-1
26.56398606300354	-1
26.56398606300354	-1
26.56398606300354	-1
26.56399154663086	-1
26.56399154663086	-1
26.56399154663086	-1
26.56399655342102	-1
26.56399655342102	-1
26.56399655342102	-1
26.56399655342102	-1
26.564006328582764	-1
26.564006328582764	-1
26.564006328582764	-1
26.564006328582764	-1
26.564011096954346	-1
26.564011096954346	-1
26.564011096954346	-1
26.564011096954346	-1
26.564011096954346	-1
26.564011096954346	-1
26.564013481140137	-1
26.564013481140137	-1
26.564013481140137	-1
26.564013481140137	-1
26.56401824951172	-1
26.56401824951172	-1
26.56401824951172	-1
26.56401824951172	-1
26.56402063369751	-1
26.56402063369751	-1
26.56402063369751	-1
26.56402063369751	-1
26.564025163650513	-1
26.564025163650513	-1
26.564025163650513	-1
26.564025163650513	-1
26.56403398513794	-1
26.56403398513794	-1
26.56403398513794	-1
26.56403398513794	-1
26.564039945602417	-1
26.564039945602417	-1
26.564039945602417	-1
26.564039945602417	-1
26.564042329788208	-1
26.564042329788208	-1
26.564042329788208	-1
26.564114093780518	-1
26.564120292663574	-1
26.564271211624146	-1
26.57393789291382	-1
26.57393789291382	-1
26.657811164855957	-1
26.6681706905365	-1
26.677767753601074	-1
26.703296422958374	-1
26.713899612426758	-1
26.726553201675415	-1
26.726553201675415	-1
26.72656750679016	-1
26.739530086517334	-1
27.337181329727173	-1
27.337181329727173	-1
27.381367206573486	-1
27.381367206573486	-1
27.56629490852356	-1
27.5677649974823	-1
27.5677649974823	-1
27.77582025527954	-1
27.77582025527954	-1
27.77582025527954	-1
27.77582025527954	-1
27.776978731155396	-1
27.776978731155396	-1
27.803226470947266	-1
27.803226470947266	-1
27.814740419387817	-1
27.814740419387817	-1
27.817232370376587	-1
27.817232370376587	-1
28.173345804214478	-1
28.267982721328735	-1
28.283995866775513	-1
28.668495178222656	-1
28.668495178222656	-1
28.668495178222656	-1
28.668495178222656	-1
28.69271159172058	-1
28.69271159172058	-1
28.692877531051636	-1
28.696364164352417	-1
28.696364164352417	-1
28.696364164352417	-1
28.696364164352417	-1
28.69638705253601	-1
28.69638705253601	-1
28.69638705253601	-1
28.69638705253601	-1
28.751402378082275	-1
28.763754844665527	-1
28.763754844665527	-1
28.799991130828857	-1
28.799991130828857	-1
28.803221464157104	-1
28.81447744369507	-1
29.005763053894043	-1
29.011009216308594	-1
29.011009216308594	-1
29.011009216308594	-1
29.011009216308594	-1
29.01855778694153	-1
29.01855778694153	-1
29.021018266677856	-1
29.055564165115356	-1
29.055564165115356	-1
29.05725884437561	-1
29.066588640213013	-1
29.066588640213013	-1
29.114407300949097	-1
29.114407300949097	-1
29.139507055282593	-1
29.139507055282593	-1
29.139840364456177	-1
29.139840364456177	-1
29.1413836479187	-1
29.150672435760498	-1
29.150672435760498	-1
29.15410304069519	-1
29.15410304069519	-1
29.15410304069519	-1
29.15410304069519	-1
29.3996479511261	-1
29.40179681777954	-1
29.40179681777954	-1
29.406060218811035	-1
29.406060218811035	-1
29.410508155822754	-1
29.410508155822754	-1
29.41052222251892	-1
29.41052222251892	-1
29.69275426864624	-1
29.69275426864624	-1
29.69278860092163	-1
29.69278860092163	-1
29.69278860092163	-1
29.69278860092163	-1
29.693130016326904	-1
29.7026686668396	-1
29.7026686668396	-1
29.785690307617188	-1
29.785690307617188	-1
29.78828454017639	-1
29.80747938156128	-1
29.84984803199768	-1
29.84984803199768	-1
29.84984803199768	-1
29.84984803199768	-1
29.850301027297974	-1
29.853975772857666	-1
29.925472497940063	-1
29.925472497940063	-1
29.926987409591675	-1
29.93852424621582	-1
29.93852424621582	-1
30.112308025360107	-1
30.112308025360107	-1
30.11346960067749	-1
30.11346960067749	-1
30.118826150894165	-1
30.118826150894165	-1
30.118826150894165	-1
30.118826150894165	-1
30.126200437545776	-1
30.126200437545776	-1
30.126211166381836	-1
30.140485048294067	-1
30.140762329101562	-1
30.15059494972229	-1
30.15059494972229	-1
30.415311574935913	-1
30.415311574935913	-1
30.461150884628296	-1
30.46158790588379	-1
30.471333503723145	-1
30.718297958374023	-1
30.718297958374023	-1
30.718297958374023	-1
30.718297958374023	-1
30.718339204788208	-1
30.718339204788208	-1
30.718339204788208	-1
30.718339204788208	-1
30.71834444999695	-1
30.71834444999695	-1
30.71834444999695	-1
30.71834444999695	-1
30.71834969520569	-1
30.71834969520569	-1
30.71834969520569	-1
30.71834969520569	-1
30.72092056274414	-1
30.730371713638306	-1
30.730371713638306	-1
30.7303786277771	-1
30.7303786277771	-1
30.731466054916382	-1
30.731466054916382	-1
30.731466054916382	-1
30.731466054916382	-1
30.731466054916382	-1
30.739799737930298	-1
30.739799737930298	-1
30.758967399597168	-1
30.766315937042236	-1
30.766315937042236	-1
30.77270746231079	-1
30.77270746231079	-1
30.807196855545044	-1
30.807196855545044	-1
30.807196855545044	-1
30.807196855545044	-1
30.810064792633057	-1
30.82277202606201	-1
30.82277202606201	-1
31.025684356689453	-1
31.230801820755005	-1
31.230801820755005	-1
31.230801820755005	-1
31.230801820755005	-1
31.230836629867554	-1
31.230836629867554	-1
31.230836629867554	-1
31.230836629867554	-1
31.230836629867554	-1
31.230846166610718	-1
31.230846166610718	-1
31.230846166610718	-1
31.230846166610718	-1
31.230846166610718	-1
31.230860471725464	-1
31.230860471725464	-1
31.230860471725464	-1
31.231152772903442	-1
31.23911690711975	-1
31.23911690711975	-1
31.23911690711975	-1
31.23911690711975	-1
31.23911690711975	-1
31.23911690711975	-1
31.239150285720825	-1
31.239150285720825	-1
31.239150285720825	-1
31.239150285720825	-1
31.240455389022827	-1
31.240455389022827	-1
31.240455389022827	-1
31.240455389022827	-1
31.242841005325317	-1
31.242841005325317	-1
31.242872953414917	-1
31.242872953414917	-1
31.248759031295776	-1
31.248759031295776	-1
31.27055549621582	-1
31.27055549621582	-1
31.27055549621582	-1
31.27055549621582	-1
31.270663022994995	-1
31.27554965019226	-1
31.27554965019226	-1
31.27554965019226	-1
31.27554965019226	-1
31.33901810646057	-1
31.33901810646057	-1
31.33901810646057	-1
31.33901810646057	-1
31.34094476699829	-1
31.34094476699829	-1
31.34094476699829	-1
31.34094476699829	-1
31.340953826904297	-1
31.340953826904297	-1
31.340953826904297	-1
31.340953826904297	-1
31.341002464294434	-1
31.341002464294434	-1
31.341002464294434	-1
31.341002464294434	-1
31.341206073760986	-1
31.436872243881226	-1
31.436872243881226	-1
31.436872243881226	-1
31.436872243881226	-1
31.436891555786133	-1
31.436891555786133	-1
31.437028408050537	-1
31.446083784103394	-1
31.446083784103394	-1
31.446083784103394	-1
31.446083784103394	-1
31.44647979736328	-1
31.4740252494812	-1
31.4740252494812	-1
31.484523057937622	-1
31.484523057937622	-1
31.49419856071472	-1
31.554312229156494	-1
31.554312229156494	-1
31.672913789749146	-1
31.672913789749146	-1
31.67327880859375	-1
31.682783842086792	-1
31.682783842086792	-1
31.728803396224976	-1
32.00917387008667	-1
32.00917387008667	-1
32.01408672332764	-1
32.01408672332764	-1
32.01805233955383	-1
32.02471113204956	-1
32.02471113204956	-1
32.364508867263794	-1
32.364508867263794	-1
32.364508867263794	-1
32.3680956363678	-1
32.3680956363678	-1
32.661925315856934	-1
32.67296648025513	-1
32.682101249694824	-1
32.682101249694824	-1
32.69104361534119	-1
32.69104361534119	-1
32.691062450408936	-1
32.69960570335388	-1
32.69960570335388	-1
32.71231269836426	-1
33.0717613697052	-1
33.0717613697052	-1
33.38090419769287	-1
33.38090419769287	-1
33.38090419769287	-1
33.38090419769287	-1
33.38091230392456	-1
33.38091230392456	-1
33.38091230392456	-1
33.38091230392456	-1
33.38091731071472	-1
33.38091731071472	-1
33.38091731071472	-1
33.38091731071472	-1
33.38092756271362	-1
33.38092756271362	-1
33.38092756271362	-1
33.38092756271362	-1
33.38093852996826	-1
33.38093852996826	-1
33.38093852996826	-1
33.38093852996826	-1
33.381288290023804	-1
33.38149166107178	-1
33.38149166107178	-1
33.38149166107178	-1
33.38149166107178	-1
33.384416580200195	-1
33.384416580200195	-1
33.384416580200195	-1
33.384416580200195	-1
33.38446497917175	-1
33.38446497917175	-1
33.38446497917175	-1
33.38446497917175	-1
33.3844940662384	-1
33.3844940662384	-1
33.3844940662384	-1
33.3844940662384	-1
33.384501934051514	-1
33.384501934051514	-1
33.384501934051514	-1
33.384501934051514	-1
33.384501934051514	-1
33.38993763923645	-1
33.38993763923645	-1
33.4040846824646	-1
33.40913510322571	-1
33.40913510322571	-1
33.40913510322571	-1
33.40913510322571	-1
33.409141540527344	-1
33.409141540527344	-1
33.409141540527344	-1
33.409141540527344	-1
33.409146785736084	-1
33.409146785736084	-1
33.409146785736084	-1
33.409146785736084	-1
33.40915250778198	-1
33.40915250778198	-1
33.40915250778198	-1
33.40915250778198	-1
33.41224265098572	-1
33.41224265098572	-1
33.41224265098572	-1
33.41224265098572	-1
33.41227149963379	-1
33.41227149963379	-1
33.41227149963379	-1
33.41227149963379	-1
33.414692401885986	-1
33.41981077194214	-1
33.41981077194214	-1
33.43028116226196	-1
33.43028116226196	-1
33.44199562072754	-1
33.44199562072754	-1
33.442018032073975	-1
33.442018032073975	-1
33.447402477264404	-1
33.45460367202759	-1
33.45460367202759	-1
33.45462226867676	-1
33.45462226867676	-1
33.45723009109497	-1
33.45723009109497	-1
33.462109327316284	-1
33.468071937561035	-1
33.468071937561035	-1
33.468071937561035	-1
33.468071937561035	-1
33.468071937561035	-1
33.46807599067688	-1
33.46807599067688	-1
33.46807599067688	-1
33.46807599067688	-1
33.474326372146606	-1
33.48344874382019	-1
33.48344874382019	-1
33.48344874382019	-1
33.48344874382019	-1
33.48345470428467	-1
33.48345470428467	-1
33.48345470428467	-1
33.48345470428467	-1
33.483463525772095	-1
33.483463525772095	-1
33.483463525772095	-1
33.483463525772095	-1
33.483463525772095	-1
33.483463525772095	-1
33.48355674743652	-1
33.48355674743652	-1
33.48355674743652	-1
33.48355674743652	-1
33.48357176780701	-1
33.49415183067322	-1
33.52599263191223	-1
33.52599263191223	-1
33.52599263191223	-1
33.52599263191223	-1
33.52791929244995	-1
33.52791929244995	-1
33.52791929244995	-1
33.52791929244995	-1
33.54409646987915	-1
33.54409646987915	-1
33.54409646987915	-1
33.54409646987915	-1
33.544130086898804	-1
33.544130086898804	-1
33.544130086898804	-1
33.544130086898804	-1
33.544134855270386	-1
33.544134855270386	-1
33.544134855270386	-1
33.544134855270386	-1
33.544137954711914	-1
33.544137954711914	-1
33.544137954711914	-1
33.544137954711914	-1
33.544137954711914	-1
33.544137954711914	-1
33.544301986694336	-1
33.544312953948975	-1
33.544312953948975	-1
33.544312953948975	-1
33.544312953948975	-1
33.58630895614624	-1
33.58630895614624	-1
33.58630895614624	-1
33.58630895614624	-1
33.657519578933716	-1
33.657519578933716	-1
33.657519578933716	-1
33.657519578933716	-1
33.65752625465393	-1
33.65752625465393	-1
33.65752625465393	-1
33.65752625465393	-1
33.65753245353699	-1
33.65753245353699	-1
33.65753245353699	-1
33.65753245353699	-1
33.65753245353699	-1
33.65769028663635	-1
33.66313624382019	-1
33.996156454086304	-1
33.996156454086304	-1
33.996156454086304	-1
33.996156454086304	-1
33.996193647384644	-1
33.996193647384644	-1
33.996193647384644	-1
33.996193647384644	-1
33.99619650840759	-1
33.99619650840759	-1
33.99619650840759	-1
33.99619650840759	-1
33.99619913101196	-1
33.99619913101196	-1
33.99619913101196	-1
33.99619913101196	-1
33.996203899383545	-1
33.996203899383545	-1
33.996203899383545	-1
33.996203899383545	-1
33.99624514579773	-1
33.99624514579773	-1
33.99624514579773	-1
33.996296405792236	-1
33.996697664260864	-1
33.996697664260864	-1
33.996697664260864	-1
33.996697664260864	-1
33.99921989440918	-1
33.99921989440918	-1
33.99921989440918	-1
33.99921989440918	-1
33.99921989440918	-1
33.99921989440918	-1
33.999234199523926	-1
33.999234199523926	-1
33.999234199523926	-1
33.999234199523926	-1
33.99925422668457	-1
33.99925422668457	-1
33.99925422668457	-1
33.99925422668457	-1
33.999269008636475	-1
33.999269008636475	-1
33.999269008636475	-1
33.999269008636475	-1
34.00630712509155	-1
34.00630712509155	-1
34.00630712509155	-1
34.00630712509155	-1
34.00631332397461	-1
34.00631332397461	-1
34.00631332397461	-1
34.00631332397461	-1
34.00631833076477	-1
34.00631833076477	-1
34.00631833076477	-1
34.00631833076477	-1
34.00632047653198	-1
34.00632047653198	-1
34.00632047653198	-1
34.00632047653198	-1
34.00632047653198	-1
34.01014494895935	-1
34.01480269432068	-1
34.01480269432068	-1
34.01480269432068	-1
34.01480269432068	-1
34.018728256225586	-1
34.018728256225586	-1
34.06242489814758	-1
34.06242489814758	-1
34.06242489814758	-1
34.06242489814758	-1
34.06244230270386	-1
34.06244230270386	-1
34.06244230270386	-1
34.06244230270386	-1
34.09806156158447	-1
34.09806156158447	-1
34.09806156158447	-1
34.09806156158447	-1
34.0980920791626	-1
34.0980920791626	-1
34.0980920791626	-1
34.0980920791626	-1
34.098283767700195	-1
34.11288499832153	-1
34.11288499832153	-1
34.11288499832153	-1
34.11288499832153	-1
34.117268085479736	-1
34.117268085479736	-1
34.117268085479736	-1
34.117268085479736	-1
34.118566274642944	-1
34.118566274642944	-1
34.12237000465393	-1
34.12237000465393	-1
34.12237000465393	-1
34.12237000465393	-1
34.152058839797974	-1
34.152058839797974	-1
34.152363777160645	-1
34.16757774353027	-1
34.16757774353027	-1
34.16757774353027	-1
34.16757774353027	-1
34.16771960258484	-1
34.172104835510254	-1
34.172104835510254	-1
34.172104835510254	-1
34.172104835510254	-1
34.173492670059204	-1
34.173492670059204	-1
34.173492670059204	-1
34.173492670059204	-1
34.17864274978638	-1
34.1815128326416	-1
34.1815128326416	-1
34.18152356147766	-1
34.18152356147766	-1
34.18152356147766	-1
34.18152356147766	-1
34.18152976036072	-1
34.18152976036072	-1
34.18152976036072	-1
34.18152976036072	-1
34.207876443862915	-1
34.207876443862915	-1
34.207876443862915	-1
34.21059727668762	-1
34.21059727668762	-1
34.229652643203735	-1
34.229652643203735	-1
34.229652643203735	-1
34.229652643203735	-1
34.22978377342224	-1
34.235631227493286	-1
34.235631227493286	-1
34.235631227493286	-1
34.235631227493286	-1
34.23566651344299	-1
34.23566651344299	-1
34.23566651344299	-1
34.23566651344299	-1
34.23566651344299	-1
34.239407777786255	-1
34.239407777786255	-1
34.26734709739685	-1
34.26734709739685	-1
34.26734709739685	-1
34.26734709739685	-1
34.26735162734985	-1
34.26735162734985	-1
34.26735162734985	-1
34.26735162734985	-1
34.31399345397949	-1
34.31399345397949	-1
34.31399345397949	-1
34.31399345397949	-1
34.31400728225708	-1
34.31400728225708	-1
34.31400728225708	-1
34.31400728225708	-1
34.31401181221008	-1
34.31401181221008	-1
34.31401181221008	-1
34.31401181221008	-1
34.31401538848877	-1
34.31401538848877	-1
34.31401538848877	-1
34.31401538848877	-1
34.31410098075867	-1
34.32658314704895	-1
34.326988220214844	-1
34.326988220214844	-1
34.326988220214844	-1
34.326988220214844	-1
34.32700204849243	-1
34.32700204849243	-1
34.32700204849243	-1
34.32700204849243	-1
34.327003717422485	-1
34.327003717422485	-1
34.327003717422485	-1
34.327003717422485	-1
34.35939621925354	-1
34.35939621925354	-1
34.35939621925354	-1
34.35939621925354	-1
34.359527826309204	-1
34.36878442764282	-1
34.36878442764282	-1
34.36878442764282	-1
34.36878442764282	-1
34.37506055831909	-1
34.37506055831909	-1
34.37506055831909	-1
34.37506055831909	-1
34.37507700920105	-1
34.37507700920105	-1
34.37507700920105	-1
34.37507915496826	-1
34.37507915496826	-1
34.37507915496826	-1
34.37507915496826	-1
34.37520885467529	-1
34.383986473083496	-1
34.383986473083496	-1
34.383986473083496	-1
34.383986473083496	-1
34.384013652801514	-1
34.384013652801514	-1
34.384013652801514	-1
34.384013652801514	-1
34.396695375442505	-1
34.396695375442505	-1
34.396695375442505	-1
34.396695375442505	-1
34.423579692840576	-1
34.423579692840576	-1
34.423579692840576	-1
34.423579692840576	-1
34.429749488830566	-1
34.429749488830566	-1
34.429749488830566	-1
34.429749488830566	-1
34.429749488830566	-1
34.429749488830566	-1
34.43208694458008	-1
34.43208694458008	-1
34.43208694458008	-1
34.43209433555603	-1
34.43209433555603	-1
34.43209433555603	-1
34.43209433555603	-1
34.432865858078	-1
34.44111633300781	-1
34.44111633300781	-1
34.44111633300781	-1
34.44111633300781	-1
34.44231820106506	-1
34.46005201339722	-1
34.46005201339722	-1
34.47137761116028	-1
34.47137761116028	-1
34.47137761116028	-1
34.47137761116028	-1
34.47137761116028	-1
34.47137761116028	-1
34.47986698150635	-1
34.47986698150635	-1
34.47986698150635	-1
34.47986698150635	-1
34.499130964279175	-1
34.49917435646057	-1
34.49917435646057	-1
34.49917435646057	-1
34.49917435646057	-1
34.49917817115784	-1
34.49917817115784	-1
34.49917817115784	-1
34.49917817115784	-1
34.49918460845947	-1
34.49918460845947	-1
34.49918460845947	-1
34.49918460845947	-1
34.49964690208435	-1
34.52807021141052	-1
34.52807021141052	-1
34.52807021141052	-1
34.52807021141052	-1
34.52810740470886	-1
34.52810740470886	-1
34.52810740470886	-1
34.52810740470886	-1
34.534204721450806	-1
34.534204721450806	-1
34.534204721450806	-1
34.534204721450806	-1
34.54153323173523	-1
34.54584813117981	-1
34.54584813117981	-1
34.54584813117981	-1
34.54584813117981	-1
34.545945167541504	-1
34.5555853843689	-1
34.5555853843689	-1
34.5555853843689	-1
34.555598735809326	-1
34.555598735809326	-1
34.555598735809326	-1
34.555598735809326	-1
34.555598735809326	-1
34.555598735809326	-1
34.555601835250854	-1
34.555601835250854	-1
34.555601835250854	-1
34.555601835250854	-1
34.55573654174805	-1
34.55884599685669	-1
34.55884599685669	-1
34.55884599685669	-1
34.55884599685669	-1
34.585631132125854	-1
34.585631132125854	-1
34.585631132125854	-1
34.585631132125854	-1
34.58565855026245	-1
34.58565855026245	-1
34.58565855026245	-1
34.58565855026245	-1
34.60720992088318	-1
34.60720992088318	-1
34.60720992088318	-1
34.60720992088318	-1
34.60721468925476	-1
34.60721468925476	-1
34.60721468925476	-1
34.60721468925476	-1
34.61548709869385	-1
34.61548709869385	-1
34.61548709869385	-1
34.61548709869385	-1
34.61551594734192	-1
34.61551594734192	-1
34.61551594734192	-1
34.61551594734192	-1
34.61551594734192	-1
34.61583113670349	-1
34.645092487335205	-1
34.645092487335205	-1
34.645092487335205	-1
34.645092487335205	-1
34.645127058029175	-1
34.645127058029175	-1
34.645127058029175	-1
34.645127058029175	-1
34.6632125377655	-1
34.6632125377655	-1
34.6632125377655	-1
34.6632125377655	-1
34.66322636604309	-1
34.66322636604309	-1
34.66322636604309	-1
34.66322636604309	-1
34.66322636604309	-1
34.66322636604309	-1
34.664979457855225	-1
34.664979457855225	-1
34.664979457855225	-1
34.664979457855225	-1
34.66508769989014	-1
34.67057156562805	-1
34.67057156562805	-1
34.67057156562805	-1
34.67057156562805	-1
34.672194957733154	-1
34.672194957733154	-1
34.672194957733154	-1
34.672194957733154	-1
34.676395893096924	-1
34.67932677268982	-1
34.67932677268982	-1
34.67932677268982	-1
34.67932677268982	-1
34.702721118927	-1
34.702721118927	-1
34.702721118927	-1
34.702721118927	-1
34.7113893032074	-1
34.7113893032074	-1
34.71896147727966	-1
34.71896147727966	-1
34.71896147727966	-1
34.71896147727966	-1
34.7208936214447	-1
34.7208936214447	-1
34.7208936214447	-1
34.7208936214447	-1
34.72410869598389	-1
34.72410869598389	-1
34.72410869598389	-1
34.72410869598389	-1
34.72410869598389	-1
34.72422480583191	-1
34.729915618896484	-1
34.729915618896484	-1
34.729915618896484	-1
34.729915618896484	-1
34.73822617530823	-1
34.73822617530823	-1
34.73822617530823	-1
34.73822617530823	-1
34.73823142051697	-1
34.73823142051697	-1
34.73823142051697	-1
34.73823142051697	-1
34.759435176849365	-1
34.768404960632324	-1
34.768404960632324	-1
34.768404960632324	-1
34.768404960632324	-1
34.77215623855591	-1
34.77215623855591	-1
34.77215623855591	-1
34.77215623855591	-1
34.78253173828125	-1
34.78253173828125	-1
34.78253173828125	-1
34.78253173828125	-1
34.782607316970825	-1
34.782607316970825	-1
34.782607316970825	-1
34.782607316970825	-1
34.7826144695282	-1
34.7826144695282	-1
34.7826144695282	-1
34.7826144695282	-1
34.78298878669739	-1
34.78637504577637	-1
34.78637504577637	-1
34.78637504577637	-1
34.78637504577637	-1
34.79475998878479	-1
34.79532551765442	-1
34.79532551765442	-1
34.79532551765442	-1
34.79532551765442	-1
34.81339383125305	-1
34.81339383125305	-1
34.81339383125305	-1
34.81339383125305	-1
34.826316118240356	-1
34.826316118240356	-1
34.826316118240356	-1
34.826316118240356	-1
34.83567214012146	-1
34.83567214012146	-1
34.83567214012146	-1
34.83567214012146	-1
34.83567214012146	-1
34.83567214012146	-1
34.83584475517273	-1
34.83786392211914	-1
34.83786392211914	-1
34.83786392211914	-1
34.837876081466675	-1
34.837876081466675	-1
34.837876081466675	-1
34.837876081466675	-1
34.84276008605957	-1
34.84276008605957	-1
34.84276008605957	-1
34.84276008605957	-1
34.8537962436676	-1
34.8537962436676	-1
34.8537962436676	-1
34.8537962436676	-1
34.86810302734375	-1
34.86810302734375	-1
34.88146376609802	-1
34.88146376609802	-1
34.88146376609802	-1
34.88146376609802	-1
34.88159537315369	-1
34.88493323326111	-1
34.88493323326111	-1
34.88493323326111	-1
34.88493323326111	-1
34.88493323326111	-1
34.89118576049805	-1
34.93484592437744	-1
34.93484592437744	-1
34.93484592437744	-1
34.93484592437744	-1
34.934863567352295	-1
34.934863567352295	-1
34.934863567352295	-1
34.934863567352295	-1
34.9348680973053	-1
34.9348680973053	-1
34.9348680973053	-1
34.9348680973053	-1
34.93487238883972	-1
34.93487238883972	-1
34.93487238883972	-1
34.93487238883972	-1
34.9354522228241	-1
34.9354522228241	-1
34.9354522228241	-1
34.9354522228241	-1
34.935471534729004	-1
34.935471534729004	-1
34.94271922111511	-1
34.94271922111511	-1
34.94271922111511	-1
34.94271922111511	-1
34.942732095718384	-1
34.942732095718384	-1
34.942732095718384	-1
34.942732095718384	-1
34.942808628082275	-1
34.97545027732849	-1
34.97545027732849	-1
34.97545027732849	-1
34.97545027732849	-1
34.99036931991577	-1
34.99036931991577	-1
34.99036931991577	-1
34.99036931991577	-1
34.994624376297	-1
34.994624376297	-1
34.994624376297	-1
34.994624376297	-1
34.994624376297	-1
34.994624376297	-1
34.9946391582489	-1
34.9946391582489	-1
34.9946391582489	-1
34.9946391582489	-1
34.99464154243469	-1
34.99464154243469	-1
34.99464154243469	-1
34.99464154243469	-1
34.99464416503906	-1
34.99464416503906	-1
34.99464416503906	-1
34.99464416503906	-1
34.99464416503906	-1
34.99464416503906	-1
34.99464774131775	-1
34.99464774131775	-1
34.99464774131775	-1
34.99464774131775	-1
34.99478507041931	-1
35.003844261169434	-1
35.003844261169434	-1
35.003844261169434	-1
35.003844261169434	-1
35.00614905357361	-1
35.00879216194153	-1
35.03127431869507	-1
35.03127431869507	-1
35.03127431869507	-1
35.03127431869507	-1
35.04649209976196	-1
35.04649209976196	-1
35.04649209976196	-1
35.04649209976196	-1
35.04651951789856	-1
35.04651951789856	-1
35.04651951789856	-1
35.04651951789856	-1
35.04651951789856	-1
35.0589554309845	-1
35.0589554309845	-1
35.0589554309845	-1
35.05897641181946	-1
35.05897641181946	-1
35.05897641181946	-1
35.05897641181946	-1
35.05898141860962	-1
35.05898141860962	-1
35.05898141860962	-1
35.05898141860962	-1
35.058985471725464	-1
35.058985471725464	-1
35.058985471725464	-1
35.058985471725464	-1
35.05899000167847	-1
35.05899000167847	-1
35.05899000167847	-1
35.05899000167847	-1
35.05911612510681	-1
35.060550689697266	-1
35.060550689697266	-1
35.060550689697266	-1
35.060550689697266	-1
35.060550689697266	-1
35.060550689697266	-1
35.09877848625183	-1
35.09877848625183	-1
35.10660648345947	-1
35.10660648345947	-1
35.10660648345947	-1
35.10660648345947	-1
35.106616735458374	-1
35.106616735458374	-1
35.106616735458374	-1
35.106616735458374	-1
35.106712102890015	-1
35.115336656570435	-1
35.115336656570435	-1
35.115336656570435	-1
35.115336656570435	-1
35.118619441986084	-1
35.11994194984436	-1
35.11994194984436	-1
35.11994194984436	-1
35.11994194984436	-1
35.12615609169006	-1
35.12615609169006	-1
35.12615609169006	-1
35.12615609169006	-1
35.12615609169006	-1
35.12617468833923	-1
35.12617468833923	-1
35.12617468833923	-1
35.12617468833923	-1
35.1261785030365	-1
35.1261785030365	-1
35.1261785030365	-1
35.1261785030365	-1
35.14304327964783	-1
35.144805669784546	-1
35.144805669784546	-1
35.144805669784546	-1
35.144805669784546	-1
35.14488482475281	-1
35.15575361251831	-1
35.15575361251831	-1
35.15575361251831	-1
35.15575361251831	-1
35.164891958236694	-1
35.164891958236694	-1
35.164891958236694	-1
35.164891958236694	-1
35.17523956298828	-1
35.17523956298828	-1
35.17523956298828	-1
35.17523956298828	-1
35.175257444381714	-1
35.175257444381714	-1
35.175257444381714	-1
35.175257444381714	-1
35.175257444381714	-1
35.18047380447388	-1
35.18047380447388	-1
35.18047380447388	-1
35.18047380447388	-1
35.18047380447388	-1
35.18047380447388	-1
35.18048286437988	-1
35.18048286437988	-1
35.18048286437988	-1
35.18048286437988	-1
35.18048286437988	-1
35.180606842041016	-1
35.18710517883301	-1
35.18710517883301	-1
35.18710517883301	-1
35.18710517883301	-1
35.19027137756348	-1
35.20420551300049	-1
35.20420551300049	-1
35.20420551300049	-1
35.20420551300049	-1
35.213653326034546	-1
35.213653326034546	-1
35.22338557243347	-1
35.22338557243347	-1
35.22530698776245	-1
35.22530698776245	-1
35.22530698776245	-1
35.22530698776245	-1
35.232038497924805	-1
35.232038497924805	-1
35.232038497924805	-1
35.232038497924805	-1
35.2578387260437	-1
35.2578387260437	-1
35.2578387260437	-1
35.2578387260437	-1
35.2578387260437	-1
35.2578387260437	-1
35.257943868637085	-1
35.26736330986023	-1
35.26736330986023	-1
35.26736330986023	-1
35.26736330986023	-1
35.2673716545105	-1
35.2673716545105	-1
35.2673716545105	-1
35.267374992370605	-1
35.267374992370605	-1
35.267374992370605	-1
35.267374992370605	-1
35.26871967315674	-1
35.26871967315674	-1
35.26871967315674	-1
35.26871967315674	-1
35.280104875564575	-1
35.280104875564575	-1
35.280104875564575	-1
35.280104875564575	-1
35.28350472450256	-1
35.28350472450256	-1
35.28350472450256	-1
35.28350472450256	-1
35.28361940383911	-1
35.28734731674194	-1
35.28734731674194	-1
35.29664587974548	-1
35.29664587974548	-1
35.29672050476074	-1
35.316938638687134	-1
35.316938638687134	-1
35.316938638687134	-1
35.316938638687134	-1
35.325114011764526	-1
35.325114011764526	-1
35.325114011764526	-1
35.325114011764526	-1
35.327800273895264	-1
35.327800273895264	-1
35.327800273895264	-1
35.327800273895264	-1
35.32780742645264	-1
35.32780742645264	-1
35.32780742645264	-1
35.32780742645264	-1
35.32971382141113	-1
35.32971382141113	-1
35.32971382141113	-1
35.32971382141113	-1
35.32971382141113	-1
35.33475375175476	-1
35.33475375175476	-1
35.33475375175476	-1
35.4175546169281	-1
35.4175546169281	-1
35.4175546169281	-1
35.4175546169281	-1
35.41758418083191	-1
35.41758418083191	-1
35.41758418083191	-1
35.41758418083191	-1
35.41758942604065	-1
35.41758942604065	-1
35.41758942604065	-1
35.41758942604065	-1
35.41759276390076	-1
35.41759276390076	-1
35.41759276390076	-1
35.41759276390076	-1
35.41761779785156	-1
35.41761779785156	-1
35.41765904426575	-1
35.418054819107056	-1
35.418054819107056	-1
35.42867183685303	-1
35.42867183685303	-1
35.42867183685303	-1
35.42867183685303	-1
35.42879509925842	-1
35.47472429275513	-1
35.47472429275513	-1
35.47472429275513	-1
35.47472429275513	-1
35.474733114242554	-1
35.474733114242554	-1
35.474733114242554	-1
35.474733114242554	-1
35.474733114242554	-1
35.474733114242554	-1
35.474830627441406	-1
35.48319745063782	-1
35.48319745063782	-1
35.48319745063782	-1
35.483216524124146	-1
35.483216524124146	-1
35.483216524124146	-1
35.483216524124146	-1
35.483216524124146	-1
35.48322296142578	-1
35.48322296142578	-1
35.48322296142578	-1
35.48322296142578	-1
35.483227491378784	-1
35.483227491378784	-1
35.483227491378784	-1
35.483227491378784	-1
35.483227491378784	-1
35.483227491378784	-1
35.483749866485596	-1
35.483749866485596	-1
35.483749866485596	-1
35.483749866485596	-1
35.483749866485596	-1
35.483749866485596	-1
35.48377251625061	-1
35.48377251625061	-1
35.48377251625061	-1
35.48377251625061	-1
35.483898878097534	-1
35.48418736457825	-1
35.48418736457825	-1
35.48418736457825	-1
35.48418736457825	-1
35.50448560714722	-1
35.50448560714722	-1
35.50448560714722	-1
35.50448560714722	-1
35.53405404090881	-1
35.53405404090881	-1
35.53405404090881	-1
35.53405404090881	-1
35.60443949699402	-1
35.60443949699402	-1
35.60443949699402	-1
35.60443949699402	-1
35.60444974899292	-1
35.60444974899292	-1
35.60444974899292	-1
35.60444974899292	-1
35.60445547103882	-1
35.60445547103882	-1
35.60445547103882	-1
35.60445857048035	-1
35.60445857048035	-1
35.60445857048035	-1
35.60445857048035	-1
35.60450005531311	-1
35.60450005531311	-1
35.60450005531311	-1
35.60450005531311	-1
35.6107063293457	-1
35.6107063293457	-1
35.6107063293457	-1
35.6107063293457	-1
35.6107063293457	-1
35.6107063293457	-1
35.61073350906372	-1
35.61073350906372	-1
35.61073350906372	-1
35.61073350906372	-1
35.61073899269104	-1
35.61073899269104	-1
35.61073899269104	-1
35.61073899269104	-1
35.61074495315552	-1
35.61074495315552	-1
35.61074495315552	-1
35.61074495315552	-1
35.61074495315552	-1
35.6112904548645	-1
35.6112904548645	-1
35.6112904548645	-1
35.61130213737488	-1
35.61130213737488	-1
35.61130213737488	-1
35.61130213737488	-1
35.61359906196594	-1
35.61359906196594	-1
35.61359906196594	-1
35.61359906196594	-1
35.614821434020996	-1
35.614821434020996	-1
35.617597818374634	-1
35.617597818374634	-1
35.617597818374634	-1
35.617597818374634	-1
35.6176872253418	-1
35.6176872253418	-1
35.6176872253418	-1
35.6176872253418	-1
35.617693185806274	-1
35.617693185806274	-1
35.617693185806274	-1
35.617693185806274	-1
35.617695808410645	-1
35.617695808410645	-1
35.617695808410645	-1
35.617695808410645	-1
35.617695808410645	-1
35.64552426338196	-1
35.64552426338196	-1
35.64552426338196	-1
35.64552426338196	-1
35.64570927619934	-1
35.65866470336914	-1
35.65866470336914	-1
35.65866470336914	-1
35.65866470336914	-1
35.65867733955383	-1
35.65867733955383	-1
35.65867733955383	-1
35.65867733955383	-1
35.6586811542511	-1
35.6586811542511	-1
35.6586811542511	-1
35.6586811542511	-1
35.658684968948364	-1
35.658684968948364	-1
35.658684968948364	-1
35.658684968948364	-1
35.66212463378906	-1
35.66212463378906	-1
35.66212463378906	-1
35.66212463378906	-1
35.70359754562378	-1
35.70359754562378	-1
35.70359754562378	-1
35.70359754562378	-1
35.71437859535217	-1
35.71437859535217	-1
35.71437859535217	-1
35.71437859535217	-1
35.71437859535217	-1
35.7143976688385	-1
35.7143976688385	-1
35.7143976688385	-1
35.7143976688385	-1
35.71440505981445	-1
35.71440505981445	-1
35.728445291519165	-1
35.728445291519165	-1
35.728445291519165	-1
35.728445291519165	-1
35.728452920913696	-1
35.728452920913696	-1
35.728452920913696	-1
35.728452920913696	-1
35.72845816612244	-1
35.72845816612244	-1
35.72845816612244	-1
35.72845816612244	-1
35.72845816612244	-1
35.73503875732422	-1
35.73503875732422	-1
35.758500814437866	-1
35.758500814437866	-1
35.758500814437866	-1
35.758500814437866	-1
35.75863313674927	-1
35.7690315246582	-1
35.7690315246582	-1
35.7690315246582	-1
35.7690315246582	-1
35.770227670669556	-1
35.77054214477539	-1
35.77054214477539	-1
35.77054214477539	-1
35.77054214477539	-1
35.7834107875824	-1
35.7834107875824	-1
35.7834107875824	-1
35.7834107875824	-1
35.78627681732178	-1
35.78627681732178	-1
35.78627681732178	-1
35.78627681732178	-1
35.79919934272766	-1
35.79919934272766	-1
35.79919934272766	-1
35.79919934272766	-1
35.79919934272766	-1
35.79922437667847	-1
35.79922437667847	-1
35.79922437667847	-1
35.81734752655029	-1
35.81734752655029	-1
35.8300678730011	-1
35.8300678730011	-1
35.8300678730011	-1
35.8300678730011	-1
35.83009648323059	-1
35.83009648323059	-1
35.83009648323059	-1
35.83009648323059	-1
35.83010244369507	-1
35.83010244369507	-1
35.83010244369507	-1
35.83010244369507	-1
35.83018207550049	-1
35.84022831916809	-1
35.84022831916809	-1
35.84022831916809	-1
35.84022831916809	-1
35.846054553985596	-1
35.846054553985596	-1
35.846054553985596	-1
35.846054553985596	-1
35.84605836868286	-1
35.84605836868286	-1
35.84605836868286	-1
35.846067667007446	-1
35.846067667007446	-1
35.846067667007446	-1
35.846067667007446	-1
35.857884883880615	-1
35.857884883880615	-1
35.857884883880615	-1
35.85790205001831	-1
35.85790205001831	-1
35.85790205001831	-1
35.85790205001831	-1
35.85803699493408	-1
35.87034583091736	-1
35.88386249542236	-1
35.88386249542236	-1
35.88386249542236	-1
35.88386249542236	-1
35.886603116989136	-1
35.886603116989136	-1
35.886603116989136	-1
35.886603116989136	-1
35.89020133018494	-1
35.89020133018494	-1
35.89020133018494	-1
35.89020133018494	-1
35.89872860908508	-1
35.89872860908508	-1
35.89872860908508	-1
35.89872860908508	-1
35.907519578933716	-1
35.907519578933716	-1
35.907519578933716	-1
35.907519578933716	-1
35.907533168792725	-1
35.907533168792725	-1
35.907533168792725	-1
35.959887981414795	-1
35.960001945495605	-1
35.9730658531189	-1
35.9730658531189	-1
35.9730658531189	-1
35.9730658531189	-1
35.973079681396484	-1
35.973079681396484	-1
35.973079681396484	-1
35.973079681396484	-1
35.97308278083801	-1
35.97308278083801	-1
35.97308278083801	-1
35.97308278083801	-1
35.98729109764099	-1
35.98729109764099	-1
35.98729109764099	-1
35.98729109764099	-1
35.98903155326843	-1
35.98903155326843	-1
35.98903155326843	-1
35.98903155326843	-1
35.989054441452026	-1
35.989054441452026	-1
35.989054441452026	-1
35.989054441452026	-1
36.00908374786377	-1
36.00908374786377	-1
36.00909638404846	-1
36.03454232215881	-1
36.03454232215881	-1
36.03454232215881	-1
36.03454232215881	-1
36.034557819366455	-1
36.034557819366455	-1
36.034557819366455	-1
36.034557819366455	-1
36.034703493118286	-1
36.1671462059021	-1
36.1671462059021	-1
36.1671462059021	-1
36.1671462059021	-1
36.1672568321228	-1
36.17519807815552	-1
36.17519807815552	-1
36.17519807815552	-1
36.17519807815552	-1
36.17521524429321	-1
36.17521524429321	-1
36.17521524429321	-1
36.17521524429321	-1
36.175222873687744	-1
36.175222873687744	-1
36.175222873687744	-1
36.175222873687744	-1
36.182637453079224	-1
36.182637453079224	-1
36.182637453079224	-1
36.182637453079224	-1
36.182645320892334	-1
36.182645320892334	-1
36.182645320892334	-1
36.182645320892334	-1
36.22384858131409	-1
36.22384858131409	-1
36.22384858131409	-1
36.22384858131409	-1
36.22384858131409	-1
36.22529172897339	-1
36.22529172897339	-1
36.22529172897339	-1
36.22529172897339	-1
36.22538757324219	-1
36.236913204193115	-1
36.236913204193115	-1
36.236913204193115	-1
36.236913204193115	-1
36.23693585395813	-1
36.23693585395813	-1
36.23693585395813	-1
36.236939907073975	-1
36.236939907073975	-1
36.236939907073975	-1
36.236939907073975	-1
36.24420619010925	-1
37.71183633804321	-1
38.50110149383545	-1
38.50110149383545	-1
38.50110149383545	-1
38.50110149383545	-1
38.50113034248352	-1
38.50113034248352	-1
38.50113034248352	-1
38.50113034248352	-1
38.50113797187805	-1
38.50113797187805	-1
38.50113797187805	-1
38.50113797187805	-1
38.50114893913269	-1
38.50114893913269	-1
38.50114893913269	-1
38.50114893913269	-1
38.50115394592285	-1
38.50115394592285	-1
38.50115394592285	-1
38.501158714294434	-1
38.501158714294434	-1
38.501158714294434	-1
38.501158714294434	-1
38.50136685371399	-1
38.50136685371399	-1
38.59505891799927	-1
38.59505891799927	-1
38.59505891799927	-1
38.59505891799927	-1
38.59510922431946	-1
38.59510922431946	-1
38.59510922431946	-1
38.602068185806274	-1
38.602068185806274	-1
38.602068185806274	-1
38.602068185806274	-1
38.60207676887512	-1
38.60207676887512	-1
38.60207676887512	-1
38.60207676887512	-1
38.606842041015625	-1
38.606842041015625	-1
38.6095027923584	-1
38.6095027923584	-1
38.6095027923584	-1
38.6095027923584	-1
38.6095232963562	-1
38.6095232963562	-1
38.6095232963562	-1
38.6095232963562	-1
38.64945673942566	-1
38.64945673942566	-1
38.64945673942566	-1
38.64945673942566	-1
38.649900913238525	-1
38.908706188201904	-1
38.908706188201904	-1
39.022916078567505	-1
39.022916078567505	-1
39.5230188369751	-1
39.52329611778259	-1
40.137346029281616	-1
40.13773798942566	-1
40.75182580947876	-1
42.017674684524536	-1
42.017674684524536	-1
46.02009558677673	-1
46.02009558677673	-1
46.022406816482544	-1
47.93007969856262	-1
54.035531520843506	-1
54.035531520843506	-1
55.394137382507324	-1
55.39416313171387	-1
55.39438605308533	-1
55.67155170440674	-1
56.30002284049988	-1
56.30041265487671	-1
57.03330898284912	-1
57.03330898284912	-1
57.03395438194275	-1
61.03364157676697	-1
61.03364157676697	-1
61.0359308719635	-1
62.03312945365906	-1
62.03312945365906	-1
62.563660860061646	-1
62.56381392478943	-1
62.768526792526245	-1
62.768646478652954	-1
68.49419260025024	-1
69.04752373695374	-1
69.04752373695374	-1
69.13227486610413	-1
69.62942171096802	-1
69.62983179092407	-1
71.18496584892273	-1
71.18523478507996	-1
72.04589557647705	-1
72.04589557647705	-1
72.29196095466614	-1
76.05100440979004	-1
76.05100440979004	-1
76.05330801010132	-1
76.285471200943	-1
78.33407139778137	-1
78.49510765075684	-1
79.05435919761658	-1
82.43125486373901	-1
82.43147134780884	-1
84.07102847099304	-1
84.07102847099304	-1
84.75829410552979	-1
84.75880575180054	-1
85.49582099914551	-1
85.5649983882904	-1
85.75360608100891	-1
85.75360608100891	-1
86.32424426078796	-1
86.50525283813477	-1
86.50525283813477	-1
87.06988668441772	-1
87.06988668441772	-1
87.24961066246033	-1
89.4962751865387	-1
89.700528383255	-1
90.21241998672485	-1
90.2830023765564	-1
90.49642491340637	-1
91.07551455497742	-1
91.07551455497742	-1
91.07553052902222	-1
91.16401171684265	-1
92.49669575691223	-1
93.07973194122314	-1
93.07973194122314	-1
93.11161661148071	-1
93.11248803138733	-1
93.69398546218872	-1
93.69408988952637	-1
93.80633234977722	-1
93.80645394325256	-1
97.49713277816772	-1
98.09868168830872	-1
99.09689998626709	-1
99.09689998626709	-1
99.72535252571106	-1
99.72569966316223	-1
100.35028791427612	-1
100.35055780410767	-1
100.96485471725464	-1
102.09388875961304	-1
102.09388875961304	-1
106.10001182556152	-1
106.10001182556152	-1
106.10230851173401	-1
109.02829599380493	-1
109.04260420799255	-1
109.04260420799255	-1
109.0620641708374	-1
109.0620641708374	-1
109.06456112861633	-1
109.0684928894043	-1
109.0684928894043	-1
