0.10253357887268066	-1	605
0.20456814765930176	1	4098
0.20704245567321777	-1	168
0.20719552040100098	-1	1037
0.273021936416626	-1	605
0.2901880741119385	1	3942
0.30050158500671387	-1	214
0.306751012802124	1	662
0.31609082221984863	1	415
0.40837550163269043	1	2271
0.4090704917907715	-1	112
0.46068525314331055	-1	605
0.49866175651550293	1	1516
0.5577995777130127	1	2417
0.5688652992248535	-1	214
0.5695645809173584	-1	452
0.6083378791809082	1	258
0.6469402313232422	1	10084
0.7262794971466064	-1	265
0.7263977527618408	-1	340
0.7266592979431152	-1	126
0.7424249649047852	1	126
0.7959868907928467	1	839
0.8047342300415039	-1	280
0.8225903511047363	-1	605
0.911261796951294	1	2944
0.9170503616333008	1	4294
0.9599595069885254	1	13204
0.9982783794403076	1	32856
0.9983603954315186	1	9849
1.4501924514770508	1	1136
1.4579482078552246	-1	214
1.4585721492767334	-1	464
1.4968698024749756	1	258
1.5351033210754395	1	1122
2.9586424827575684	-1	455
2.9991278648376465	1	2726
3.0354907512664795	-1	458
3.059725046157837	-1	491
3.0629637241363525	-1	605
3.06438946723938	-1	605
3.0659961700439453	-1	605
3.0670957565307617	-1	605
3.068924903869629	-1	605
3.071444034576416	-1	605
3.073425769805908	1	3452
3.081434965133667	-1	605
3.0859227180480957	1	4184
3.086038112640381	1	182
3.089202404022217	1	2963
3.090008020401001	-1	181
3.090250015258789	1	2963
3.0904550552368164	-1	265
3.090472459793091	-1	405
3.091142416000366	1	2963
3.091289758682251	-1	181
3.0921411514282227	-1	181
3.0924623012542725	-1	265
3.092520236968994	-1	391
3.092859983444214	-1	265
3.0928800106048584	-1	386
3.097140312194824	1	3162
3.0983943939208984	-1	181
3.100229024887085	-1	605
3.1050143241882324	1	2963
3.105045795440674	1	415
3.1059796810150146	-1	181
3.1061787605285645	-1	126
3.10660457611084	-1	265
3.10662841796875	-1	409
3.1072041988372803	1	415
3.1072890758514404	1	330
3.1073319911956787	-1	126
3.1074059009552	1	157
3.108241558074951	1	415
3.1083600521087646	-1	126
3.109731435775757	1	2963
3.110499382019043	-1	181
3.1109488010406494	-1	265
3.1109752655029297	-1	388
3.120242118835449	-1	605
3.1230194568634033	1	126
3.1252565383911133	1	126
3.1262917518615723	1	126
3.130272626876831	1	415
3.130572557449341	1	415
3.1333565711975098	-1	605
3.1338815689086914	-1	126
3.1343650817871094	-1	126
3.141911268234253	1	32856
3.14204478263855	1	1594
3.152001142501831	1	3917
3.152641534805298	1	435
3.1527767181396484	1	126
3.1531898975372314	1	32856
3.15584397315979	1	235
3.1559906005859375	1	126
3.160464286804199	1	1685
3.1626317501068115	-1	214
3.1636712551116943	-1	139
3.1665329933166504	-1	520
3.167814016342163	1	14601
3.17362904548645	1	32856
3.1736650466918945	1	10520
3.174804449081421	1	32856
3.183901071548462	1	2419
3.1840200424194336	-1	134
3.184175729751587	-1	119
3.192535877227783	1	32856
3.1998445987701416	1	5145
3.2000861167907715	-1	134
3.2002363204956055	-1	119
3.208439588546753	-1	254
3.2089812755584717	1	258
3.2124135494232178	-1	264
3.2136881351470947	1	32856
3.2158005237579346	1	2654
3.215916872024536	-1	134
3.216022491455078	-1	119
3.2213492393493652	1	32856
3.2213821411132812	1	20600
3.2223384380340576	1	15928
3.2229509353637695	1	10168
3.2257840633392334	-1	605
3.2280473709106445	-1	605
3.2291643619537354	1	3773
3.230926990509033	1	9869
3.2318308353424072	1	7288
3.2429847717285156	1	3325
3.246990919113159	1	2978
3.2506141662597656	1	3325
3.251563310623169	1	4408
3.2538719177246094	1	65535
3.25390887260437	1	57191
3.254220485687256	-1	134
3.254302978515625	-1	119
3.260362386703491	1	32856
3.260432720184326	1	13400
3.272188186645508	-1	437
3.2791786193847656	1	32856
3.279254674911499	1	9080
3.280623435974121	1	8728
3.2818164825439453	1	7288
3.2852234840393066	1	1203
3.3084306716918945	1	32856
3.3085055351257324	1	32856
3.3087728023529053	1	32856
3.3087823390960693	1	32856
3.308893918991089	1	32856
3.308896541595459	1	6168
3.3142967224121094	1	32856
3.314326524734497	1	1592
3.316134452819824	-1	168
3.3163695335388184	-1	258
3.316387414932251	-1	328
3.3261871337890625	1	724
3.3263542652130127	-1	119
3.32832407951355	1	4408
3.330653190612793	1	7288
3.338782548904419	1	1516
3.340940237045288	1	119
3.3439083099365234	1	1428
3.3451409339904785	1	1112
3.3659958839416504	1	12808
3.3758044242858887	1	11935
3.407837152481079	1	8656
3.434303045272827	1	27617
3.4373064041137695	-1	152
3.437546730041504	-1	258
3.4375603199005127	-1	315
3.533003330230713	1	668
3.5331432819366455	-1	119
3.582630157470703	1	4295
3.58286190032959	1	4117
3.583200454711914	1	4117
3.5834338665008545	1	2305
3.589721202850342	1	119
3.605727434158325	1	2000
3.6058356761932373	1	1516
3.605989933013916	1	1478
3.6067464351654053	1	2944
3.608738899230957	-1	699
3.6104443073272705	1	1459
3.6125428676605225	1	2944
3.616727590560913	1	2944
3.6209144592285156	1	2944
3.6464004516601562	1	2944
3.6622626781463623	1	416
3.6703052520751953	-1	265
3.670334815979004	-1	349
3.670435905456543	-1	126
3.6816675662994385	1	126
3.685865879058838	1	704
3.6877281665802	-1	185
3.687833309173584	1	14032
3.688037633895874	-1	127
3.744323968887329	1	8728
3.7677485942840576	-1	605
3.7881476879119873	1	6089
3.8308265209198	-1	274
3.8387277126312256	1	2978
3.8411574363708496	-1	152
3.8414406776428223	-1	258
3.841465473175049	-1	305
3.842275857925415	-1	449
3.842350959777832	-1	126
3.8522493839263916	-1	169
3.85231614112854	-1	126
3.852858066558838	1	4408
3.853832721710205	1	4408
3.854210376739502	-1	177
3.8545594215393066	1	4138
3.8679234981536865	1	21222
3.8781566619873047	1	4408
3.8860630989074707	1	2790
3.886922597885132	-1	456
3.8990206718444824	1	668
3.899188995361328	-1	119
3.915512800216675	1	954
3.9198107719421387	1	23474
3.926980495452881	1	955
3.9281136989593506	1	1960
3.971454620361328	-1	605
3.971806049346924	1	17458
3.9720540046691895	-1	127
4.090513229370117	-1	461
4.1305317878723145	-1	605
4.161011457443237	1	923
4.1620118618011475	-1	127
4.1831700801849365	-1	2096
4.187269687652588	1	2988
4.190422534942627	-1	214
4.191075801849365	-1	1958
4.191272974014282	-1	265
4.191303014755249	-1	455
4.192214488983154	-1	605
4.206211090087891	1	17090
4.207462787628174	-1	460
4.237308979034424	1	431
4.23748254776001	-1	126
4.245321035385132	1	3453
4.278096914291382	1	992
4.279848575592041	1	3349
4.283404111862183	1	126
4.291810512542725	1	14368
4.306686162948608	1	2944
4.327968120574951	1	367
4.328856468200684	-1	240
4.328938961029053	-1	156
4.339798927307129	1	28648
4.341310739517212	1	998
4.344038963317871	-1	214
4.345562219619751	-1	265
4.345617294311523	-1	334
4.366608142852783	1	32856
4.3666815757751465	1	31580
4.376292943954468	1	18652
4.3828349113464355	1	327
4.383045196533203	-1	126
4.396225929260254	1	22936
4.404443264007568	1	10084
4.4113805294036865	1	8656
4.413342714309692	1	130
4.418003559112549	1	126
4.41843843460083	1	241
4.4390709400177	1	3215
4.44025444984436	-1	460
4.4598612785339355	1	5841
4.517669439315796	1	8656
4.559811353683472	1	25792
4.620296001434326	-1	442
4.620453357696533	-1	176
4.627559185028076	1	65535
4.627610921859741	1	65535
4.627641916275024	1	65535
4.6276609897613525	1	19324
4.632545232772827	-1	454
4.632598400115967	-1	1111
4.632685899734497	-1	1205
4.6444432735443115	1	4303
4.669895887374878	1	130
4.67851448059082	1	4082
4.678934335708618	1	3030
4.6864914894104	-1	250
4.700008392333984	-1	173
4.736626386642456	1	397
4.7373366355896	-1	257
4.737367630004883	-1	513
4.745558023452759	1	802
4.749665021896362	1	65535
4.749760866165161	1	16020
4.765479803085327	1	65535
4.765604257583618	1	65535
4.765696048736572	1	65535
4.765783786773682	1	65535
4.765875577926636	1	65535
4.765971422195435	1	65535
4.766024827957153	1	25708
4.787076473236084	1	65535
4.787220478057861	1	65535
4.787310838699341	1	65535
4.787398815155029	1	65535
4.787478923797607	1	40968
4.852230548858643	1	65535
4.852248668670654	1	65535
4.852262496948242	1	65535
4.85227632522583	1	65535
4.8522889614105225	1	65535
4.852302312850952	1	65535
4.852307319641113	1	12248
4.857790231704712	-1	454
4.867364883422852	1	130
4.871565580368042	1	241
4.8781304359436035	1	397
4.87882399559021	-1	184
4.878851890563965	-1	522
4.928850173950195	1	130
4.971885919570923	1	241
5.089655637741089	-1	168
5.090308666229248	-1	258
5.09037709236145	-1	302
5.102448225021362	1	375
5.102743148803711	1	437
5.102912664413452	-1	119
5.113714933395386	1	119
5.114753007888794	1	625
5.174046039581299	-1	605
5.208076238632202	1	1596
5.20993709564209	1	2620
5.225869655609131	-1	214
5.226097106933594	-1	483
5.246936559677124	-1	168
5.2483906745910645	-1	258
5.248615741729736	-1	326
5.257823467254639	1	269
5.2594029903411865	1	133
5.259654998779297	1	662
5.269845247268677	1	181
5.27003288269043	-1	119
5.278733730316162	1	2130
5.357274055480957	1	233
5.3762617111206055	-1	203
5.376849174499512	-1	197
5.397056341171265	1	4408
5.4067065715789795	1	804
5.413958311080933	-1	184
5.414020776748657	-1	600
5.415980815887451	1	3992
5.416723728179932	1	3195
5.418047189712524	1	4408
5.4284491539001465	-1	127
5.428497791290283	-1	127
5.428956031799316	-1	134
5.428990364074707	-1	127
5.42900276184082	1	1696
5.429341793060303	-1	127
5.429710626602173	-1	134
5.429741859436035	-1	134
5.430287599563599	-1	127
5.430952548980713	-1	119
5.43110203742981	-1	119
5.431209087371826	-1	119
5.431546926498413	-1	119
5.43192982673645	-1	134
5.4322829246521	-1	112
5.433154582977295	-1	112
5.433264970779419	-1	112
5.434055805206299	-1	119
5.434156894683838	-1	119
5.434252738952637	-1	119
5.434453248977661	-1	112
5.43561863899231	-1	119
5.436946630477905	-1	112
5.474529504776001	1	130
5.476208448410034	1	241
5.47705078125	-1	134
5.477631092071533	-1	119
5.7808146476745605	1	674
5.781303405761719	-1	119
6.009755849838257	-1	605
6.041388750076294	1	3845
6.0490617752075195	-1	214
6.049833297729492	-1	455
6.08803129196167	1	258
6.126857042312622	1	674
6.129285097122192	-1	449
6.158589124679565	1	2024
6.2044103145599365	1	3906
6.207023620605469	-1	450
6.2396416664123535	1	706
6.242668390274048	-1	455
6.270888805389404	1	3453
6.3509392738342285	1	28648
6.4102373123168945	1	32856
6.4102866649627686	1	2423
6.412889242172241	-1	456
6.485107183456421	1	739
6.487706899642944	-1	468
6.516570329666138	1	3452
6.559842109680176	1	546
6.561881065368652	-1	466
6.592259407043457	1	2023
6.860480308532715	-1	605
6.864306211471558	1	982
6.866703510284424	-1	478
6.896345138549805	1	595
6.89988374710083	1	1516
8.447537660598755	1	585
8.448606729507446	1	2564
8.453301906585693	-1	214
8.453376293182373	-1	478
8.453601360321045	-1	460
8.483176946640015	1	594
8.492327690124512	1	258
8.53231692314148	1	921
8.547416925430298	-1	453
8.587220191955566	1	1112
8.613341093063354	-1	480
8.652608871459961	1	1545
8.653757572174072	-1	605
8.964544296264648	1	265
8.969875574111938	-1	477
8.99944257736206	1	595
9.469007730484009	1	235
9.4699125289917	-1	139
9.47383165359497	-1	509
9.937873125076294	1	1765
11.025031805038452	-1	449
11.06741976737976	1	910
11.618536710739136	1	285
11.625764608383179	-1	476
11.625860929489136	-1	505
11.667144298553467	1	916
11.667144298553467	1	1532
11.755493879318237	1	32856
11.75560998916626	1	3905
11.805087804794312	-1	542
11.854026556015015	1	755
11.965219974517822	-1	605
12.051132678985596	1	2944
12.052422285079956	1	1104
12.060675144195557	-1	214
12.061343908309937	-1	515
12.148539781570435	1	258
12.233692646026611	1	827
12.237762928009033	-1	420
12.324556827545166	1	8287
12.34729552268982	-1	461
12.454190969467163	1	1110
12.46644401550293	-1	488
12.466705322265625	-1	517
12.505556583404541	1	2343
12.50634217262268	1	1524
13.768613338470459	1	393
14.385295152664185	1	3713
22.34506320953369	-1	119
22.523648262023926	-1	119
23.788404941558838	-1	119
24.405664205551147	-1	119
29.897668600082397	-1	605
29.988584995269775	1	4098
