0.10343289375305176	-1	605
0.1943492889404297	1	4098
0.20217490196228027	-1	168
0.20265698432922363	-1	1037
0.2897646427154541	1	662
0.38129401206970215	1	2271
0.38153839111328125	-1	112
0.43415260314941406	-1	605
0.482560396194458	-1	605
0.4987473487854004	1	3942
0.5014204978942871	-1	214
0.5162968635559082	1	415
0.7823894023895264	1	2944
0.7838780879974365	1	989
0.7900853157043457	-1	214
0.790795087814331	-1	452
1.2005908489227295	-1	605
1.2423169612884521	1	2944
1.317854404449463	1	258
1.3192694187164307	1	5800
1.4113359451293945	1	32856
1.4114151000976562	1	12705
1.415055751800537	-1	455
1.4581084251403809	1	2726
1.4636147022247314	-1	458
1.5250132083892822	1	1136
1.5331995487213135	-1	214
1.5338757038116455	-1	464
1.5740094184875488	1	258
1.6175315380096436	1	901
2.0990986824035645	1	10438
2.099987745285034	1	300
2.100785493850708	-1	119
2.1043057441711426	-1	265
2.1054913997650146	-1	340
2.1065878868103027	-1	456
2.1067564487457275	-1	126
2.121377468109131	1	126
2.1485445499420166	1	3453
2.1816089153289795	-1	605
2.182805299758911	1	839
2.1863324642181396	-1	280
2.230581760406494	1	5157
2.233309507369995	-1	460
2.267282485961914	1	4408
2.273825168609619	1	597
2.3136186599731445	1	12559
2.3139231204986572	1	1516
2.3724780082702637	1	32856
2.37261700630188	1	20156
2.3976659774780273	1	32856
2.39784574508667	1	32856
2.3978679180145264	1	13092
2.4462320804595947	1	32856
2.4645283222198486	1	235
2.46510648727417	-1	139
2.4678754806518555	-1	520
2.826105833053589	1	32856
2.8261826038360596	1	18728
2.86415433883667	1	917
2.8645246028900146	1	4372
2.865521192550659	1	359
2.9115724563598633	1	8656
2.958150863647461	1	32856
3.020217180252075	1	30076
3.0285592079162598	1	7228
3.0306222438812256	1	8656
3.040058135986328	1	4608
3.213353157043457	-1	605
5.030254602432251	-1	460
5.131760358810425	-1	605
5.132735967636108	-1	605
5.137142181396484	-1	605
5.1380298137664795	-1	605
5.138836622238159	-1	605
5.142885446548462	-1	605
5.15259313583374	1	3162
5.153825759887695	-1	181
5.153986215591431	1	2963
5.154770374298096	-1	181
5.156200647354126	-1	265
5.156228303909302	-1	410
5.1588521003723145	1	1528
5.159001350402832	1	1523
5.159497499465942	1	2963
5.159775495529175	-1	181
5.160720109939575	-1	181
5.161267995834351	-1	265
5.1612937450408936	-1	387
5.161417484283447	-1	265
5.161436319351196	-1	392
5.162108421325684	1	2963
5.162496089935303	1	24875
5.162892580032349	-1	605
5.1656882762908936	-1	181
5.166241884231567	-1	265
5.16627311706543	-1	389
5.173396825790405	1	415
5.173396825790405	1	399
5.173643589019775	-1	126
5.17737078666687	1	4278
5.178886413574219	1	346
5.179069995880127	1	415
5.179388761520386	1	157
5.179806709289551	-1	605
5.180318832397461	-1	126
5.180498123168945	-1	126
5.1848790645599365	1	2963
5.1859400272369385	-1	181
5.187280654907227	1	126
5.18746280670166	-1	605
5.189083814620972	-1	265
5.189110517501831	-1	406
5.189563274383545	-1	265
5.189589500427246	-1	349
5.189719200134277	-1	126
5.192464113235474	1	415
5.192622423171997	-1	126
5.195646286010742	1	126
5.1959614753723145	1	126
5.203097820281982	1	126
5.212133407592773	1	415
5.212750673294067	-1	126
5.215580940246582	1	126
5.218875169754028	1	32856
5.225986003875732	1	65535
5.226088523864746	1	65535
5.226158380508423	1	65535
5.226201295852661	1	22180
5.229285478591919	1	3917
5.229598045349121	1	5146
5.231380939483643	1	32856
5.231423377990723	1	3858
5.231592655181885	1	435
5.23318886756897	-1	134
5.2383410930633545	-1	214
5.238535165786743	-1	119
5.245600700378418	1	703
5.249957084655762	-1	185
5.2505199909210205	1	40072
5.255987644195557	1	32856
5.25944185256958	1	32856
5.27476692199707	1	14788
5.278086185455322	1	32856
5.289664030075073	1	13086
5.290673732757568	1	258
5.300696849822998	1	32856
5.300764083862305	1	10520
5.301603078842163	1	21374
5.302075386047363	-1	134
5.302391529083252	-1	119
5.302746057510376	1	2915
5.333622217178345	1	1679
5.333735942840576	-1	168
5.333974361419678	1	32856
5.334892988204956	-1	134
5.335639953613281	-1	258
5.33572793006897	-1	302
5.336291551589966	-1	119
5.340485095977783	1	65535
5.340595006942749	1	65535
5.340688228607178	1	65535
5.340843677520752	1	52168
5.3459272384643555	1	32856
5.34601354598999	1	14840
5.350242614746094	1	51496
5.351266384124756	1	65535
5.351367712020874	1	65535
5.3514580726623535	1	64796
5.3513710498809814	1	724
5.357407569885254	-1	119
5.364492893218994	1	119
5.366292953491211	1	32856
5.3663859367370605	1	32856
5.366921663284302	1	32856
5.3669304847717285	1	5631
5.368159294128418	1	613
5.369607210159302	-1	134
5.369872093200684	-1	119
5.378836631774902	-1	605
5.391376733779907	-1	605
5.393178224563599	1	2968
5.3936543464660645	1	445
5.39863395690918	-1	168
5.399229288101196	-1	258
5.399291753768921	-1	326
5.400699853897095	-1	254
5.407642602920532	1	724
5.407855033874512	-1	119
5.4116151332855225	1	3325
5.413793563842773	-1	168
5.414162635803223	-1	258
5.414189577102661	-1	328
5.419256925582886	1	119
5.4193878173828125	1	65535
5.419425010681152	1	65535
5.419456481933594	1	65535
5.41948676109314	1	65535
5.425475835800171	1	23128
5.428070545196533	1	724
5.428210973739624	-1	119
5.435230016708374	1	4408
5.442917823791504	1	119
5.445745944976807	1	32856
5.448225259780884	1	10168
5.449169635772705	1	7288
5.451643705368042	1	15928
5.454955339431763	1	65535
5.454998970031738	1	65535
5.455024480819702	1	43376
5.458224296569824	1	4408
5.461754083633423	1	32856
5.466341257095337	1	32856
5.466399192810059	1	9080
5.467634916305542	1	7288
5.468163251876831	1	65535
5.468186855316162	1	18876
5.474997043609619	-1	264
5.485569000244141	1	11832
5.489270448684692	1	32856
5.489500999450684	1	32856
5.4896240234375	1	32856
5.489628314971924	1	32856
5.489648342132568	1	32856
5.489651441574097	1	1803
5.547815561294556	1	1202
5.621357679367065	1	151
5.636322975158691	-1	437
5.668396234512329	-1	460
5.6903135776519775	1	4295
5.690725803375244	1	9877
5.690865993499756	1	574
5.702176332473755	-1	152
5.7024970054626465	-1	258
5.702524900436401	-1	315
5.707794189453125	1	950
5.711562633514404	-1	453
5.751950979232788	1	901
5.795962810516357	1	668
5.796202182769775	-1	119
5.799158096313477	1	65535
5.799223899841309	1	65535
5.799250602722168	1	30891
5.80417537689209	-1	454
5.811129331588745	-1	195
5.819803476333618	1	2130
5.821781396865845	-1	370
5.821884632110596	-1	126
5.824744462966919	1	4408
5.825639963150024	1	3541
5.82600212097168	1	4408
5.826506853103638	1	851
5.833223104476929	-1	167
5.833288669586182	-1	126
5.835115194320679	-1	177
5.841047048568726	-1	605
5.843407869338989	1	4408
5.844362258911133	1	4408
5.847380876541138	1	674
5.848845481872559	-1	455
5.851567268371582	1	119
5.852436780929565	1	32856
5.867309808731079	1	4837
5.867470026016235	1	1478
5.870417356491089	1	2906
5.874361991882324	1	2944
5.878082275390625	1	2944
5.880316972732544	1	1596
5.880507946014404	1	2282
5.882370948791504	1	2944
5.886031627655029	1	435
5.8877646923065186	-1	214
5.887852430343628	-1	483
5.893576622009277	1	9320
5.896620035171509	1	952
5.907648801803589	1	2944
5.917999029159546	1	951
5.920845985412598	1	263
5.920967102050781	1	139
5.9495933055877686	1	14032
5.949854135513306	-1	127
5.972369432449341	-1	700
6.021981477737427	1	416
6.024519920349121	1	233
6.026529550552368	-1	316
6.026679515838623	-1	172
6.039619207382202	1	289
6.040008783340454	1	4303
6.043333292007446	-1	480
6.052306175231934	1	6987
6.078552722930908	-1	605
6.083522081375122	1	1544
6.108527898788452	1	235
6.108729839324951	-1	139
6.109700679779053	-1	509
6.109949827194214	-1	199
6.1105499267578125	-1	193
6.1278345584869385	1	5191
6.130505323410034	-1	127
6.1321024894714355	-1	127
6.132143259048462	-1	127
6.132227420806885	-1	134
6.132509469985962	-1	134
6.1325905323028564	-1	127
6.132856845855713	-1	119
6.132975816726685	-1	119
6.133707284927368	-1	119
6.1357951164245605	-1	112
6.136337757110596	-1	119
6.136428594589233	-1	112
6.136703014373779	-1	119
6.137371301651001	-1	112
6.137613773345947	-1	112
6.144134998321533	1	5848
6.144835948944092	1	4981
6.145176649093628	1	4408
6.14788293838501	1	9440
6.1481077671051025	-1	134
6.148535251617432	-1	119
6.1570494174957275	-1	605
6.194054841995239	-1	605
6.195274353027344	-1	605
6.2094175815582275	1	3942
6.212752103805542	-1	214
6.215281963348389	1	1765
6.215517997741699	-1	119
6.21562385559082	1	2988
6.219679594039917	-1	214
6.229644298553467	1	415
6.266178846359253	1	2915
6.266323566436768	1	149
6.268386602401733	1	431
6.288760662078857	1	674
6.289078235626221	-1	119
6.305647850036621	1	235
6.305900573730469	-1	139
6.3073039054870605	-1	491
6.328545093536377	-1	605
6.358222246170044	1	2944
6.370136737823486	1	989
6.373359680175781	-1	214
6.373685836791992	-1	449
6.406225919723511	-1	152
6.406593084335327	-1	258
6.406619548797607	-1	305
6.40871262550354	1	258
6.436891317367554	1	3452
6.474401473999023	1	668
6.474581480026245	-1	119
6.5003745555877686	1	3906
6.501320123672485	-1	450
6.504615306854248	1	8986
6.5110087394714355	1	9970
6.527383804321289	-1	265
6.527415037155151	-1	455
6.527526140213013	-1	126
6.540937185287476	1	550
6.541064739227295	-1	127
6.585434675216675	-1	463
6.588308811187744	1	405
6.58842921257019	-1	134
6.588500022888184	-1	119
6.657294750213623	1	706
6.661092042922974	-1	680
6.6613686084747314	-1	455
6.668006420135498	1	924
6.668583154678345	-1	127
6.693147659301758	1	597
6.711859226226807	-1	605
6.714873552322388	1	234
6.715435981750488	-1	139
6.718800783157349	-1	265
6.71887469291687	-1	413
6.7189576625823975	-1	156
6.737680673599243	1	8656
6.7704808712005615	1	157
6.770665645599365	-1	126
6.826488733291626	1	292
6.826751232147217	1	32856
6.8268208503723145	1	10160
6.827295541763306	1	14640
6.864449501037598	-1	305
6.867680311203003	1	890
6.86871600151062	-1	456
6.877677917480469	-1	173
6.911196231842041	1	739
6.915595293045044	-1	468
6.950542688369751	1	3881
6.953641414642334	-1	466
6.980764865875244	1	706
6.983453750610352	-1	257
6.983604669570923	-1	506
6.984407901763916	1	2917
6.9862143993377686	-1	187
6.986423492431641	-1	632
6.989485740661621	-1	478
7.045708179473877	1	283
7.106666088104248	1	283
7.2764623165130615	1	1092
7.279235124588013	-1	478
7.324910879135132	1	771
7.327638626098633	-1	477
7.357909440994263	1	900
7.404337644577026	-1	605
7.435619354248047	1	2944
7.437238693237305	1	998
7.444761514663696	-1	214
7.446155309677124	-1	265
7.446242332458496	-1	334
7.768935441970825	1	365
7.769655227661133	-1	126
7.7961766719818115	1	4372
7.928022861480713	-1	265
7.928187131881714	-1	2367
7.929496765136719	-1	1954
7.93004035949707	-1	126
7.930739164352417	-1	296
7.930922031402588	-1	2190
7.948750257492065	1	126
8.025392532348633	1	3348
8.026148080825806	1	990
8.031530857086182	1	801
8.086369752883911	1	129
8.235553503036499	1	869
8.55040979385376	1	906
8.550942420959473	-1	119
11.218057632446289	-1	605
11.256549835205078	1	1516
11.29439401626587	1	2564
11.30156397819519	-1	214
11.302458047866821	-1	449
11.623871088027954	1	258
11.662697315216064	1	1108
11.678893327713013	-1	476
11.72987413406372	-1	605
12.241356372833252	1	235
12.241356134414673	1	1540
12.242966413497925	-1	139
12.244508504867554	-1	505
12.527280330657959	1	6628
12.53027629852295	1	2944
12.90352177619934	1	12940
12.939000368118286	1	2401
13.359524488449097	-1	460
13.40072512626648	1	950
13.527137994766235	-1	605
13.656262874603271	1	3960
13.6643705368042	-1	214
13.6650972366333	-1	515
13.774653673171997	1	258
13.883400917053223	1	827
13.887861728668213	-1	420
14.082108974456787	1	8287
14.096279859542847	-1	461
14.13575792312622	1	1110
14.148842811584473	-1	488
14.1490957736969	-1	517
14.200200080871582	1	1544
14.200200080871582	1	915
14.201321125030518	1	1516
14.696200609207153	1	3713
16.68325138092041	-1	127
17.125492334365845	-1	134
17.37681531906128	-1	119
18.050536155700684	-1	134
18.102513313293457	-1	134
24.102481603622437	-1	119
24.217706203460693	-1	119
24.716399431228638	-1	119
30.910942316055298	-1	605
30.915377378463745	-1	605
30.957906246185303	1	1516
30.96211886405945	1	1136
30.965776681900024	-1	214
30.966352462768555	-1	464
31.000276565551758	1	4098
31.001837968826294	-1	168
31.00197124481201	-1	1037
31.003896713256836	1	258
31.04431390762329	1	1123
31.044508934020996	-1	119
31.090994596481323	1	694
31.096527814865112	-1	605
31.101031064987183	-1	605
31.132575273513794	1	1516
31.134458303451538	1	1136
31.136634588241577	-1	214
31.136974096298218	-1	491
31.171148777008057	1	258
31.179091691970825	1	2271
31.179420232772827	-1	112
31.19280195236206	1	3992
31.199146032333374	-1	214
31.199933290481567	-1	520
31.20927143096924	1	1658
31.209917068481445	-1	119
31.225897550582886	-1	605
31.239013195037842	1	258
31.263410091400146	1	2944
