0.09031939506530762	-1	605
0.17397713661193848	1	4098
0.17701101303100586	-1	168
0.17721295356750488	-1	1037
0.26169300079345703	1	678
0.34552454948425293	1	2271
0.3469722270965576	-1	112
0.620002031326294	-1	605
0.6581933498382568	1	2944
0.6647512912750244	1	1136
0.6734921932220459	-1	214
0.674292802810669	-1	464
0.7108809947967529	1	258
0.7931373119354248	1	1084
3.22175669670105	-1	491
3.2710938453674316	-1	605
3.309438467025757	1	235
3.3096923828125	-1	139
3.310699224472046	-1	520
3.399892807006836	1	1676
3.4288077354431152	1	18052
3.431598424911499	-1	605
3.4642786979675293	1	1516
3.4878971576690674	1	32856
3.4879837036132812	1	23012
3.516598701477051	1	8656
3.7566375732421875	1	989
3.767289876937866	-1	214
3.768561840057373	-1	452
3.798985242843628	1	258
3.8911097049713135	1	10084
3.8936831951141357	1	10084
3.990194320678711	1	24364
4.282489538192749	-1	119
4.363513946533203	-1	605
4.373778820037842	-1	605
4.377912521362305	-1	605
4.3802876472473145	1	32856
4.38033390045166	1	6141
4.380974769592285	-1	605
4.38160252571106	-1	119
4.401459693908691	1	2944
4.430499076843262	1	7458
4.437706232070923	1	1528
4.437840700149536	1	6018
4.442748546600342	-1	246
4.443617105484009	-1	265
4.44364595413208	-1	706
4.443849563598633	1	7458
4.450819492340088	-1	246
4.457084894180298	-1	246
4.457227468490601	-1	265
4.457250356674194	-1	376
4.4576404094696045	-1	265
4.4576575756073	-1	536
4.457669973373413	-1	472
4.496573209762573	1	208
4.49676513671875	-1	126
4.504297971725464	1	208
4.504464149475098	-1	126
4.5248329639434814	1	208
4.525340557098389	-1	126
4.545915603637695	1	126
4.554519414901733	1	126
4.58581018447876	1	126
4.5892369747161865	1	247
4.599734783172607	1	6184
4.631782054901123	1	245
4.632047414779663	-1	134
4.632202625274658	-1	119
4.659011363983154	-1	605
4.696590900421143	1	2944
4.756713390350342	1	4061
4.757310628890991	-1	119
4.813580274581909	-1	605
4.85736346244812	1	2944
4.859270334243774	1	989
4.8665032386779785	-1	214
4.867149114608765	-1	455
4.940268278121948	1	1136
4.947656631469727	-1	214
4.948328733444214	-1	460
4.97592830657959	1	998
4.9830405712127686	-1	214
4.984175443649292	-1	265
4.984246253967285	-1	334
4.9882776737213135	1	258
5.022531986236572	1	327
5.023151397705078	-1	126
5.025430679321289	1	910
5.058875560760498	1	126
5.100052118301392	1	5841
5.448265075683594	1	258
5.486979246139526	1	2726
5.491166591644287	-1	458
5.559284687042236	1	128
5.5733630657196045	-1	453
5.611907958984375	1	1112
5.755123615264893	-1	480
5.795483589172363	1	1535
5.868282079696655	1	10409
5.872285842895508	-1	456
5.9587531089782715	1	2944
5.999848365783691	1	14205
6.003744602203369	-1	460
6.04713249206543	1	3453
6.152307033538818	1	32856
6.152378082275391	1	15872
6.152755260467529	1	17224
6.171534776687622	1	6296
6.23630166053772	1	15796
6.289532423019409	1	8160
6.348476886749268	1	32856
6.38926100730896	1	32856
6.3894853591918945	1	32856
6.389492988586426	1	10507
6.3934643268585205	-1	460
6.438128471374512	1	4372
6.535064697265625	1	32856
6.573503255844116	1	20080
6.590633392333984	1	37216
6.638190269470215	1	7228
6.64671778678894	1	15796
6.664295673370361	1	42928
6.692594766616821	1	10084
6.725734233856201	1	38644
6.7689149379730225	1	24364
6.784017324447632	1	11512
6.833502531051636	-1	605
6.856918811798096	1	21508
6.944945573806763	1	12940
6.948957443237305	1	65535
6.949043035507202	1	10308
6.985794544219971	1	18652
7.0057373046875	1	30076
7.047879219055176	1	47212
7.066542387008667	1	12940
7.070619821548462	1	17224
7.09296989440918	1	41500
7.134832143783569	1	235
7.135790824890137	-1	139
7.13903546333313	-1	509
7.2139668464660645	1	58636
7.310943365097046	1	17224
7.383011817932129	1	24364
7.386620998382568	1	41500
7.392253637313843	1	37216
7.456924200057983	1	5800
7.47988224029541	1	8656
7.559221982955933	1	65535
7.562114238739014	1	5800
7.620988607406616	1	21508
7.655561685562134	1	11512
7.723840951919556	1	25792
7.787546634674072	1	65535
7.790263891220093	1	8656
7.8144142627716064	1	14368
7.845308542251587	1	4372
7.911123275756836	1	42928
7.994164228439331	1	5800
8.000643491744995	1	15796
8.018006086349487	1	27220
8.280534267425537	1	65535
8.280635595321655	1	30300
8.304165363311768	1	10084
8.314589977264404	1	41500
8.321741342544556	1	18652
8.404413938522339	1	32932
8.407822132110596	1	10084
8.425148487091064	1	22936
8.466455221176147	1	10084
8.534274339675903	1	48640
8.56179141998291	1	7228
9.134565353393555	1	32324
9.142851829528809	-1	454
9.185201644897461	1	674
9.188806533813477	-1	455
9.23031234741211	1	674
9.234160423278809	-1	449
9.276069402694702	1	3452
9.391933679580688	1	914
9.7492094039917	1	3906
9.749606132507324	1	939
9.754870414733887	-1	450
9.799278974533081	1	706
9.801795482635498	-1	455
9.84575366973877	1	597
9.906576156616211	1	2944
10.306113958358765	-1	449
10.35055422782898	1	1098
10.395533323287964	-1	476
10.3956880569458	-1	505
10.435835838317871	1	8056
10.43660020828247	1	1543
10.438797950744629	1	2944
10.528017044067383	1	11512
10.977837562561035	1	973
10.977935075759888	1	59467
10.989044189453125	-1	456
11.030134677886963	1	595
11.070604085922241	-1	542
11.407764911651611	1	232
11.410319328308105	-1	468
11.451661586761475	1	2944
11.452503442764282	1	1025
11.457363843917847	-1	466
11.49948000907898	1	2917
11.502634048461914	-1	478
11.899542093276978	1	1092
11.899542093276978	1	755
11.903922080993652	-1	478
11.947605848312378	1	771
11.95090627670288	-1	477
11.992380142211914	1	900
12.004260778427124	-1	605
12.088632345199585	1	2944
12.091029167175293	1	1104
12.100080251693726	-1	214
12.100809812545776	-1	515
12.185084819793701	1	258
12.269234895706177	1	827
12.271198272705078	-1	420
12.357962608337402	1	8258
12.378630638122559	-1	461
12.41706919670105	1	1120
12.429036855697632	-1	488
12.429358720779419	-1	517
12.467664003372192	1	1553
12.47145414352417	1	5968
14.580392599105835	-1	134
14.603866338729858	-1	134
15.112002611160278	-1	134
22.01108193397522	-1	119
22.378822326660156	-1	119
22.48474931716919	-1	119
22.488544702529907	-1	119
30.030290365219116	-1	605
