0.0	-1
0.0022873878479003906	-1
0.7072608470916748	-1
0.7074136734008789	-1
0.912003755569458	-1
0.9121036529541016	-1
2.5741593837738037	-1
3.007089138031006	-1
3.57477068901062	-1
3.575021505355835	-1
3.7865688800811768	-1
3.788597583770752	-1
4.087014198303223	-1
4.089791536331177	-1
4.394228458404541	-1
4.394471645355225	-1
4.701716423034668	-1
4.7027747631073	-1
5.2133543491363525	-1
5.62316370010376	-1
6.648751735687256	-1
6.648783922195435	-1
6.852205038070679	-1
6.858699798583984	-1
6.868215799331665	-1
7.466587781906128	-1
8.081046104431152	-1
8.081329107284546	-1
8.695984840393066	-1
8.699801683425903	-1
8.700932502746582	-1
8.712212562561035	-1
9.41256046295166	-1
9.46204948425293	-1
9.465489625930786	-1
10.231691598892212	-1
10.232801914215088	-1
12.280610799789429	-1
12.282500982284546	-1
12.53836703300476	-1
12.540232419967651	-1
12.552678108215332	-1
13.201837539672852	-1
13.202254056930542	-1
13.288642168045044	-1
13.81736445426941	-1
13.819036722183228	-1
13.821731567382812	-1
13.82176423072815	-1
13.84162187576294	-1
13.860732793807983	-1
13.900289058685303	-1
13.955285787582397	-1
13.965288639068604	-1
14.083964586257935	-1
14.170435190200806	-1
14.170442342758179	-1
14.199681520462036	-1
14.207414388656616	-1
14.269085168838501	-1
14.269153594970703	-1
14.269162654876709	-1
14.269264221191406	-1
14.337509155273438	-1
14.387030839920044	-1
14.387162208557129	-1
14.387754678726196	-1
14.405560970306396	-1
14.483972311019897	-1
14.4840567111969	-1
14.540453433990479	-1
14.598054647445679	-1
14.60044264793396	-1
14.600468158721924	-1
14.658566951751709	-1
14.658666849136353	-1
14.659968137741089	-1
14.719905376434326	-1
14.722741603851318	-1
14.785435199737549	-1
15.86500597000122	-1
15.868455648422241	-1
15.86957049369812	-1
15.880885124206543	-1
15.883353471755981	-1
16.582435369491577	-1
16.582464694976807	-1
16.582472562789917	-1
16.583927154541016	-1
16.612196445465088	-1
16.61233115196228	-1
16.623475074768066	-1
16.647714138031006	-1
16.649512767791748	-1
16.67604112625122	-1
16.67787742614746	-1
17.093812465667725	-1
17.097206592559814	-1
17.097532510757446	-1
17.108626127243042	-1
17.108638286590576	-1
17.321754455566406	-1
17.3220431804657	-1
17.33226442337036	-1
17.343395709991455	-1
17.709869623184204	-1
17.7098970413208	-1
17.70990252494812	-1
17.709906339645386	-1
17.710294246673584	-1
17.720850467681885	-1
17.720856189727783	-1
17.937800407409668	-1
17.937829971313477	-1
17.939218521118164	-1
17.948543548583984	-1
17.98442792892456	-1
18.220387935638428	-1
18.221473217010498	-1
18.232942819595337	-1
18.23295497894287	-1
18.30932927131653	-1
18.30935525894165	-1
18.3095965385437	-1
18.311041355133057	-1
18.34944176673889	-1
18.36931586265564	-1
18.371288537979126	-1
18.414088249206543	-1
18.429819583892822	-1
18.429933786392212	-1
18.47063660621643	-1
18.470757722854614	-1
18.565539836883545	-1
18.57043743133545	-1
18.618083238601685	-1
18.618096590042114	-1
18.63541316986084	-1
18.635438442230225	-1
18.64071798324585	-1
18.640887022018433	-1
18.677178144454956	-1
18.6941134929657	-1
18.69895052909851	-1
18.738542079925537	-1
18.75273609161377	-1
18.75456213951111	-1
18.75463628768921	-1
18.76409649848938	-1
18.859094381332397	-1
18.85912799835205	-1
18.85913896560669	-1
18.863973379135132	-1
18.94240403175354	-1
18.94243359565735	-1
18.94243812561035	-1
18.942442178726196	-1
18.942449808120728	-1
18.942594289779663	-1
18.942682027816772	-1
18.98466181755066	-1
18.98467230796814	-1
18.984944820404053	-1
18.98512101173401	-1
18.996689796447754	-1
18.996707439422607	-1
19.00880479812622	-1
19.008811235427856	-1
19.008816480636597	-1
19.008826732635498	-1
19.00900888442993	-1
19.02028179168701	-1
19.045493125915527	-1
19.072091817855835	-1
19.076229333877563	-1
19.07633328437805	-1
19.081895351409912	-1
19.086969137191772	-1
19.08698296546936	-1
19.096702098846436	-1
19.10188364982605	-1
19.105000019073486	-1
19.15304183959961	-1
19.16466188430786	-1
19.188703775405884	-1
19.328502893447876	-1
19.5598886013031	-1
19.57984471321106	-1
19.583287000656128	-1
19.594911813735962	-1
19.711853504180908	-1
19.72439742088318	-1
19.96762990951538	-1
19.96765947341919	-1
19.96875309944153	-1
19.980852365493774	-1
20.049235820770264	-1
20.050474643707275	-1
20.060534477233887	-1
20.17919158935547	-1
20.180301666259766	-1
20.192265510559082	-1
20.2104172706604	-1
20.210453033447266	-1
20.21061897277832	-1
20.215093851089478	-1
20.220269680023193	-1
20.25443959236145	-1
20.27543044090271	-1
20.275466442108154	-1
20.275471925735474	-1
20.275481462478638	-1
20.275519132614136	-1
20.328760623931885	-1
20.328882455825806	-1
20.331068754196167	-1
20.34038543701172	-1
20.34041929244995	-1
20.340429544448853	-1
20.37384009361267	-1
20.391196489334106	-1
20.391205549240112	-1
20.394985914230347	-1
20.423352003097534	-1
20.485280513763428	-1
20.544579029083252	-1
20.545618057250977	-1
20.557085037231445	-1
20.573981046676636	-1
20.58873438835144	-1
20.5890634059906	-1
20.60078239440918	-1
20.662875413894653	-1
20.663929224014282	-1
20.666131019592285	-1
20.676255464553833	-1
20.68264150619507	-1
20.695074796676636	-1
20.696398973464966	-1
20.708911657333374	-1
20.790238618850708	-1
20.791817665100098	-1
20.7928204536438	-1
20.792837858200073	-1
20.802780866622925	-1
20.802791118621826	-1
20.98539400100708	-1
20.98639154434204	-1
20.996793270111084	-1
21.100026607513428	-1
21.10005807876587	-1
21.10006594657898	-1
21.100263118743896	-1
21.15080738067627	-1
21.155145406723022	-1
21.1553852558136	-1
21.256733417510986	-1
21.256855010986328	-1
21.25687003135681	-1
21.260738849639893	-1
21.26075005531311	-1
21.26076054573059	-1
21.260904788970947	-1
21.370113134384155	-1
21.370147466659546	-1
21.37017297744751	-1
21.37018656730652	-1
21.37019968032837	-1
21.37049651145935	-1
21.370572328567505	-1
21.402873039245605	-1
21.402905225753784	-1
21.403592586517334	-1
21.404155015945435	-1
21.416379928588867	-1
21.42048478126526	-1
21.42672324180603	-1
21.42902970314026	-1
21.43320655822754	-1
21.44062042236328	-1
21.44536256790161	-1
21.450245141983032	-1
21.45025897026062	-1
21.71095371246338	-1
21.71099042892456	-1
21.711225271224976	-1
21.715211153030396	-1
21.715216159820557	-1
21.71522569656372	-1
21.747206211090088	-1
21.750138521194458	-1
21.92755937576294	-1
22.0122287273407	-1
22.013252019882202	-1
22.214651584625244	-1
22.253807306289673	-1
22.260258674621582	-1
22.303963899612427	-1
22.31945824623108	-1
22.321926832199097	-1
22.323371648788452	-1
22.332653760910034	-1
22.79526138305664	-1
22.80179190635681	-1
22.801809072494507	-1
22.801815509796143	-1
22.80631971359253	-1
22.80863857269287	-1
22.808653354644775	-1
23.035946369171143	-1
23.035995960235596	-1
23.036009073257446	-1
23.036015272140503	-1
23.036141395568848	-1
23.03666853904724	-1
23.036674737930298	-1
23.038570880889893	-1
23.038586854934692	-1
23.048861980438232	-1
23.054548978805542	-1
23.062639951705933	-1
23.062650680541992	-1
23.071133852005005	-1
23.071277379989624	-1
23.07845902442932	-1
23.078483819961548	-1
23.139496326446533	-1
23.14652156829834	-1
23.146646976470947	-1
23.153331995010376	-1
23.15888500213623	-1
23.1858971118927	-1
23.18592071533203	-1
23.185927152633667	-1
23.186030626296997	-1
23.194398403167725	-1
23.197604417800903	-1
23.20747971534729	-1
23.20749592781067	-1
23.207502365112305	-1
23.20750856399536	-1
23.20751404762268	-1
23.24346613883972	-1
23.244678497314453	-1
23.24483633041382	-1
23.254446029663086	-1
23.25446319580078	-1
23.263394117355347	-1
23.276987075805664	-1
23.291871786117554	-1
23.304023027420044	-1
23.316338062286377	-1
23.31635594367981	-1
23.547354459762573	-1
23.54738211631775	-1
23.547388315200806	-1
23.547396659851074	-1
23.54751944541931	-1
23.556689262390137	-1
23.556811094284058	-1
23.563225269317627	-1
23.59039807319641	-1
23.59067440032959	-1
23.602277040481567	-1
23.602319478988647	-1
23.602330446243286	-1
23.602347135543823	-1
23.611995935440063	-1
23.652841329574585	-1
23.6528742313385	-1
23.6528902053833	-1
23.653090238571167	-1
23.66632914543152	-1
23.66634202003479	-1
23.666438579559326	-1
24.05865454673767	-1
24.058685064315796	-1
24.06066107749939	-1
24.060765266418457	-1
24.06333327293396	-1
24.06581473350525	-1
24.072072505950928	-1
24.072082996368408	-1
24.106260061264038	-1
24.10831332206726	-1
24.120651721954346	-1
24.12066340446472	-1
24.178727626800537	-1
24.17902970314026	-1
24.180203437805176	-1
24.192421197891235	-1
24.19243335723877	-1
24.197608947753906	-1
24.22797703742981	-1
24.229100227355957	-1
24.76695990562439	-1
24.791304111480713	-1
24.791316032409668	-1
24.791332721710205	-1
24.791338205337524	-1
24.792086362838745	-1
24.88249635696411	-1
24.88255763053894	-1
24.88257598876953	-1
24.885511875152588	-1
24.896031379699707	-1
24.899542093276978	-1
24.938469886779785	-1
24.942956686019897	-1
24.95158362388611	-1
24.954072952270508	-1
24.978383779525757	-1
25.08918571472168	-1
25.09040379524231	-1
25.100970029830933	-1
25.134345054626465	-1
25.344072103500366	-1
25.36162757873535	-1
25.361659288406372	-1
25.36168599128723	-1
25.368893146514893	-1
25.59517192840576	-1
25.595208644866943	-1
25.595219135284424	-1
25.595457315444946	-1
25.60074234008789	-1
25.605811595916748	-1
25.608285903930664	-1
25.627068281173706	-1
25.6271014213562	-1
25.62809658050537	-1
25.97455883026123	-1
25.974595546722412	-1
25.974605798721313	-1
25.974611282348633	-1
25.974618196487427	-1
25.976734399795532	-1
25.986315488815308	-1
25.986337661743164	-1
25.98892378807068	-1
25.992027044296265	-1
26.062289714813232	-1
26.06373119354248	-1
26.07284903526306	-1
26.07623267173767	-1
26.084556579589844	-1
26.091007709503174	-1
26.097718238830566	-1
26.097733974456787	-1
26.31187629699707	-1
26.311910390853882	-1
26.31192135810852	-1
26.312383890151978	-1
26.32267451286316	-1
26.32268524169922	-1
26.34549880027771	-1
26.349167585372925	-1
26.35498023033142	-1
26.414707899093628	-1
26.499751091003418	-1
26.49978256225586	-1
26.49979281425476	-1
26.56047010421753	-1
26.560643672943115	-1
26.578580856323242	-1
26.581350564956665	-1
26.592856407165527	-1
26.592864513397217	-1
26.61698603630066	-1
26.649312496185303	-1
26.649471521377563	-1
26.661708116531372	-1
26.664273262023926	-1
26.69595456123352	-1
26.695985794067383	-1
26.70685601234436	-1
26.797542095184326	-1
26.797576189041138	-1
26.798657178878784	-1
26.808761835098267	-1
26.80996584892273	-1
26.809970140457153	-1
26.83849334716797	-1
26.848050594329834	-1
26.86092972755432	-1
26.860947132110596	-1
26.8727023601532	-1
26.872719526290894	-1
26.875319957733154	-1
26.881476163864136	-1
26.91965889930725	-1
26.919674158096313	-1
26.925682306289673	-1
26.936471939086914	-1
26.94850444793701	-1
27.193456172943115	-1
27.19377112388611	-1
27.194884300231934	-1
27.195157289505005	-1
27.204785585403442	-1
27.240174293518066	-1
27.252619981765747	-1
27.282161474227905	-1
27.282774925231934	-1
27.29282832145691	-1
27.33653497695923	-1
27.351457118988037	-1
27.352287769317627	-1
27.361883640289307	-1
27.361899852752686	-1
27.391186714172363	-1
27.39148235321045	-1
27.398499727249146	-1
27.398523807525635	-1
27.406521797180176	-1
27.41524314880371	-1
27.45592737197876	-1
27.456072330474854	-1
27.459889888763428	-1
27.464491605758667	-1
27.47442865371704	-1
27.48016881942749	-1
27.508962631225586	-1
27.51776909828186	-1
27.52585744857788	-1
27.534308910369873	-1
27.534443140029907	-1
27.566488027572632	-1
27.575945615768433	-1
27.586494207382202	-1
27.592984914779663	-1
27.612382650375366	-1
27.644539833068848	-1
27.644572973251343	-1
27.644675493240356	-1
27.64628005027771	-1
27.653199911117554	-1
27.65322709083557	-1
27.65433096885681	-1
27.701890230178833	-1
27.707058429718018	-1
27.707070112228394	-1
27.719841718673706	-1
27.71994161605835	-1
27.816299438476562	-1
27.816337823867798	-1
27.81634831428528	-1
27.81635308265686	-1
27.816364526748657	-1
27.816737413406372	-1
27.878976106643677	-1
27.87899112701416	-1
27.879003763198853	-1
27.879019737243652	-1
27.879101514816284	-1
27.884777545928955	-1
28.015539407730103	-1
28.019397497177124	-1
28.077908515930176	-1
28.078023672103882	-1
28.07918882369995	-1
28.13196563720703	-1
28.138845682144165	-1
28.138854503631592	-1
28.13885998725891	-1
28.138869762420654	-1
28.13906192779541	-1
28.14879298210144	-1
28.148818492889404	-1
28.148837566375732	-1
28.148943185806274	-1
28.200137615203857	-1
28.20953679084778	-1
28.209546327590942	-1
28.416457653045654	-1
28.416487216949463	-1
28.416495323181152	-1
28.41650366783142	-1
28.416532278060913	-1
28.416590929031372	-1
28.417316913604736	-1
28.419123888015747	-1
28.419130563735962	-1
28.424468994140625	-1
28.439725875854492	-1
28.449774980545044	-1
28.453701734542847	-1
28.453728437423706	-1
28.45373558998108	-1
28.453739166259766	-1
28.453996896743774	-1
28.51448082923889	-1
28.514489889144897	-1
28.51449751853943	-1
28.51450514793396	-1
28.51463556289673	-1
28.519168853759766	-1
28.52638268470764	-1
28.72154474258423	-1
28.721574306488037	-1
28.721580266952515	-1
28.721582651138306	-1
28.72158455848694	-1
28.721586227416992	-1
28.72161316871643	-1
28.72233748435974	-1
28.725019931793213	-1
28.725034952163696	-1
28.725046396255493	-1
28.72505259513855	-1
28.725218772888184	-1
28.72873330116272	-1
28.73256206512451	-1
28.734315633773804	-1
28.734319925308228	-1
28.764277458190918	-1
28.76428461074829	-1
28.764288425445557	-1
28.768895626068115	-1
28.774120330810547	-1
28.82475471496582	-1
28.82478666305542	-1
28.82479429244995	-1
28.824877977371216	-1
28.837507486343384	-1
28.848345279693604	-1
28.879858255386353	-1
28.88900351524353	-1
28.889023303985596	-1
28.891209840774536	-1
28.896854400634766	-1
28.900763034820557	-1
28.902775287628174	-1
28.911723852157593	-1
28.93967580795288	-1
28.95197105407715	-1
28.95457887649536	-1
28.962268352508545	-1
28.96228528022766	-1
28.962430953979492	-1
28.996769905090332	-1
29.001002550125122	-1
29.008482217788696	-1
29.008488416671753	-1
29.010530710220337	-1
29.023069381713867	-1
29.0230872631073	-1
29.02308940887451	-1
29.164026260375977	-1
29.16405725479126	-1
29.16407036781311	-1
29.16407608985901	-1
29.164081811904907	-1
29.164212942123413	-1
29.16481900215149	-1
29.164842128753662	-1
29.165983200073242	-1
29.227834463119507	-1
29.22784161567688	-1
29.232069969177246	-1
29.232096672058105	-1
29.23211145401001	-1
29.232203006744385	-1
29.24458909034729	-1
29.282747983932495	-1
29.291855096817017	-1
29.291863918304443	-1
29.29309391975403	-1
29.347371578216553	-1
29.347378969192505	-1
29.347492218017578	-1
29.354040384292603	-1
29.354049682617188	-1
29.360955953598022	-1
29.40667462348938	-1
29.413023710250854	-1
29.417985916137695	-1
29.41799235343933	-1
29.418090105056763	-1
29.43827986717224	-1
29.438393115997314	-1
29.462061405181885	-1
29.46982979774475	-1
29.47490167617798	-1
29.48034977912903	-1
29.523438692092896	-1
29.532383918762207	-1
29.53246235847473	-1
29.539830684661865	-1
29.539847135543823	-1
29.5584614276886	-1
29.578243732452393	-1
29.590665817260742	-1
29.59087038040161	-1
29.600877285003662	-1
29.600905179977417	-1
29.600913763046265	-1
29.600921154022217	-1
29.601085662841797	-1
29.612231492996216	-1
29.616596460342407	-1
29.63504409790039	-1
29.647493600845337	-1
29.659687757492065	-1
29.666765689849854	-1
29.677791595458984	-1
29.67780566215515	-1
29.677943229675293	-1
29.69377374649048	-1
29.707396984100342	-1
29.71288824081421	-1
29.71877908706665	-1
29.745402574539185	-1
29.755499124526978	-1
29.755603790283203	-1
29.769275903701782	-1
29.77443766593933	-1
29.774515628814697	-1
29.776598930358887	-1
29.795425176620483	-1
29.81114673614502	-1
29.82585382461548	-1
29.831467390060425	-1
29.837761640548706	-1
29.837843418121338	-1
29.858347177505493	-1
29.8610577583313	-1
29.861079454421997	-1
29.88739013671875	-1
29.895076036453247	-1
29.895176887512207	-1
29.8974609375	-1
29.91946005821228	-1
29.919484853744507	-1
29.919606685638428	-1
29.92085909843445	-1
29.928751468658447	-1
29.93814516067505	-1
29.947914361953735	-1
29.947937488555908	-1
29.955288410186768	-1
29.98143720626831	-1
29.98144555091858	-1
29.984564781188965	-1
29.984652757644653	-1
29.989962577819824	-1
30.006499528884888	-1
30.013011932373047	-1
30.05176329612732	-1
30.051798820495605	-1
30.051966667175293	-1
30.05382513999939	-1
30.053838968276978	-1
30.062016487121582	-1
30.067365407943726	-1
30.067387104034424	-1
30.075865983963013	-1
30.112605094909668	-1
30.112616300582886	-1
30.114768981933594	-1
30.12287664413452	-1
30.122965097427368	-1
30.12773561477661	-1
30.129360675811768	-1
30.13204836845398	-1
30.13589119911194	-1
30.14307141304016	-1
30.15242910385132	-1
30.16424012184143	-1
30.16425848007202	-1
30.173170804977417	-1
30.173211574554443	-1
30.17652726173401	-1
30.182374954223633	-1
30.182416200637817	-1
30.185688495635986	-1
30.185707569122314	-1
30.188642978668213	-1
30.190123558044434	-1
30.19465661048889	-1
30.196220636367798	-1
30.230273485183716	-1
30.23933219909668	-1
30.246876001358032	-1
30.249939441680908	-1
30.24997067451477	-1
30.257829666137695	-1
30.257957220077515	-1
30.25911021232605	-1
30.290354251861572	-1
30.298943042755127	-1
30.300307035446167	-1
30.300394296646118	-1
30.360908031463623	-1
30.360912799835205	-1
30.360915422439575	-1
30.365603923797607	-1
30.365612506866455	-1
30.365619897842407	-1
30.365633964538574	-1
30.370779752731323	-1
30.417226314544678	-1
30.41726040840149	-1
30.42282509803772	-1
30.42284321784973	-1
30.422852277755737	-1
30.4229953289032	-1
30.431286811828613	-1
30.431317567825317	-1
30.431326627731323	-1
30.431334257125854	-1
30.431642770767212	-1
30.43281579017639	-1
30.44471549987793	-1
30.48397946357727	-1
30.48404574394226	-1
30.484243869781494	-1
30.48433756828308	-1
30.496000051498413	-1
30.496023654937744	-1
30.496032238006592	-1
30.496075868606567	-1
30.54035258293152	-1
30.5438871383667	-1
30.54391121864319	-1
30.54405379295349	-1
30.562355279922485	-1
30.562382221221924	-1
30.562402963638306	-1
30.56242036819458	-1
30.56245255470276	-1
30.56256937980652	-1
30.598373889923096	-1
30.604326248168945	-1
30.6043381690979	-1
30.604342699050903	-1
30.60442304611206	-1
30.625560760498047	-1
30.62556552886963	-1
30.62557101249695	-1
30.63715624809265	-1
30.659712076187134	-1
30.659736394882202	-1
30.659889459609985	-1
30.66788077354431	-1
30.709768056869507	-1
30.72119951248169	-1
30.721214532852173	-1
30.72133231163025	-1
30.72510862350464	-1
30.725124835968018	-1
30.72513222694397	-1
30.732096672058105	-1
30.732125759124756	-1
30.732221603393555	-1
30.777183771133423	-1
30.78856134414673	-1
30.788586378097534	-1
30.788591384887695	-1
30.788596868515015	-1
30.788602113723755	-1
30.788606882095337	-1
30.788742542266846	-1
30.794115781784058	-1
30.79945182800293	-1
30.799516201019287	-1
30.828672885894775	-1
30.83571434020996	-1
30.84947109222412	-1
30.849485874176025	-1
30.849495887756348	-1
30.849711894989014	-1
30.856716632843018	-1
30.856743574142456	-1
30.865544319152832	-1
30.891178369522095	-1
30.892955780029297	-1
30.912172079086304	-1
30.912298917770386	-1
30.918761730194092	-1
30.9722261428833	-1
30.972239017486572	-1
30.972249507904053	-1
30.972259044647217	-1
30.972368001937866	-1
30.97280788421631	-1
30.974548816680908	-1
30.98069667816162	-1
30.980732440948486	-1
30.980806350708008	-1
31.023288249969482	-1
31.03209137916565	-1
31.03978705406189	-1
31.039793968200684	-1
31.03992009162903	-1
31.04360342025757	-1
31.043634176254272	-1
31.04364013671875	-1
31.0436532497406	-1
31.043658018112183	-1
31.050755739212036	-1
31.05076003074646	-1
31.051988124847412	-1
31.085243463516235	-1
31.092642784118652	-1
31.09267568588257	-1
31.09276533126831	-1
31.175915718078613	-1
31.175930738449097	-1
31.175936937332153	-1
31.175967931747437	-1
31.18454074859619	-1
31.1845805644989	-1
31.18458652496338	-1
31.18459463119507	-1
31.184608697891235	-1
31.184779167175293	-1
31.185012817382812	-1
31.18921160697937	-1
31.189224004745483	-1
31.189234018325806	-1
31.1892409324646	-1
31.196624517440796	-1
31.201303482055664	-1
31.245030403137207	-1
31.245186805725098	-1
32.774975299835205	-1
32.78335905075073	-1
32.79603886604309	-1
32.79605984687805	-1
32.8076548576355	-1
32.816734313964844	-1
32.81675338745117	-1
32.81677460670471	-1
32.81677794456482	-1
32.82293081283569	-1
32.86330223083496	-1
32.86331057548523	-1
32.86593198776245	-1
32.868510007858276	-1
33.584514141082764	-1
33.58453106880188	-1
33.58455038070679	-1
33.58456063270569	-1
33.58456540107727	-1
33.58459782600403	-1
33.58579182624817	-1
33.595054626464844	-1
33.60447430610657	-1
33.70849847793579	-1
33.70858192443848	-1
33.72053909301758	-1
33.72055625915527	-1
34.198025703430176	-1
34.1980402469635	-1
34.19808530807495	-1
34.199278831481934	-1
34.2100293636322	-1
34.22143006324768	-1
34.25657916069031	-1
34.2611768245697	-1
34.272727489471436	-1
34.36613750457764	-1
34.91576433181763	-1
34.9157931804657	-1
34.915799379348755	-1
34.91580367088318	-1
34.915807008743286	-1
34.91584777832031	-1
34.915891885757446	-1
34.928324460983276	-1
34.92833995819092	-1
34.96507120132446	-1
35.145713090896606	-1
35.54827165603638	-1
35.55231809616089	-1
35.55271124839783	-1
35.5646026134491	-1
35.567073822021484	-1
35.84210705757141	-1
35.84286308288574	-1
35.85217308998108	-1
36.04594969749451	-1
36.04699897766113	-1
36.04753828048706	-1
36.08417868614197	-1
36.08450269699097	-1
36.088701009750366	-1
36.09656262397766	-1
36.09657692909241	-1
36.12790775299072	-1
36.14517951011658	-1
36.251770973205566	-1
36.292479515075684	-1
36.36140298843384	-1
36.361446142196655	-1
36.3616988658905	-1
36.39377284049988	-1
36.420666456222534	-1
36.42534136772156	-1
36.42536497116089	-1
36.42541217803955	-1
36.43559765815735	-1
36.454198598861694	-1
36.455169916152954	-1
36.4607629776001	-1
36.4607720375061	-1
36.48243546485901	-1
36.505598306655884	-1
36.55532121658325	-1
36.59729313850403	-1
36.60843300819397	-1
36.66824126243591	-1
36.66825485229492	-1
36.668264627456665	-1
36.66832613945007	-1
36.67128777503967	-1
36.76956129074097	-1
36.769590854644775	-1
36.7695996761322	-1
36.769604444503784	-1
36.76976561546326	-1
36.7710177898407	-1
36.78103065490723	-1
36.781049489974976	-1
36.78740477561951	-1
36.79263424873352	-1
36.82397937774658	-1
36.82997250556946	-1
36.83001971244812	-1
36.83272671699524	-1
36.834633111953735	-1
36.88716459274292	-1
36.887206077575684	-1
36.887282609939575	-1
36.89326000213623	-1
36.89376401901245	-1
36.975104570388794	-1
36.97514581680298	-1
37.01600933074951	-1
37.02281594276428	-1
37.02289319038391	-1
37.03023862838745	-1
37.0323920249939	-1
37.03331232070923	-1
37.039546966552734	-1
37.07784962654114	-1
37.08165001869202	-1
37.09134769439697	-1
37.09442687034607	-1
37.09450960159302	-1
37.131041049957275	-1
37.14320755004883	-1
37.143226146698	-1
37.147831439971924	-1
37.15589261054993	-1
37.18847393989563	-1
37.188570976257324	-1
37.20092582702637	-1
37.20100164413452	-1
37.20363140106201	-1
37.21362233161926	-1
37.21364426612854	-1
37.277384757995605	-1
37.28269600868225	-1
37.28271746635437	-1
37.28273129463196	-1
37.282737255096436	-1
37.28274846076965	-1
37.282838106155396	-1
37.34232544898987	-1
37.34771466255188	-1
37.347758769989014	-1
37.34779953956604	-1
37.34790372848511	-1
37.351383447647095	-1
37.357564210891724	-1
37.39183211326599	-1
37.399375200271606	-1
37.41645121574402	-1
37.41647505760193	-1
37.416489601135254	-1
37.41650199890137	-1
37.41670370101929	-1
37.452167987823486	-1
37.45843291282654	-1
37.472551107406616	-1
37.48446440696716	-1
37.48447346687317	-1
37.48448085784912	-1
37.48463702201843	-1
37.49698090553284	-1
37.51250910758972	-1
37.54039525985718	-1
37.55185532569885	-1
37.5664918422699	-1
37.566500186920166	-1
37.568617820739746	-1
37.56864643096924	-1
37.568702697753906	-1
37.577385902404785	-1
37.613231897354126	-1
37.62342715263367	-1
37.62954616546631	-1
37.62955927848816	-1
37.63372540473938	-1
37.633965730667114	-1
37.63646054267883	-1
37.63647150993347	-1
37.64311075210571	-1
37.643184661865234	-1
37.66926383972168	-1
37.669469118118286	-1
37.684300661087036	-1
37.68890404701233	-1
37.69724369049072	-1
37.69727683067322	-1
37.69728684425354	-1
37.69744563102722	-1
37.709038496017456	-1
37.727848052978516	-1
37.74181890487671	-1
37.74723958969116	-1
37.75753045082092	-1
37.7575409412384	-1
37.758628606796265	-1
37.76611280441284	-1
37.76612138748169	-1
37.768436431884766	-1
37.80480146408081	-1
37.80483102798462	-1
37.80492949485779	-1
37.80894231796265	-1
37.820353746414185	-1
37.824830770492554	-1
37.84160113334656	-1
37.891016483306885	-1
37.8910391330719	-1
37.89110779762268	-1
37.93612027168274	-1
38.19149470329285	-1
38.19281029701233	-1
38.2748167514801	-1
38.276331186294556	-1
38.601884603500366	-1
38.601895570755005	-1
38.605958700180054	-1
38.616392850875854	-1
38.625733613967896	-1
38.634819746017456	-1
38.690988063812256	-1
38.70216107368469	-1
38.716617584228516	-1
38.72894287109375	-1
38.746026277542114	-1
38.83550453186035	-1
38.83575201034546	-1
38.84653830528259	-1
38.846556186676025	-1
38.95349383354187	-1
38.957436084747314	-1
38.961020708084106	-1
39.008336782455444	-1
39.04720091819763	-1
39.04721760749817	-1
39.056365966796875	-1
39.1039662361145	-1
39.29826593399048	-1
39.30381679534912	-1
39.30692529678345	-1
39.306944370269775	-1
39.30695295333862	-1
39.316160678863525	-1
39.316176414489746	-1
39.32325267791748	-1
39.41591954231262	-1
39.41594672203064	-1
39.41595816612244	-1
39.416285276412964	-1
39.425570011138916	-1
39.47490954399109	-1
39.47494149208069	-1
39.47494602203369	-1
39.47703003883362	-1
39.48677968978882	-1
39.51497507095337	-1
39.515154123306274	-1
39.58065056800842	-1
39.581640005111694	-1
39.595667123794556	-1
39.59584283828735	-1
39.81234645843506	-1
39.81236529350281	-1
39.81237030029297	-1
39.81237816810608	-1
39.81621766090393	-1
39.84363794326782	-1
39.85123682022095	-1
39.851245403289795	-1
39.85134792327881	-1
39.86053729057312	-1
39.87557411193848	-1
39.893059968948364	-1
39.89306449890137	-1
39.89306831359863	-1
40.138190507888794	-1
40.13822674751282	-1
40.13823199272156	-1
40.13850736618042	-1
40.14850640296936	-1
40.14852595329285	-1
40.153419971466064	-1
40.16099452972412	-1
40.18367290496826	-1
40.18419432640076	-1
40.197221994400024	-1
40.32982325553894	-1
40.32985067367554	-1
40.3298556804657	-1
40.32986545562744	-1
40.3300666809082	-1
40.331034660339355	-1
40.33104753494263	-1
40.332719564437866	-1
40.344868421554565	-1
40.38981318473816	-1
40.392730474472046	-1
40.40501832962036	-1
40.75264549255371	-1
40.752660274505615	-1
40.75268220901489	-1
40.75269412994385	-1
40.75376915931702	-1
40.76403093338013	-1
40.802250146865845	-1
40.80347156524658	-1
40.8734564781189	-1
40.93345046043396	-1
40.93348717689514	-1
40.93564534187317	-1
40.94479322433472	-1
40.954931020736694	-1
40.95506405830383	-1
40.967793226242065	-1
40.967804193496704	-1
40.99497056007385	-1
40.99664831161499	-1
41.0080771446228	-1
41.021528244018555	-1
41.26400279998779	-1
41.264026165008545	-1
41.2660756111145	-1
41.27671456336975	-1
41.4705445766449	-1
41.47057509422302	-1
41.47278380393982	-1
41.484355449676514	-1
41.48436212539673	-1
41.55900454521179	-1
41.65009522438049	-1
41.650455951690674	-1
41.66030955314636	-1
41.660322427749634	-1
41.66292977333069	-1
41.66293668746948	-1
41.667675256729126	-1
41.71214985847473	-1
41.71256375312805	-1
41.724220752716064	-1
41.74622917175293	-1
41.85853290557861	-1
41.862173318862915	-1
41.91669726371765	-1
41.964097023010254	-1
41.965009689331055	-1
41.98280096054077	-1
41.9830801486969	-1
41.99258852005005	-1
42.057589292526245	-1
42.089940786361694	-1
42.09011435508728	-1
42.09634852409363	-1
42.09636068344116	-1
42.28750944137573	-1
42.287874698638916	-1
42.29924154281616	-1
42.308436155319214	-1
42.30845499038696	-1
42.311044216156006	-1
42.311057329177856	-1
42.3154034614563	-1
42.492671966552734	-1
42.50272059440613	-1
42.503713607788086	-1
42.69751310348511	-1
42.69990611076355	-1
42.70021295547485	-1
42.902488708496094	-1
42.903101205825806	-1
42.91506767272949	-1
42.91508769989014	-1
43.10703730583191	-1
43.180264949798584	-1
43.1814239025116	-1
43.21506857872009	-1
43.284353733062744	-1
43.37567090988159	-1
43.37802457809448	-1
43.38847327232361	-1
43.61908149719238	-1
43.62012243270874	-1
43.637532472610474	-1
43.63829183578491	-1
43.92703318595886	-1
43.927064418792725	-1
43.927072286605835	-1
43.99904990196228	-1
43.999136209487915	-1
44.10528516769409	-1
44.108099937438965	-1
44.12055969238281	-1
44.12056827545166	-1
44.181175231933594	-1
44.183191537857056	-1
44.85335063934326	-1
44.856889486312866	-1
44.85766077041626	-1
44.86824893951416	-1
44.86825609207153	-1
44.931716203689575	-1
44.932360887527466	-1
44.94497084617615	-1
44.9449782371521	-1
45.36433529853821	-1
45.415488719940186	-1
45.421149492263794	-1
45.43947768211365	-1
45.43967413902283	-1
45.499070167541504	-1
45.49934983253479	-1
45.76986813545227	-1
45.77326703071594	-1
45.77908205986023	-1
46.69275784492493	-1
46.84353232383728	-1
46.8448212146759	-1
47.716283082962036	-1
47.71631193161011	-1
47.71631860733032	-1
47.804569244384766	-1
47.807302951812744	-1
47.816426277160645	-1
48.30118417739868	-1
48.5357141494751	-1
48.53572392463684	-1
48.53574228286743	-1
48.535749673843384	-1
48.53741717338562	-1
48.548691272735596	-1
48.58992147445679	-1
48.59024739265442	-1
49.45656895637512	-1
49.5885226726532	-1
49.59261918067932	-1
50.480743646621704	-1
50.48188805580139	-1
52.35486817359924	-1
52.35590696334839	-1
52.631553411483765	-1
52.63318920135498	-1
52.64442729949951	-1
53.34921336174011	-1
53.34924817085266	-1
53.35077261924744	-1
53.553210496902466	-1
54.07005596160889	-1
54.07008409500122	-1
54.0700900554657	-1
54.07926797866821	-1
54.07929277420044	-1
54.13656210899353	-1
54.18568396568298	-1
54.197821855545044	-1
54.19796562194824	-1
54.248398303985596	-1
54.248409032821655	-1
54.24848484992981	-1
54.25701332092285	-1
54.30247354507446	-1
54.3068745136261	-1
54.37375593185425	-1
54.442182779312134	-1
54.44222903251648	-1
54.455278635025024	-1
54.45546245574951	-1
54.489991426467896	-1
54.500996828079224	-1
54.50410437583923	-1
57.64979434013367	-1
59.31596350669861	-1
60.21017599105835	-1
60.211336612701416	-1
61.029635190963745	-1
61.08671188354492	-1
61.1319694519043	-1
61.133644342422485	-1
61.14412069320679	-1
61.146806478500366	-1
61.85898160934448	-1
61.85929322242737	-1
62.05364274978638	-1
62.56575965881348	-1
63.794488191604614	-1
65.33557653427124	-1
72.29616832733154	-1
72.44856095314026	-1
72.47567224502563	-1
77.00587224960327	-1
78.54208374023438	-1
80.38547897338867	-1
83.7920138835907	-1
83.97176790237427	-1
89.42063689231873	-1
92.6810257434845	-1
93.1871178150177	-1
95.31582713127136	-1
95.54248642921448	-1
96.05467581748962	-1
96.25948548316956	-1
96.31594777107239	-1
96.32825827598572	-1
96.32826590538025	-1
96.82045602798462	-1
96.8644585609436	-1
97.28353977203369	-1
98.31618928909302	-1
98.4178352355957	-1
98.87266492843628	-1
98.94422197341919	-1
99.3163411617279	-1
99.55017590522766	-1
99.55470299720764	-1
99.55478358268738	-1
100.15120816230774	-1
100.31649017333984	-1
100.35470604896545	-1
101.07306861877441	-1
101.2777578830719	-1
101.31662583351135	-1
101.89140367507935	-1
102.31680107116699	-1
103.0187475681305	-1
104.31702470779419	-1
104.36078095436096	-1
105.06700396537781	-1
105.06710696220398	-1
105.2718563079834	-1
105.31713891029358	-1
105.47660422325134	-1
105.89064955711365	-1
105.99789500236511	-1
108.31741380691528	-1
108.36903858184814	-1
