0.0	-1
2.116615056991577	-1
2.969717502593994	-1
3.701589584350586	-1
3.7018885612487793	-1
4.198746919631958	-1
4.199113368988037	-1
4.813905954360962	-1
7.666320085525513	-1
8.295704364776611	-1
11.479073286056519	-1
11.95978307723999	-1
11.96207857131958	-1
12.698943138122559	-1
12.699235677719116	-1
13.313599109649658	-1
13.380290985107422	-1
13.380533933639526	-1
13.95988416671753	-1
13.96479845046997	-1
13.973859786987305	-1
14.541353225708008	-1
14.541677713394165	-1
14.635473012924194	-1
14.636561632156372	-1
14.900136947631836	-1
15.260184288024902	-1
15.2604501247406	-1
16.08488130569458	-1
16.79584312438965	-1
16.795870065689087	-1
16.827089071273804	-1
16.828925848007202	-1
16.836759328842163	-1
17.51213550567627	-1
17.58709192276001	-1
17.587340593338013	-1
18.152979612350464	-1
18.156816959381104	-1
18.15828275680542	-1
18.17062020301819	-1
18.843576669692993	-1
18.922250986099243	-1
18.924732446670532	-1
20.17936873435974	-1
20.551522254943848	-1
20.552621364593506	-1
22.530725717544556	-1
22.53075361251831	-1
22.592950582504272	-1
22.59443736076355	-1
22.60682487487793	-1
23.357133150100708	-1
23.357145309448242	-1
23.35716414451599	-1
23.357171058654785	-1
23.357174158096313	-1
23.357178926467896	-1
23.357470750808716	-1
23.405312538146973	-1
23.415056467056274	-1
23.48595690727234	-1
23.486000537872314	-1
23.48615789413452	-1
23.487356901168823	-1
23.56188201904297	-1
23.561888694763184	-1
23.561898708343506	-1
23.608895301818848	-1
23.611547470092773	-1
23.611652374267578	-1
23.623049020767212	-1
23.749295711517334	-1
23.749327182769775	-1
23.749338388442993	-1
23.749343395233154	-1
23.749425172805786	-1
23.808105945587158	-1
23.80811905860901	-1
23.80812382698059	-1
23.809213876724243	-1
23.873960971832275	-1
23.874001502990723	-1
23.874011278152466	-1
23.874088048934937	-1
23.88006830215454	-1
23.886303663253784	-1
25.602754592895508	-1
25.60623049736023	-1
25.607450485229492	-1
25.618775606155396	-1
25.62120509147644	-1
25.95924973487854	-1
26.21740746498108	-1
26.217432975769043	-1
26.22096276283264	-1
26.36311435699463	-1
26.47680687904358	-1
26.514289379119873	-1
26.514320850372314	-1
26.514415502548218	-1
26.518048524856567	-1
26.53583860397339	-1
26.545432806015015	-1
26.546776294708252	-1
26.73674201965332	-1
26.736896991729736	-1
26.740696907043457	-1
26.799634218215942	-1
27.036410093307495	-1
27.03672504425049	-1
27.046781301498413	-1
27.102160692214966	-1
27.206172704696655	-1
27.2064950466156	-1
27.21882462501526	-1
27.55086398124695	-1
27.599681854248047	-1
27.753724813461304	-1
27.75481867790222	-1
27.814393043518066	-1
27.81462049484253	-1
27.814650535583496	-1
27.81933093070984	-1
27.838606357574463	-1
27.908339738845825	-1
27.90933132171631	-1
27.91905164718628	-1
27.919062614440918	-1
27.970816612243652	-1
27.971712827682495	-1
27.98320770263672	-1
27.9832181930542	-1
28.367917776107788	-1
28.367934703826904	-1
28.41729235649109	-1
28.417489528656006	-1
28.41845941543579	-1
28.42653179168701	-1
28.426573276519775	-1
28.444168090820312	-1
28.4742910861969	-1
28.482830286026	-1
28.482855796813965	-1
28.48302173614502	-1
28.505029678344727	-1
28.505155563354492	-1
28.621055126190186	-1
28.621092081069946	-1
28.621315240859985	-1
28.630342721939087	-1
28.639670372009277	-1
28.651272296905518	-1
28.67478370666504	-1
28.680207014083862	-1
28.68023371696472	-1
28.68024969100952	-1
28.68700098991394	-1
28.69015860557556	-1
28.734949588775635	-1
28.742945432662964	-1
28.751607179641724	-1
28.751637935638428	-1
28.751644372940063	-1
28.79213571548462	-1
28.797175884246826	-1
28.798889636993408	-1
28.805166006088257	-1
28.813613653182983	-1
28.819733381271362	-1
28.820073127746582	-1
28.874869346618652	-1
28.87492275238037	-1
28.879066944122314	-1
28.9459011554718	-1
28.94593906402588	-1
28.946096420288086	-1
28.950702667236328	-1
28.95712184906006	-1
28.957145929336548	-1
29.005885362625122	-1
29.0103178024292	-1
29.010338306427002	-1
29.01046848297119	-1
29.01753282546997	-1
29.01754379272461	-1
29.019721031188965	-1
29.064908027648926	-1
29.064921140670776	-1
29.071284294128418	-1
29.07154083251953	-1
29.08298134803772	-1
29.186751127243042	-1
29.392478704452515	-1
29.392507791519165	-1
29.392515420913696	-1
29.9046413898468	-1
29.904672622680664	-1
29.90468144416809	-1
29.91870093345642	-1
29.92800521850586	-1
29.955700635910034	-1
29.95697522163391	-1
29.96686601638794	-1
29.96860361099243	-1
30.314117193222046	-1
30.315260887145996	-1
30.327214002609253	-1
30.40732455253601	-1
30.436031341552734	-1
30.436201810836792	-1
30.474597692489624	-1
30.4965341091156	-1
30.49656367301941	-1
30.523749351501465	-1
30.52979302406311	-1
30.5381863117218	-1
30.538188457489014	-1
30.54926824569702	-1
30.774159908294678	-1
31.014060020446777	-1
31.019529342651367	-1
31.036916732788086	-1
31.03713846206665	-1
31.13484215736389	-1
31.134875297546387	-1
31.142096042633057	-1
31.14212441444397	-1
31.142132997512817	-1
31.147029399871826	-1
31.14879012107849	-1
31.153100967407227	-1
31.155174493789673	-1
31.162847757339478	-1
31.448265314102173	-1
31.44944667816162	-1
31.851673126220703	-1
31.851701259613037	-1
31.853461503982544	-1
31.853472471237183	-1
31.853503227233887	-1
31.853508234024048	-1
31.85351276397705	-1
31.85364603996277	-1
31.854732036590576	-1
31.859879732131958	-1
31.862844467163086	-1
31.86286234855652	-1
31.86286950111389	-1
31.863510370254517	-1
31.865896224975586	-1
31.874835968017578	-1
31.881406784057617	-1
31.88475799560547	-1
31.896543264389038	-1
31.899035215377808	-1
31.899041891098022	-1
31.899104118347168	-1
31.90226173400879	-1
31.90227198600769	-1
31.902278900146484	-1
31.902283668518066	-1
31.910736083984375	-1
31.910752534866333	-1
31.99443221092224	-1
31.99449896812439	-1
31.994505167007446	-1
31.996275186538696	-1
31.99673581123352	-1
31.999017238616943	-1
32.010276317596436	-1
32.038511753082275	-1
32.05090928077698	-1
32.568182706832886	-1
32.58250141143799	-1
32.58311605453491	-1
32.59513783454895	-1
32.87370491027832	-1
32.91435170173645	-1
32.926905393600464	-1
32.926923990249634	-1
33.146467208862305	-1
33.148953914642334	-1
33.21042990684509	-1
33.48808693885803	-1
33.49220848083496	-1
33.52134585380554	-1
33.521376848220825	-1
33.52138710021973	-1
33.52139091491699	-1
33.52921438217163	-1
33.58553647994995	-1
33.58554649353027	-1
33.58555865287781	-1
33.59840965270996	-1
33.59843444824219	-1
33.59853744506836	-1
33.65350389480591	-1
33.65353226661682	-1
33.65354061126709	-1
33.663957595825195	-1
33.663978099823	-1
33.66398572921753	-1
33.66411375999451	-1
33.66671299934387	-1
33.6667423248291	-1
33.676987648010254	-1
33.72037935256958	-1
33.72039771080017	-1
33.72040867805481	-1
33.745649576187134	-1
33.74565768241882	-1
33.74566125869751	-1
33.745705127716064	-1
33.74578070640564	-1
33.77669715881348	-1
33.77936625480652	-1
33.784027338027954	-1
33.873432636260986	-1
33.88296699523926	-1
33.89514708518982	-1
33.918214321136475	-1
33.92858266830444	-1
33.93904900550842	-1
33.939064741134644	-1
34.0167019367218	-1
34.016727924346924	-1
34.016836404800415	-1
34.221306800842285	-1
34.22133469581604	-1
34.22135353088379	-1
34.22136688232422	-1
34.221407413482666	-1
34.2216272354126	-1
34.22189450263977	-1
34.22191119194031	-1
34.224114656448364	-1
34.22412443161011	-1
34.227245569229126	-1
34.227333784103394	-1
34.22733950614929	-1
34.22734785079956	-1
34.227357387542725	-1
34.22736573219299	-1
34.2347412109375	-1
34.234755992889404	-1
34.255985260009766	-1
34.258689880371094	-1
34.25886535644531	-1
34.27682614326477	-1
34.280500173568726	-1
34.524617195129395	-1
34.59180045127869	-1
34.59192228317261	-1
34.936927795410156	-1
34.93800354003906	-1
34.93994140625	-1
35.1356201171875	-1
35.135650873184204	-1
35.13785195350647	-1
35.14691162109375	-1
35.146931886672974	-1
35.148850440979004	-1
35.15124154090881	-1
35.334370851516724	-1
35.37215614318848	-1
35.37338876724243	-1
35.38548302650452	-1
35.58129930496216	-1
35.65126705169678	-1
35.65523338317871	-1
35.656147718429565	-1
35.84782433509827	-1
35.85333752632141	-1
35.85335302352905	-1
35.85373592376709	-1
35.86320877075195	-1
35.86573243141174	-1
35.89241099357605	-1
35.89427661895752	-1
35.906877279281616	-1
35.910497426986694	-1
35.91695475578308	-1
35.92650055885315	-1
35.96516466140747	-1
35.97738814353943	-1
36.253966331481934	-1
36.255587339401245	-1
36.26701283454895	-1
36.370890855789185	-1
36.46475338935852	-1
36.50210785865784	-1
36.50387907028198	-1
36.514238119125366	-1
36.51491975784302	-1
36.526883602142334	-1
36.55379581451416	-1
36.555352449417114	-1
36.56696176528931	-1
36.76521062850952	-1
36.767133474349976	-1
36.77841567993164	-1
36.7784309387207	-1
36.818475008010864	-1
36.81880283355713	-1
36.829302072525024	-1
36.830832958221436	-1
36.84219980239868	-1
37.079293966293335	-1
37.0797598361969	-1
37.08302545547485	-1
37.091395139694214	-1
37.38652181625366	-1
37.39049792289734	-1
37.390549421310425	-1
37.390564918518066	-1
37.39059829711914	-1
37.39869427680969	-1
37.39871311187744	-1
37.41386127471924	-1
37.414207458496094	-1
37.44364285469055	-1
37.473464012145996	-1
37.47374606132507	-1
37.49215245246887	-1
37.52281212806702	-1
37.524622678756714	-1
37.53484916687012	-1
37.577641248703	-1
37.89185404777527	-1
37.97917103767395	-1
37.99081540107727	-1
37.99204659461975	-1
38.053009271621704	-1
38.053377866744995	-1
38.08793020248413	-1
38.30527710914612	-1
38.30561637878418	-1
38.315199851989746	-1
38.31532573699951	-1
38.415419816970825	-1
38.415424823760986	-1
38.432843923568726	-1
38.46015453338623	-1
38.46952843666077	-1
38.4704532623291	-1
38.48226594924927	-1
38.4885139465332	-1
38.488526821136475	-1
38.49521231651306	-1
38.497584104537964	-1
38.49987030029297	-1
38.534159421920776	-1
38.60823154449463	-1
38.612595319747925	-1
38.614723205566406	-1
38.614728927612305	-1
38.61796259880066	-1
38.621012449264526	-1
38.659926891326904	-1
38.66588735580444	-1
38.66589617729187	-1
38.66594743728638	-1
38.671594858169556	-1
38.675225257873535	-1
38.67535448074341	-1
38.72566604614258	-1
38.72569298744202	-1
38.72749710083008	-1
38.72751045227051	-1
38.72751498222351	-1
38.72762417793274	-1
38.79665184020996	-1
39.02132225036621	-1
39.02135252952576	-1
39.02136182785034	-1
39.0213680267334	-1
39.02137565612793	-1
39.021382570266724	-1
39.02167892456055	-1
39.02715253829956	-1
39.030484437942505	-1
39.03531551361084	-1
39.03534722328186	-1
39.039891719818115	-1
39.03990697860718	-1
39.052549839019775	-1
39.052664279937744	-1
39.06510138511658	-1
39.088892221450806	-1
39.088906049728394	-1
39.08904027938843	-1
39.09723711013794	-1
39.09724545478821	-1
39.136552572250366	-1
39.21937441825867	-1
39.219401836395264	-1
39.21941089630127	-1
39.21941518783569	-1
39.21943283081055	-1
39.21953248977661	-1
39.22032642364502	-1
39.22468852996826	-1
39.279353618621826	-1
39.27945923805237	-1
39.28295063972473	-1
39.282965898513794	-1
39.28714728355408	-1
39.28715515136719	-1
39.29194092750549	-1
39.331156730651855	-1
39.33863639831543	-1
39.33873105049133	-1
39.34571957588196	-1
39.34572887420654	-1
39.345738887786865	-1
39.35021114349365	-1
39.35024690628052	-1
39.38918471336365	-1
39.40409731864929	-1
39.41502785682678	-1
39.41505980491638	-1
39.41506838798523	-1
39.41508364677429	-1
39.415141582489014	-1
39.415762186050415	-1
39.42711544036865	-1
39.52217626571655	-1
39.522191524505615	-1
39.52772378921509	-1
39.52776622772217	-1
39.52777290344238	-1
39.52777600288391	-1
39.52778100967407	-1
39.53869366645813	-1
39.58522152900696	-1
39.585233211517334	-1
39.58523964881897	-1
39.585245847702026	-1
39.58539652824402	-1
39.588568687438965	-1
39.59199786186218	-1
39.593393325805664	-1
39.59580993652344	-1
39.651551961898804	-1
39.65155911445618	-1
39.65156531333923	-1
39.6517698764801	-1
39.6581609249115	-1
39.65818548202515	-1
39.658201694488525	-1
39.658212423324585	-1
39.664631366729736	-1
39.706894636154175	-1
39.72142291069031	-1
39.72143626213074	-1
39.721447706222534	-1
39.72146487236023	-1
39.72165822982788	-1
39.72239422798157	-1
39.73788285255432	-1
39.74222135543823	-1
39.74664306640625	-1
39.746654748916626	-1
39.78051543235779	-1
39.781527519226074	-1
39.78671336174011	-1
39.78673505783081	-1
39.78674292564392	-1
39.78675055503845	-1
39.7902295589447	-1
39.805556774139404	-1
39.82257390022278	-1
39.82674264907837	-1
39.83000135421753	-1
39.84779071807861	-1
39.84780812263489	-1
39.84781289100647	-1
39.84781742095947	-1
39.8478217124939	-1
39.8478262424469	-1
39.847891330718994	-1
39.84902596473694	-1
39.84905505180359	-1
39.85489463806152	-1
39.866692304611206	-1
39.87637948989868	-1
39.88642859458923	-1
39.88959980010986	-1
39.88963484764099	-1
39.89106631278992	-1
39.898903131484985	-1
39.90974235534668	-1
39.90977072715759	-1
39.90977621078491	-1
39.90978455543518	-1
39.91349744796753	-1
39.917954206466675	-1
39.92262029647827	-1
39.945595026016235	-1
39.94848299026489	-1
39.95912551879883	-1
39.96800208091736	-1
39.96803021430969	-1
39.968048334121704	-1
39.968106508255005	-1
39.97609233856201	-1
39.97845530509949	-1
39.98373818397522	-1
39.98956036567688	-1
40.00539517402649	-1
40.01467037200928	-1
40.014822006225586	-1
40.03615927696228	-1
40.053924560546875	-1
40.053934812545776	-1
40.05393838882446	-1
40.05394673347473	-1
40.05395483970642	-1
40.05477333068848	-1
40.06059145927429	-1
40.06072282791138	-1
40.067633390426636	-1
40.07078742980957	-1
40.095852851867676	-1
40.10874700546265	-1
40.108771085739136	-1
40.11587357521057	-1
40.115896463394165	-1
40.11590504646301	-1
40.11591196060181	-1
40.11610293388367	-1
40.12392330169678	-1
40.135212659835815	-1
40.135225772857666	-1
40.16711759567261	-1
40.16713333129883	-1
40.17292523384094	-1
40.17293453216553	-1
40.1729416847229	-1
40.17313194274902	-1
40.180346965789795	-1
40.18035674095154	-1
40.18263506889343	-1
40.193737268447876	-1
40.19376564025879	-1
40.21225881576538	-1
40.21228504180908	-1
40.23693084716797	-1
40.23697257041931	-1
40.2369818687439	-1
40.23709225654602	-1
40.242473125457764	-1
40.25468468666077	-1
40.254701375961304	-1
40.25470519065857	-1
40.263428688049316	-1
40.26354265213013	-1
40.27542686462402	-1
40.296058654785156	-1
40.29606747627258	-1
40.29607534408569	-1
40.296154737472534	-1
40.305214643478394	-1
40.30522918701172	-1
40.31144165992737	-1
40.3393075466156	-1
40.339415073394775	-1
40.35884118080139	-1
40.35908532142639	-1
40.39335799217224	-1
40.393383502960205	-1
40.393388509750366	-1
40.393396615982056	-1
40.39385652542114	-1
40.402931928634644	-1
40.403433322906494	-1
40.40344572067261	-1
40.40345501899719	-1
40.40558052062988	-1
40.441510915756226	-1
40.44165515899658	-1
40.463008403778076	-1
40.46305251121521	-1
40.46312165260315	-1
40.46313118934631	-1
40.46313524246216	-1
40.47510027885437	-1
40.47512412071228	-1
40.47514486312866	-1
40.478169202804565	-1
40.478271484375	-1
40.494839906692505	-1
40.495200872421265	-1
40.50637722015381	-1
40.50648593902588	-1
40.506489753723145	-1
40.5175883769989	-1
40.52333450317383	-1
40.52337121963501	-1
40.540061950683594	-1
40.54008746147156	-1
40.540096282958984	-1
40.5401246547699	-1
40.540198802948	-1
40.55085110664368	-1
40.55852246284485	-1
40.574509143829346	-1
40.57982397079468	-1
40.580374240875244	-1
40.58594870567322	-1
40.66372728347778	-1
40.6637396812439	-1
40.6637499332428	-1
40.663766384124756	-1
40.663824796676636	-1
40.66436839103699	-1
40.6716947555542	-1
40.67171573638916	-1
40.6717209815979	-1
40.67172622680664	-1
40.67173171043396	-1
40.671738147735596	-1
40.67292046546936	-1
40.67294788360596	-1
40.675727128982544	-1
40.70146822929382	-1
40.707905292510986	-1
40.71465802192688	-1
40.71468901634216	-1
40.71485877037048	-1
40.721171617507935	-1
40.72118592262268	-1
40.76061201095581	-1
40.76690149307251	-1
40.772167921066284	-1
40.77219080924988	-1
40.77228260040283	-1
40.868956565856934	-1
40.8691201210022	-1
40.88913059234619	-1
40.889161109924316	-1
40.889172315597534	-1
40.89328169822693	-1
40.893296003341675	-1
40.95097374916077	-1
40.95101809501648	-1
40.95113968849182	-1
40.95524287223816	-1
40.955257415771484	-1
40.960752725601196	-1
40.96076822280884	-1
40.96077489852905	-1
40.9645574092865	-1
40.9670934677124	-1
40.96710801124573	-1
40.96898365020752	-1
40.978994607925415	-1
41.008734464645386	-1
41.008838176727295	-1
41.019418716430664	-1
41.02332592010498	-1
41.02333641052246	-1
41.023393869400024	-1
41.02339792251587	-1
41.02340579032898	-1
41.27493691444397	-1
41.27496814727783	-1
41.27497577667236	-1
41.27497982978821	-1
41.274994134902954	-1
41.2750768661499	-1
41.275230169296265	-1
41.276196002960205	-1
41.28039884567261	-1
41.280407428741455	-1
41.280415534973145	-1
41.280428647994995	-1
41.28147602081299	-1
41.28569960594177	-1
41.28570818901062	-1
41.28571176528931	-1
41.28571534156799	-1
41.28571891784668	-1
41.285728216171265	-1
41.294944763183594	-1
41.3004355430603	-1
41.300455808639526	-1
41.30047106742859	-1
41.30048394203186	-1
41.3016722202301	-1
41.30169367790222	-1
41.30366396903992	-1
41.30692458152771	-1
41.31250858306885	-1
41.36771273612976	-1
41.367722272872925	-1
41.367729902267456	-1
41.379714012145996	-1
41.37972283363342	-1
41.379730224609375	-1
41.37973189353943	-1
41.37984561920166	-1
41.38063359260559	-1
41.42543339729309	-1
41.42919707298279	-1
41.42920637130737	-1
41.42929649353027	-1
41.4402916431427	-1
41.44029664993286	-1
41.44030404090881	-1
41.440372467041016	-1
41.4441933631897	-1
41.44421339035034	-1
41.49071907997131	-1
41.49075937271118	-1
41.49076557159424	-1
41.49077868461609	-1
41.49092388153076	-1
41.50436282157898	-1
41.504390239715576	-1
41.504404067993164	-1
41.50441551208496	-1
41.50756049156189	-1
41.50758218765259	-1
41.51144742965698	-1
41.511534690856934	-1
41.56547832489014	-1
41.56550097465515	-1
41.565509557724	-1
41.56551694869995	-1
41.56561636924744	-1
41.574095010757446	-1
41.57412648200989	-1
41.582411766052246	-1
41.58242106437683	-1
41.582555532455444	-1
41.62938213348389	-1
41.629408836364746	-1
41.62941813468933	-1
41.62942576408386	-1
41.62943935394287	-1
41.62971091270447	-1
41.629791021347046	-1
41.63852787017822	-1
41.70983672142029	-1
41.70992970466614	-1
41.78979969024658	-1
41.789830446243286	-1
41.7898371219635	-1
41.79630494117737	-1
41.79631161689758	-1
41.799009561538696	-1
41.816996574401855	-1
41.81703543663025	-1
41.84174823760986	-1
41.841880559921265	-1
41.84597945213318	-1
41.84726524353027	-1
41.863243103027344	-1
41.86325192451477	-1
41.863260984420776	-1
41.86327242851257	-1
41.86345982551575	-1
41.87645483016968	-1
41.87649083137512	-1
41.876588582992554	-1
41.87776184082031	-1
41.899314165115356	-1
41.90671491622925	-1
41.92230582237244	-1
41.922319650650024	-1
41.922327756881714	-1
41.92251944541931	-1
41.92890644073486	-1
41.93509101867676	-1
41.935129165649414	-1
41.965200901031494	-1
41.96521878242493	-1
41.96522545814514	-1
41.965333461761475	-1
41.97291946411133	-1
41.97744798660278	-1
41.97759413719177	-1
41.98802924156189	-1
42.04154348373413	-1
42.04202365875244	-1
43.115100622177124	-1
43.96445918083191	-1
43.96675205230713	-1
44.86496543884277	-1
44.96756100654602	-1
45.57482290267944	-1
45.57485008239746	-1
45.57485628128052	-1
45.57486057281494	-1
45.574864625930786	-1
45.57486915588379	-1
45.78056836128235	-1
45.780577182769775	-1
45.780585050582886	-1
45.78058862686157	-1
45.7806921005249	-1
45.83198094367981	-1
45.83202600479126	-1
45.83203959465027	-1
45.837746143341064	-1
46.084442138671875	-1
46.08456349372864	-1
50.98151183128357	-1
50.98382019996643	-1
51.7170090675354	-1
51.71735906600952	-1
52.33185291290283	-1
52.3321487903595	-1
52.950434923172	-1
53.97210192680359	-1
53.97441053390503	-1
54.9716362953186	-1
56.9754114151001	-1
57.75923752784729	-1
57.75934982299805	-1
57.83407998085022	-1
57.83422017097473	-1
65.99075865745544	-1
65.99308323860168	-1
66.56628108024597	-1
66.56664705276489	-1
67.18086886405945	-1
67.18124294281006	-1
67.89768266677856	-1
68.98749589920044	-1
68.98979926109314	-1
69.99032163619995	-1
74.84721326828003	-1
77.62719893455505	-1
78.34394145011902	-1
81.00799202919006	-1
81.0103325843811	-1
81.72406959533691	-1
81.7244381904602	-1
82.33932375907898	-1
82.33958578109741	-1
82.42709994316101	-1
82.42824745178223	-1
82.62763786315918	-1
82.96058630943298	-1
83.16140794754028	-1
83.16143155097961	-1
83.54788041114807	-1
83.55023241043091	-1
83.57284498214722	-1
84.00349593162537	-1
84.00579190254211	-1
84.6784679889679	-1
84.67875170707703	-1
84.68347430229187	-1
84.68878316879272	-1
85.00411248207092	-1
85.00436019897461	-1
85.01354384422302	-1
85.81926202774048	-1
85.82077884674072	-1
85.92057943344116	-1
85.92165565490723	-1
85.95159411430359	-1
86.43373370170593	-1
86.43413853645325	-1
86.44675922393799	-1
86.4811110496521	-1
86.48473858833313	-1
86.49301314353943	-1
86.74652695655823	-1
86.74655389785767	-1
86.74656701087952	-1
86.74983024597168	-1
86.75681495666504	-1
86.7590537071228	-1
86.76324486732483	-1
86.77061367034912	-1
86.77062773704529	-1
87.97032141685486	-1
87.97033667564392	-1
87.97079658508301	-1
87.97715473175049	-1
87.98067355155945	-1
87.99094724655151	-1
88.00438785552979	-1
88.05532884597778	-1
88.05534791946411	-1
88.09673404693604	-1
88.11542057991028	-1
88.11561894416809	-1
88.12517952919006	-1
88.68826007843018	-1
88.6917188167572	-1
88.69184303283691	-1
88.70733499526978	-1
88.73236584663391	-1
88.76667404174805	-1
88.7751100063324	-1
88.78098154067993	-1
88.7932641506195	-1
88.79572534561157	-1
88.80300688743591	-1
88.81648254394531	-1
88.82684564590454	-1
88.82979798316956	-1
88.83402276039124	-1
88.8378701210022	-1
88.84127688407898	-1
88.84695601463318	-1
88.84696674346924	-1
88.85054612159729	-1
88.8534619808197	-1
88.86093807220459	-1
89.30345487594604	-1
89.30346584320068	-1
89.3034815788269	-1
89.30348634719849	-1
89.30455374717712	-1
89.34960961341858	-1
89.34965252876282	-1
89.3512556552887	-1
89.36072182655334	-1
89.60838150978088	-1
89.60851955413818	-1
89.61210465431213	-1
89.61676144599915	-1
89.6167848110199	-1
89.62148213386536	-1
89.91529655456543	-1
89.91532516479492	-1
89.91613912582397	-1
89.92701840400696	-1
89.93924760818481	-1
90.22434210777283	-1
90.22437000274658	-1
90.2243766784668	-1
90.22438168525696	-1
90.2243869304657	-1
90.22458100318909	-1
90.23446369171143	-1
90.23446989059448	-1
90.42799425125122	-1
90.4306287765503	-1
90.44728469848633	-1
90.73493146896362	-1
90.73516297340393	-1
90.82852506637573	-1
90.84925508499146	-1
90.84984087944031	-1
90.85909533500671	-1
90.9435076713562	-1
90.94664216041565	-1
90.94701290130615	-1
91.35399031639099	-1
91.4110107421875	-1
91.41102266311646	-1
91.41212797164917	-1
91.4214415550232	-1
91.42252779006958	-1
91.42760109901428	-1
91.43522357940674	-1
91.53710317611694	-1
91.53799676895142	-1
91.5464301109314	-1
91.86138558387756	-1
91.8623628616333	-1
91.87492394447327	-1
92.17034792900085	-1
92.17037987709045	-1
92.1703839302063	-1
92.17038822174072	-1
92.17059111595154	-1
92.17873787879944	-1
92.17875862121582	-1
92.18044853210449	-1
92.18505048751831	-1
92.42147278785706	-1
92.42149448394775	-1
92.4215018749237	-1
92.42150831222534	-1
92.42158770561218	-1
92.43086981773376	-1
92.4619619846344	-1
92.48350358009338	-1
92.50875902175903	-1
92.72734832763672	-1
92.7273805141449	-1
92.7273895740509	-1
92.72739863395691	-1
92.7274100780487	-1
92.72771263122559	-1
92.72797775268555	-1
92.73848342895508	-1
92.73849415779114	-1
92.75042414665222	-1
92.75045275688171	-1
92.75056076049805	-1
92.75653338432312	-1
92.80699634552002	-1
92.81274747848511	-1
93.03161096572876	-1
93.03162384033203	-1
93.03173685073853	-1
93.06542491912842	-1
93.06543064117432	-1
93.06553483009338	-1
93.07391619682312	-1
93.08864307403564	-1
93.15251970291138	-1
93.15272450447083	-1
93.17632699012756	-1
93.21037650108337	-1
93.21038889884949	-1
93.26534247398376	-1
93.26926112174988	-1
93.2755823135376	-1
93.3207757472992	-1
93.33013844490051	-1
93.33023190498352	-1
93.3812928199768	-1
93.38238167762756	-1
93.4483642578125	-1
93.44838953018188	-1
93.44848227500916	-1
93.4525134563446	-1
93.45252466201782	-1
93.45903825759888	-1
93.50633096694946	-1
93.50856971740723	-1
93.7476909160614	-1
93.74773001670837	-1
93.7477433681488	-1
93.74775576591492	-1
93.74802160263062	-1
93.74826288223267	-1
93.7748429775238	-1
93.77486777305603	-1
93.77487349510193	-1
93.77487850189209	-1
93.77514958381653	-1
93.78129768371582	-1
93.78455018997192	-1
93.7969708442688	-1
93.82649993896484	-1
93.82894515991211	-1
93.83572125434875	-1
93.83573293685913	-1
93.83585929870605	-1
93.8864586353302	-1
93.89545273780823	-1
93.90302681922913	-1
93.94126415252686	-1
93.95690727233887	-1
93.95691537857056	-1
93.96113920211792	-1
93.96121740341187	-1
94.001540184021	-1
94.01329326629639	-1
94.01480221748352	-1
94.01489329338074	-1
94.02593851089478	-1
94.06204652786255	-1
94.06207203865051	-1
94.07117795944214	-1
94.0712730884552	-1
94.07777428627014	-1
94.11999320983887	-1
94.12139654159546	-1
94.12870764732361	-1
94.15105628967285	-1
94.17807912826538	-1
94.17808938026428	-1
94.17821645736694	-1
94.18760228157043	-1
94.18983435630798	-1
94.20708751678467	-1
94.23430633544922	-1
94.23440504074097	-1
94.24738049507141	-1
94.24902486801147	-1
94.26614165306091	-1
94.26623940467834	-1
94.2896089553833	-1
94.29458332061768	-1
94.30238556861877	-1
94.3096489906311	-1
94.33980631828308	-1
94.34698271751404	-1
94.35251450538635	-1
94.35273694992065	-1
94.36508798599243	-1
94.3699746131897	-1
94.38194584846497	-1
94.38426852226257	-1
94.39049482345581	-1
94.4096097946167	-1
94.40971446037292	-1
94.41606259346008	-1
94.41931223869324	-1
94.42633843421936	-1
94.42641925811768	-1
94.42858290672302	-1
94.44068717956543	-1
94.47004055976868	-1
94.47498798370361	-1
94.4877917766571	-1
94.48785781860352	-1
94.49643802642822	-1
94.49957251548767	-1
94.50052833557129	-1
94.53950715065002	-1
95.13862013816833	-1
95.13973188400269	-1
95.15050435066223	-1
95.15153956413269	-1
95.15493631362915	-1
95.17151021957397	-1
95.27751326560974	-1
95.28004026412964	-1
95.33600187301636	-1
95.34645628929138	-1
95.35872745513916	-1
95.35874438285828	-1
95.38049411773682	-1
95.39118027687073	-1
95.65126609802246	-1
95.65130066871643	-1
95.65131115913391	-1
95.70022463798523	-1
95.70037531852722	-1
95.71096873283386	-1
95.71097564697266	-1
95.93174600601196	-1
95.93922638893127	-1
95.93924975395203	-1
95.94232130050659	-1
95.94233512878418	-1
95.95170521736145	-1
95.95173025131226	-1
95.95506429672241	-1
95.95508313179016	-1
95.95734119415283	-1
95.96186447143555	-1
96.18511915206909	-1
96.18826246261597	-1
96.19029569625854	-1
96.21568083763123	-1
96.2168242931366	-1
96.24639654159546	-1
96.24675726890564	-1
96.25221538543701	-1
96.27671670913696	-1
96.30914735794067	-1
96.39438509941101	-1
96.39567160606384	-1
96.41620874404907	-1
96.44375705718994	-1
96.50188302993774	-1
96.50262784957886	-1
96.51527404785156	-1
96.51553893089294	-1
96.52029204368591	-1
96.5235002040863	-1
96.56410574913025	-1
96.57521176338196	-1
96.57890677452087	-1
96.57918858528137	-1
96.5808277130127	-1
96.59228706359863	-1
96.62425780296326	-1
96.62540411949158	-1
96.63492155075073	-1
96.65721774101257	-1
96.65734338760376	-1
96.66702604293823	-1
96.66703844070435	-1
97.29126739501953	-1
97.2912950515747	-1
97.29130148887634	-1
97.29131007194519	-1
97.29131841659546	-1
97.29346179962158	-1
97.30232095718384	-1
97.30241560935974	-1
97.30791807174683	-1
97.41396594047546	-1
97.48568177223206	-1
97.48570775985718	-1
97.48571372032166	-1
97.48572301864624	-1
97.48624396324158	-1
97.49366402626038	-1
97.49702882766724	-1
97.49713158607483	-1
97.54141354560852	-1
97.54269289970398	-1
97.81331968307495	-1
97.816330909729	-1
97.82649779319763	-1
97.8700897693634	-1
97.89743041992188	-1
97.8984625339508	-1
98.02630090713501	-1
98.02632260322571	-1
98.02690863609314	-1
98.02920937538147	-1
98.0365400314331	-1
98.03655338287354	-1
98.09314560890198	-1
98.09448790550232	-1
98.09450316429138	-1
98.09453415870667	-1
98.0972170829773	-1
98.10624098777771	-1
98.14259123802185	-1
98.14272356033325	-1
98.42558979988098	-1
98.42561626434326	-1
98.42562699317932	-1
98.42563152313232	-1
98.42563605308533	-1
98.42566561698914	-1
98.42596101760864	-1
98.42873477935791	-1
98.43836069107056	-1
98.43836975097656	-1
98.63815379142761	-1
98.63817811012268	-1
98.63818311691284	-1
98.6408920288086	-1
98.65119791030884	-1
98.65121364593506	-1
98.74541306495667	-1
98.7471079826355	-1
98.80756306648254	-1
98.8084762096405	-1
99.11825156211853	-1
99.11955046653748	-1
99.16560292243958	-1
99.16694831848145	-1
99.21258926391602	-1
99.21277642250061	-1
99.26745557785034	-1
99.26774907112122	-1
99.27787566184998	-1
99.35054922103882	-1
99.3510274887085	-1
99.36536812782288	-1
99.38965392112732	-1
99.39182043075562	-1
99.40273022651672	-1
99.42035031318665	-1
99.51246070861816	-1
99.51871538162231	-1
99.57729244232178	-1
99.5791220664978	-1
99.59041571617126	-1
99.64880228042603	-1
99.64921998977661	-1
99.84999823570251	-1
99.85034155845642	-1
99.8559582233429	-1
99.86256074905396	-1
99.86258363723755	-1
99.86683464050293	-1
99.86684989929199	-1
99.87496423721313	-1
99.87497758865356	-1
99.8768949508667	-1
99.87924337387085	-1
99.88971424102783	-1
99.89365482330322	-1
99.90852308273315	-1
99.90887451171875	-1
100.2591769695282	-1
100.2626404762268	-1
100.5665762424469	-1
100.56660914421082	-1
100.56778264045715	-1
100.57144117355347	-1
100.57830166816711	-1
100.5946216583252	-1
100.87270617485046	-1
100.87475752830505	-1
101.18072032928467	-1
101.18098545074463	-1
101.28437042236328	-1
101.28781914710999	-1
101.33741664886475	-1
101.39145374298096	-1
101.4023334980011	-1
101.40239524841309	-1
101.40240144729614	-1
101.4127299785614	-1
101.41273999214172	-1
101.69305968284607	-1
101.69308829307556	-1
101.69383645057678	-1
101.70315432548523	-1
101.70316553115845	-1
101.99990200996399	-1
102.30797410011292	-1
102.30800652503967	-1
102.30801725387573	-1
102.3080244064331	-1
102.30853009223938	-1
102.31886768341064	-1
102.41468787193298	-1
102.50121402740479	-1
102.50624513626099	-1
103.12636089324951	-1
103.4335765838623	-1
103.43468761444092	-1
103.6384630203247	-1
104.54923367500305	-1
104.54926800727844	-1
104.54928636550903	-1
104.76479434967041	-1
104.76798987388611	-1
104.77817893028259	-1
105.57923030853271	-1
105.58530378341675	-1
105.58642625808716	-1
105.5988073348999	-1
105.66405367851257	-1
105.6643967628479	-1
106.19862461090088	-1
106.50588631629944	-1
106.76748609542847	-1
106.77197194099426	-1
107.42746305465698	-1
107.42854475975037	-1
108.37182211875916	-1
108.3779685497284	-1
108.37804508209229	-1
108.38732504844666	-1
108.38911032676697	-1
108.3959321975708	-1
108.39610600471497	-1
108.39864230155945	-1
108.40525913238525	-1
108.51206874847412	-1
