0.09660029411315918	-1	605
0.10103535652160645	-1	605
0.14356422424316406	1	1516
0.14777684211730957	1	1136
0.15143465995788574	-1	214
0.15201044082641602	-1	464
0.18593454360961914	1	4098
0.18749594688415527	-1	168
0.18762922286987305	-1	1037
0.18955469131469727	1	258
0.22997188568115234	1	1123
0.23016691207885742	-1	119
0.27665257453918457	1	694
0.28218579292297363	-1	605
0.28668904304504395	-1	605
0.3182332515716553	1	1516
0.3201162815093994	1	1136
0.3222925662994385	-1	214
0.3226320743560791	-1	491
0.35680675506591797	1	258
0.3647496700286865	1	2271
0.3650782108306885	-1	112
0.3784599304199219	1	3992
0.38480401039123535	-1	214
0.3855912685394287	-1	520
0.3949294090270996	1	1658
0.39557504653930664	-1	119
0.41155552864074707	-1	605
0.4246711730957031	1	258
0.4490680694580078	1	2944
0.46792030334472656	1	5200
0.4703366756439209	-1	605
0.6344711780548096	1	24364
0.7228038311004639	1	3838
0.7258703708648682	1	29188
0.7317214012145996	-1	181
0.7783114910125732	1	399
0.7828104496002197	1	32856
0.7828867435455322	1	15332
0.8296959400177002	-1	265
0.8297903537750244	-1	339
0.8299510478973389	-1	126
0.8560118675231934	1	10320
0.8565077781677246	-1	119
0.8771038055419922	1	126
0.8816816806793213	1	12940
0.9267237186431885	1	2968
0.9305353164672852	1	2968
0.931288480758667	1	5848
0.931647777557373	1	4449
3.9171791076660156	-1	605
3.9180030822753906	-1	605
3.9242496490478516	-1	605
3.9320969581604004	-1	605
3.932983875274658	-1	605
3.9338672161102295	-1	605
3.9355640411376953	-1	605
3.936593770980835	-1	605
3.937666654586792	-1	605
3.9388601779937744	-1	605
3.9466843605041504	-1	605
3.9498937129974365	-1	605
3.950631856918335	-1	605
3.9538395404815674	1	3582
3.9538705348968506	1	3582
3.9657721519470215	1	3582
3.9724795818328857	1	3582
3.975282907485962	1	3582
3.9755003452301025	1	2968
3.9758260250091553	1	702
3.9806556701660156	1	3582
3.9806644916534424	1	3582
3.9849956035614014	1	3582
3.998257875442505	1	2968
3.9989311695098877	-1	605
4.001240491867065	1	1536
4.004053592681885	-1	214
4.004126310348511	1	2968
4.005912780761719	-1	168
4.006178379058838	-1	258
4.006198406219482	-1	323
4.006628036499023	1	1528
4.006928443908691	-1	168
4.007322072982788	-1	258
4.007339954376221	-1	323
4.0077805519104	1	1535
4.007874488830566	-1	168
4.008054494857788	-1	191
4.008140325546265	-1	185
4.0082056522369385	-1	185
4.008277654647827	-1	182
4.0085272789001465	-1	258
4.008543491363525	-1	309
4.0085837841033936	-1	182
4.008634328842163	-1	172
4.010530471801758	1	1537
4.01186728477478	-1	214
4.012187480926514	-1	168
4.012440919876099	-1	168
4.012754440307617	-1	258
4.012779235839844	-1	314
4.012892246246338	-1	258
4.012919664382935	-1	313
4.012997388839722	-1	241
4.015609502792358	-1	214
4.016923666000366	1	3839
4.018472671508789	-1	181
4.038719177246094	1	2944
4.039341688156128	-1	168
4.039603233337402	-1	258
4.039631366729736	-1	312
4.039942979812622	1	998
4.040003776550293	1	630
4.041915416717529	-1	214
4.044535398483276	1	630
4.045588254928589	1	630
4.051581382751465	1	630
4.051611423492432	1	630
4.052316904067993	1	399
4.052335023880005	1	346
4.052427291870117	1	157
4.06421685218811	-1	265
4.0643134117126465	-1	317
4.06618070602417	1	415
4.066686153411865	-1	168
4.067460298538208	-1	126
4.068026542663574	-1	258
4.0681211948394775	-1	300
4.069147825241089	1	415
4.070678472518921	-1	265
4.0707738399505615	-1	332
4.07187294960022	1	630
4.073237657546997	-1	126
4.07480263710022	1	159
4.074962139129639	-1	168
4.075758695602417	1	6979
4.078251838684082	-1	119
4.079668045043945	-1	258
4.079739809036255	-1	296
4.080081462860107	-1	265
4.080145359039307	-1	313
4.08062219619751	-1	265
4.080676555633545	-1	334
4.082011461257935	-1	168
4.083258628845215	1	258
4.083667993545532	-1	258
4.08376407623291	-1	352
4.083872318267822	-1	126
4.084768056869507	1	159
4.085145950317383	-1	119
4.085412502288818	1	4408
4.085984230041504	1	159
4.086153030395508	-1	119
4.08751654624939	1	5848
4.091831922531128	-1	265
4.092907428741455	-1	318
4.09346079826355	-1	126
4.094507455825806	1	159
4.094645023345947	-1	119
4.095095157623291	1	11204
4.095979928970337	1	2656
4.09611964225769	-1	119
4.096388578414917	1	5585
4.096670627593994	-1	127
4.096920490264893	-1	112
4.104186058044434	1	630
4.105456829071045	1	126
4.106007099151611	1	159
4.106174468994141	-1	119
4.106905937194824	1	5848
4.108404874801636	1	7288
4.115793228149414	1	630
4.115847826004028	1	126
4.120890140533447	1	630
4.127277612686157	1	30796
4.13129997253418	1	31768
4.135798692703247	1	126
4.139299154281616	1	30328
4.141696214675903	1	2968
4.141943454742432	1	159
4.143677234649658	1	8728
4.144308805465698	1	1128
4.144495248794556	-1	119
4.144937753677368	1	4408
4.146446704864502	1	126
4.1472649574279785	1	1748
4.148560523986816	1	2720
4.148855686187744	-1	127
4.149099588394165	-1	112
4.151300668716431	1	20248
4.151347875595093	1	32856
4.151426792144775	1	18843
4.158398151397705	1	159
4.158630609512329	-1	119
4.159270763397217	1	1788
4.16321873664856	1	4102
4.164624929428101	-1	119
4.164731502532959	1	4135
4.165146112442017	1	2065
4.166097164154053	-1	127
4.1663818359375	1	5948
4.166381359100342	-1	112
4.16670298576355	-1	126
4.171266078948975	1	22756
4.171424150466919	1	4408
4.173386096954346	1	5848
4.178174734115601	1	32856
4.1788649559021	1	5848
4.1833109855651855	1	1736
4.183801889419556	-1	134
4.18398904800415	-1	119
4.200272560119629	1	4408
4.201555490493774	1	4408
4.2020745277404785	1	2154
4.202285289764404	-1	134
4.202388286590576	-1	119
4.206585645675659	1	32856
4.207465171813965	1	5287
4.207619905471802	-1	127
4.207786798477173	-1	112
4.212937355041504	1	18808
4.214754581451416	1	8888
4.216425895690918	1	8728
4.219865322113037	1	23128
4.22040867805481	1	7288
4.236030340194702	1	4758
4.236283540725708	-1	127
4.236654043197632	-1	112
4.27862548828125	1	32856
4.278643369674683	1	32856
4.278759241104126	1	32856
4.2788848876953125	1	32856
4.27888822555542	1	13016
4.297436237335205	1	32856
4.297459125518799	1	36824
4.297876596450806	-1	127
4.298032999038696	-1	112
4.299669504165649	-1	605
4.300474643707275	-1	605
4.301252841949463	-1	605
4.302056312561035	-1	605
4.302743434906006	-1	605
4.303525924682617	-1	605
4.334293365478516	1	1528
4.3346266746521	1	2284
4.336858034133911	1	5164
4.341416835784912	1	4408
4.341523170471191	1	844
4.342767953872681	1	2968
4.342888832092285	1	2284
4.345605134963989	1	5164
4.364943504333496	1	5164
4.443415403366089	1	989
5.2706825733184814	-1	197
5.271116733551025	-1	192
5.272702693939209	-1	194
5.2753660678863525	-1	185
5.285341024398804	-1	214
5.285539388656616	-1	166
5.28574275970459	-1	205
5.311744451522827	1	7790
5.321436643600464	1	258
5.3468945026397705	1	8917
5.3749754428863525	1	7031
5.387344837188721	1	5374
5.389868497848511	1	1157
5.445295333862305	1	2491
6.2945637702941895	-1	168
6.296282768249512	-1	168
6.296928882598877	-1	168
6.297338247299194	-1	452
6.298166990280151	-1	258
6.298247575759888	-1	318
6.298837423324585	-1	258
6.298894643783569	-1	318
6.299377679824829	-1	258
6.299451589584351	-1	319
6.30048942565918	-1	168
6.301436901092529	-1	238
6.302209854125977	-1	182
6.302412748336792	-1	182
6.302652597427368	-1	181
6.3029234409332275	-1	182
6.303163528442383	-1	182
6.30344033241272	-1	182
6.303720235824585	-1	181
6.303973913192749	-1	183
6.304226875305176	-1	182
6.305022954940796	-1	182
6.305281162261963	-1	182
6.305497169494629	-1	183
6.305845022201538	-1	183
6.306031703948975	-1	181
6.3061909675598145	-1	181
6.306378126144409	-1	181
6.306558609008789	-1	181
6.3067240715026855	-1	181
6.306899070739746	-1	182
6.3072216510772705	-1	181
6.307405471801758	-1	181
6.307589292526245	-1	181
6.307762145996094	-1	183
6.3079516887664795	-1	182
6.308130741119385	-1	182
6.308297157287598	-1	183
6.308467864990234	-1	183
6.310490369796753	-1	123
6.313563823699951	-1	168
6.3144614696502686	-1	168
6.3162806034088135	-1	127
6.316420793533325	-1	183
6.3166093826293945	-1	258
6.316640853881836	-1	318
6.3167808055877686	-1	258
6.316810846328735	-1	317
6.316948175430298	-1	258
6.31698203086853	-1	317
6.318524122238159	-1	112
6.318867921829224	-1	183
6.325656890869141	-1	183
6.325739622116089	-1	182
6.3261613845825195	-1	182
6.326263666152954	-1	182
6.326320648193359	-1	182
6.326554775238037	-1	182
6.326613664627075	-1	183
6.326728820800781	-1	183
6.326932668685913	-1	183
6.32699728012085	-1	183
6.327085256576538	-1	182
6.327146053314209	-1	182
6.328256130218506	-1	182
6.328395128250122	-1	182
6.328454494476318	-1	183
6.335253477096558	1	630
6.335267782211304	1	630
6.336185693740845	1	359
6.336426019668579	1	3362
6.342392683029175	1	630
6.346047878265381	-1	171
6.346198320388794	-1	170
6.346738576889038	-1	181
6.348150968551636	-1	183
6.3489744663238525	-1	183
6.35572075843811	1	10239
6.3558666706085205	-1	119
6.35623025894165	1	630
6.356245040893555	1	630
6.370311975479126	1	5986
6.370541334152222	-1	119
6.371889352798462	1	16472
6.37296724319458	1	159
6.373107433319092	-1	119
6.374371528625488	1	5665
6.383741140365601	1	159
6.38399600982666	-1	119
6.3840789794921875	1	898
6.385070562362671	1	4408
6.388769865036011	1	4408
6.389783143997192	1	4408
6.395587682723999	1	159
6.395727634429932	-1	119
6.396721124649048	1	1198
6.396982908248901	-1	127
6.397075176239014	-1	112
6.398149728775024	1	159
6.398265600204468	-1	119
6.398800611495972	1	1528
6.3992369174957275	1	1934
6.399408340454102	-1	127
6.399484872817993	-1	112
6.400808334350586	-1	123
6.4076032638549805	1	17368
6.408460378646851	1	7288
6.408460378646851	1	8728
6.409717559814453	1	18808
6.413707494735718	1	14006
6.422374963760376	1	660
6.422610759735107	1	4836
6.423120021820068	1	1871
6.423485040664673	1	1528
6.427997350692749	1	32856
6.428317070007324	1	7640
6.42961573600769	1	11608
6.433287620544434	-1	174
6.4335949420928955	-1	173
6.433990001678467	-1	175
6.439383268356323	-1	178
6.4395363330841064	-1	176
6.440304517745972	-1	183
6.44041895866394	-1	182
6.440779685974121	-1	179
6.440899848937988	-1	177
6.441305875778198	-1	175
6.441468000411987	-1	180
6.44830322265625	1	4408
6.449226379394531	1	13048
6.449233293533325	1	32856
6.450615406036377	1	23128
6.461869478225708	1	32856
6.4651405811309814	1	32856
6.465161561965942	1	3576
6.468069553375244	1	32856
6.474924087524414	1	1768
6.476510286331177	-1	605
6.477133750915527	1	2968
6.478273868560791	-1	605
6.478708505630493	1	4408
6.479443788528442	-1	605
6.480359077453613	-1	605
6.481096267700195	-1	605
6.481919527053833	-1	605
6.482790231704712	-1	605
6.483769655227661	-1	605
6.484247446060181	1	32856
6.484701156616211	-1	605
6.485494136810303	-1	605
6.4862518310546875	-1	605
6.486419916152954	1	18683
6.486592531204224	-1	127
6.4875195026397705	-1	605
6.487679719924927	-1	112
6.488049268722534	1	5848
6.490669250488281	1	32856
6.491230726242065	-1	605
6.49196982383728	-1	605
6.493304967880249	-1	605
6.4944140911102295	-1	605
6.496689319610596	-1	605
6.509449243545532	1	2968
6.509631395339966	1	698
6.509687185287476	1	1528
6.509948968887329	1	698
6.510018825531006	-1	605
6.512954235076904	-1	168
6.5138280391693115	-1	605
6.5140321254730225	-1	258
6.514055490493774	-1	395
6.514358758926392	-1	168
6.514664649963379	-1	258
6.51469349861145	-1	362
6.520753622055054	1	32856
6.520789623260498	1	32856
6.520948886871338	1	32856
6.521344423294067	1	32856
6.521351337432861	1	32856
6.521754264831543	1	32856
6.521824359893799	1	32856
6.521856069564819	1	2968
6.521989583969116	1	16600
6.522183895111084	1	17720
6.522190809249878	1	4184
6.52451491355896	1	15928
6.525277853012085	1	11608
6.525940895080566	1	320
6.52905797958374	1	3578
6.529623508453369	1	1073
6.531400680541992	-1	214
6.5319318771362305	1	14089
6.531964540481567	1	14488
6.531998872756958	1	4408
6.532128810882568	1	7288
6.532217979431152	-1	265
6.532238245010376	-1	321
6.5336573123931885	-1	168
6.534038782119751	-1	258
6.534061670303345	-1	311
6.534201145172119	1	2968
6.534305095672607	1	698
6.534627437591553	1	1528
6.535790681838989	1	2890
6.536506652832031	-1	168
6.536551475524902	1	7288
6.536925315856934	-1	258
6.536948919296265	-1	318
6.542675971984863	1	2968
6.542678117752075	1	20248
6.544811010360718	1	1535
6.544811010360718	1	2968
6.544846534729004	1	17368
6.545084714889526	1	2968
6.545202970504761	1	2968
6.545953035354614	1	2968
6.54814600944519	1	1528
6.548304080963135	1	2968
6.548402547836304	1	598
6.548579931259155	1	1535
6.54875636100769	1	1535
6.5489137172698975	1	2976
6.549051284790039	1	1535
6.549192190170288	1	2968
6.549378395080566	1	1537
6.5496251583099365	1	3582
6.549899101257324	1	4416
6.549922227859497	-1	214
6.550043344497681	1	1537
6.550195217132568	1	1535
6.5503318309783936	1	598
6.55075216293335	1	1528
6.554923057556152	1	1536
6.555103778839111	1	2407
6.557241201400757	-1	214
6.560511827468872	1	23128
6.561997175216675	1	23128
6.562940835952759	1	7288
6.563018798828125	-1	214
6.563994884490967	1	4408
6.5654137134552	1	4408
6.567551374435425	-1	214
6.568145513534546	1	598
6.568187475204468	1	159
6.568318128585815	1	159
6.569629907608032	1	3456
6.569629907608032	1	4158
6.570218801498413	1	22144
6.570300340652466	1	2273
6.5722246170043945	-1	214
6.5755295753479	1	32856
6.5755455493927	1	1528
6.579005479812622	1	415
6.579430341720581	1	2968
6.57945990562439	1	1535
6.579960107803345	1	598
6.5806496143341064	-1	214
6.5808446407318115	-1	265
6.580874443054199	-1	380
6.581257104873657	1	65535
6.582562446594238	1	1536
6.586071491241455	-1	214
6.59043550491333	-1	214
6.594895362854004	-1	214
6.595235109329224	1	11960
6.595237493515015	1	19584
6.600182056427002	-1	214
6.600336074829102	-1	119
6.600548267364502	-1	127
6.6010260581970215	-1	168
6.602019548416138	1	159
6.603499174118042	1	11608
6.603575229644775	-1	183
6.6036763191223145	-1	112
6.603960275650024	-1	126
6.60399055480957	-1	119
6.604017972946167	-1	119
6.60445237159729	1	54808
6.604745149612427	1	346
6.604788780212402	-1	186
6.604796886444092	1	14488
6.60493803024292	-1	127
6.605284214019775	1	8728
6.606539487838745	1	157
6.608574867248535	-1	214
6.611124515533447	1	346
6.611788988113403	1	157
6.612547159194946	-1	214
6.612751722335815	-1	258
6.612777948379517	-1	411
6.613004684448242	-1	265
6.613029718399048	-1	347
6.613142728805542	-1	265
6.61318302154541	-1	348
6.613292217254639	-1	265
6.613318681716919	-1	366
6.613440990447998	-1	265
6.613459587097168	-1	375
6.613551139831543	-1	265
6.613570213317871	-1	378
6.6136791706085205	-1	265
6.613699197769165	-1	366
6.6138410568237305	-1	265
6.6138670444488525	-1	426
6.6140217781066895	-1	265
6.614044427871704	-1	465
6.615246534347534	1	126
6.618514537811279	-1	214
6.620042562484741	1	346
6.6200621128082275	1	65535
6.621068716049194	-1	112
6.621129512786865	1	157
6.621216058731079	1	16704
6.621294975280762	-1	126
6.621560096740723	-1	126
6.622107982635498	-1	265
6.622485160827637	-1	324
6.622885704040527	-1	265
6.6229729652404785	-1	324
6.623354434967041	-1	265
6.623440742492676	-1	518
6.624145984649658	1	11608
6.624227285385132	1	13048
6.624742031097412	1	346
6.6247358322143555	1	5848
6.62501859664917	1	159
6.625104188919067	-1	119
6.6257483959198	1	157
6.625881910324097	-1	126
6.62592625617981	1	1557
6.626640319824219	-1	127
6.626990556716919	-1	112
6.631915330886841	1	346
6.6321330070495605	1	157
6.632172584533691	-1	126
6.63231348991394	1	415
6.632554769515991	-1	126
6.639989376068115	-1	177
6.6402599811553955	-1	182
6.640398025512695	1	346
6.640439510345459	-1	188
6.645420074462891	1	157
6.645520210266113	-1	126
6.646290063858032	1	65535
6.646319150924683	1	2304
6.6479172706604	1	23128
6.651744842529297	1	14488
6.651801824569702	1	1204
6.6518449783325195	1	415
6.6521148681640625	1	415
6.652223825454712	1	630
6.652276515960693	-1	126
6.652587652206421	-1	126
6.656964063644409	-1	265
6.656994104385376	-1	336
6.657167911529541	-1	126
6.662070274353027	1	23128
6.6627936363220215	1	15928
6.664171934127808	1	126
6.664290189743042	1	346
6.664323329925537	1	20248
6.6653594970703125	1	10168
6.665405750274658	1	415
6.665463924407959	1	346
6.665656089782715	1	157
6.665743589401245	-1	126
6.665952920913696	-1	126
6.667457342147827	1	157
6.667518377304077	-1	126
6.667530536651611	1	7288
6.668091058731079	1	2968
6.670757293701172	1	126
6.679307699203491	1	1567
6.680130481719971	1	126
6.686795473098755	1	126
6.686811923980713	1	65535
6.687098979949951	1	15264
6.688778877258301	1	126
6.689065933227539	1	415
6.6906561851501465	1	30328
6.691636800765991	1	2551
6.691862344741821	1	159
6.692259073257446	1	1623
6.6933434009552	1	11608
6.6968889236450195	-1	126
6.699853420257568	1	4622
6.70020055770874	-1	119
6.700596809387207	1	126
6.701946973800659	1	126
6.707076549530029	1	126
6.707272529602051	1	944
6.708288669586182	1	65535
6.7113258838653564	1	395
6.711327791213989	1	29756
6.712146520614624	1	8728
6.7125914096832275	1	126
6.714906930923462	1	2247
6.716756820678711	1	561
6.718432188034058	1	11608
6.719186544418335	-1	134
6.7203638553619385	-1	119
6.723262310028076	1	1830
6.724259853363037	1	23128
6.725421190261841	1	15928
6.726337432861328	1	15928
6.727275609970093	1	2827
6.728546619415283	-1	134
6.729076385498047	-1	119
6.730237722396851	1	959
6.730161428451538	1	126
6.731280326843262	1	562
6.731583833694458	1	2148
6.734576225280762	1	6190
6.737181901931763	-1	134
6.737397193908691	-1	119
6.741174936294556	1	65535
6.748274326324463	1	29664
6.750563621520996	1	15928
6.75195574760437	1	126
6.752679347991943	1	5119
6.754058122634888	-1	605
6.7546350955963135	1	21688
6.7552490234375	1	806
6.755258083343506	1	11514
6.755447864532471	-1	127
6.756512880325317	-1	112
6.763916969299316	1	4408
6.77074122428894	-1	455
6.771233081817627	1	126
6.775247573852539	1	959
6.775660037994385	-1	134
6.775798797607422	-1	119
6.789285659790039	1	1528
6.789487838745117	1	2142
6.790903329849243	-1	168
6.7913196086883545	-1	258
6.791370153427124	-1	472
6.808906555175781	1	65535
6.810669422149658	1	4408
6.811280250549316	1	2726
6.811359882354736	1	65535
6.8114542961120605	1	65535
6.811554431915283	1	65535
6.8158509731292725	-1	183
6.816451549530029	1	15928
6.817911386489868	-1	183
6.820318937301636	-1	182
6.821489095687866	-1	183
6.8217997550964355	1	4408
6.82377815246582	1	630
6.824352979660034	-1	458
6.825747489929199	-1	275
6.825910568237305	-1	244
6.828219413757324	-1	182
6.833202362060547	-1	182
6.833214521408081	1	7288
6.834235429763794	-1	182
6.83435320854187	-1	182
6.8345606327056885	1	4408
6.835540771484375	-1	183
6.837286472320557	-1	182
6.839146614074707	-1	182
6.839265584945679	-1	182
6.839712619781494	-1	182
6.8435046672821045	1	5848
6.848721265792847	1	23128
6.8561601638793945	1	65535
6.856259346008301	1	12384
6.861373662948608	1	159
6.862934589385986	1	6827
6.863384008407593	1	7288
6.863476753234863	-1	119
6.866709470748901	1	13048
6.868188858032227	1	21688
6.8691301345825195	-1	605
6.8702826499938965	-1	738
6.877898216247559	1	5848
6.88850474357605	1	65535
6.890342473983765	1	4408
6.892873048782349	1	637
6.89310097694397	1	126
6.903549909591675	1	1517
6.906230926513672	1	1066
6.906256198883057	1	338
6.906540155410767	1	65535
6.906580448150635	-1	134
6.907224893569946	1	28888
6.907667636871338	-1	168
6.909204959869385	-1	119
6.909866094589233	-1	258
6.911451578140259	-1	301
6.913219928741455	1	4408
6.913594722747803	1	2473
6.914624452590942	-1	456
6.9184629917144775	-1	183
6.919251918792725	-1	183
6.9192585945129395	1	10168
6.91949987411499	1	2968
6.924080848693848	-1	605
6.925922155380249	-1	186
6.925936937332153	1	34648
6.926631450653076	-1	187
6.928344011306763	-1	186
6.9287378787994385	1	23128
6.929324150085449	1	15928
6.9306745529174805	1	17368
6.93201756477356	1	14488
6.933058977127075	1	1671
6.93491268157959	1	7288
6.935257196426392	1	2837
6.936870098114014	-1	183
6.938084125518799	-1	183
6.938092947006226	1	13048
6.941672086715698	1	557
6.942102670669556	1	126
6.958920001983643	1	597
6.960875034332275	1	65535
6.961363792419434	1	8064
6.961754560470581	1	1517
6.962909698486328	1	2968
6.972099781036377	1	65535
6.972105503082275	1	398
6.972272157669067	1	251
6.973350763320923	-1	134
6.9771435260772705	-1	214
6.977186679840088	-1	119
6.979420900344849	-1	265
6.979442834854126	-1	442
6.984106063842773	1	2968
6.9902284145355225	1	2406
6.994818925857544	-1	214
6.995686054229736	1	65535
6.995706558227539	1	9504
6.996013879776001	-1	265
6.996044397354126	-1	473
6.997819423675537	1	1465
7.009775876998901	1	65535
7.014037132263184	1	159
7.015124559402466	1	4408
7.015277624130249	-1	119
7.0290539264678955	1	431
7.029141902923584	1	65535
7.029367685317993	-1	126
7.042744159698486	1	65535
7.054569244384766	1	415
7.054812669754028	-1	126
7.055387020111084	1	65535
7.055414199829102	1	13824
7.0592334270477295	1	8824
7.07886004447937	1	65535
7.078908681869507	1	3744
7.087072134017944	1	126
7.090986728668213	-1	331
7.091227769851685	1	65535
7.1080873012542725	1	65535
7.108768939971924	1	126
7.113815069198608	-1	605
7.119403600692749	-1	605
7.125314235687256	1	65535
7.125380277633667	1	10944
7.131685495376587	1	816
7.137854337692261	1	65535
7.148570775985718	-1	605
7.1512770652771	1	1260
7.163265228271484	1	65535
7.1643006801605225	1	1517
7.165050268173218	1	159
7.169284820556641	1	2968
7.171844720840454	1	65535
7.178096771240234	1	415
7.181332588195801	1	65535
7.18879508972168	1	2968
7.190857172012329	1	415
7.192835807800293	-1	214
7.193688154220581	-1	286
7.194131374359131	-1	187
7.195127487182617	-1	196
7.201859951019287	-1	214
7.210984468460083	1	65535
7.211057424545288	1	6624
7.218488693237305	-1	191
7.219219923019409	-1	187
7.220166921615601	1	65535
7.235937833786011	1	415
7.236940383911133	1	65535
7.239259243011475	1	415
7.245641231536865	-1	265
7.2456700801849365	-1	517
7.245898962020874	-1	126
7.250433921813965	1	1517
7.251230239868164	-1	648
7.252365589141846	1	2968
7.252587556838989	-1	648
7.253776788711548	-1	648
7.264893293380737	1	65535
7.264967203140259	1	15264
7.26909613609314	1	10168
7.271573543548584	1	7288
7.272548198699951	1	2188
7.273032903671265	1	65535
7.278907775878906	1	234
7.280842304229736	1	234
7.280842304229736	1	234
7.2822864055633545	-1	139
7.285387754440308	1	399
7.28787899017334	-1	139
7.292240858078003	1	65535
7.2952799797058105	1	2968
7.295661449432373	-1	139
7.300756454467773	-1	265
7.300867080688477	-1	287
7.3021559715271	-1	265
7.303377151489258	-1	515
7.304217100143433	-1	265
7.304322004318237	-1	511
7.305675029754639	-1	265
7.305809497833252	-1	510
7.3083977699279785	1	157
7.310478925704956	-1	126
7.314773797988892	1	157
7.315286636352539	1	65535
7.317782163619995	-1	605
7.3179566860198975	-1	126
7.318713188171387	-1	126
7.3226704597473145	1	65535
7.322759628295898	1	9504
7.323150873184204	1	157
7.324156761169434	-1	126
7.3350303173065186	1	399
7.335665941238403	-1	134
7.335948705673218	-1	119
7.339337348937988	1	31768
7.3395161628723145	1	7118
7.340017080307007	1	119
7.342915773391724	1	399
7.343711614608765	-1	134
7.343794584274292	1	474
7.343993425369263	-1	119
7.347587585449219	1	65535
7.354799509048462	1	399
7.355406999588013	-1	134
7.355679512023926	-1	119
7.3667168617248535	1	65535
7.366847276687622	1	13824
7.372754812240601	1	65535
7.379815578460693	1	2968
7.381231069564819	1	1537
7.383265972137451	1	4166
7.393618583679199	-1	214
7.394840478897095	1	5556
7.3952858448028564	-1	265
7.395607233047485	-1	516
7.396949291229248	1	65535
7.40571665763855	1	65535
7.408055067062378	-1	123
7.408075332641602	1	11608
7.415843963623047	-1	457
7.425889253616333	1	65535
7.431267738342285	-1	432
7.431917428970337	-1	182
7.43192982673645	1	27448
7.433663368225098	-1	433
7.4401326179504395	-1	431
7.442291975021362	1	65535
7.449317455291748	1	346
7.449606418609619	1	157
7.4496564865112305	-1	126
7.452789068222046	1	65535
7.45347785949707	1	214
7.4633705615997314	-1	605
7.465624094009399	-1	178
7.4680421352386475	-1	177
7.468883514404297	-1	190
7.4692347049713135	-1	184
7.4693381786346436	-1	187
7.481226682662964	1	65535
7.490016460418701	1	65535
7.490036964416504	1	16704
7.491971492767334	-1	605
7.492458820343018	1	397
7.4930150508880615	-1	605
7.4966819286346436	-1	636
7.506102800369263	1	126
7.506850242614746	-1	171
7.516989469528198	1	3582
7.517841100692749	1	65535
7.519428014755249	1	2968
7.520720958709717	1	702
7.523864269256592	1	570
7.523967027664185	1	65535
7.524041175842285	1	3744
7.525678873062134	-1	168
7.5329179763793945	-1	258
7.533009767532349	-1	318
7.534674644470215	-1	168
7.536239385604858	-1	258
7.536324739456177	-1	318
7.539851903915405	1	310
7.539854526519775	1	65535
7.546633005142212	1	2591
7.547262668609619	1	829
7.5568695068359375	1	630
7.56407904624939	1	65535
7.564176559448242	1	13824
7.573004961013794	1	630
7.574556589126587	-1	172
7.575669527053833	-1	172
7.577923536300659	1	65535
7.578043222427368	1	22464
7.580589056015015	-1	347
7.584094285964966	1	5400
7.5914835929870605	1	3039
7.591610431671143	-1	119
7.597703218460083	1	159
7.597822427749634	-1	119
7.599348068237305	1	6090
7.602097272872925	-1	181
7.602342844009399	-1	180
7.6036458015441895	-1	182
7.606346607208252	-1	183
7.606555938720703	-1	193
7.620609283447266	1	4408
7.620827913284302	1	4174
7.623255729675293	1	6889
7.626255989074707	1	119
7.635253190994263	1	8978
7.636033058166504	1	5915
7.636177062988281	1	276
7.64087700843811	-1	460
7.643261909484863	1	119
7.643597364425659	-1	127
7.643921852111816	-1	112
7.653913974761963	1	1705
7.658131122589111	1	2968
7.692775249481201	1	32856
7.69421911239624	1	9990
7.707102537155151	1	1501
7.708178281784058	1	3047
7.714192152023315	1	597
7.715765953063965	-1	298
7.735182523727417	-1	195
7.735412836074829	-1	174
7.735718488693237	-1	179
7.737347602844238	1	235
7.737550735473633	-1	139
7.738957405090332	-1	460
7.752752065658569	1	32856
7.752776145935059	1	15116
7.770005702972412	-1	605
7.77229118347168	1	369
7.777657508850098	-1	605
7.778623342514038	-1	605
7.784759759902954	-1	605
7.795085430145264	1	4408
7.796796560287476	1	257
7.797353029251099	-1	181
7.797380208969116	1	4577
7.798415899276733	-1	181
7.811228036880493	1	330
7.813096761703491	1	4577
7.813409805297852	1	330
7.816210031509399	-1	181
7.823678493499756	1	6481
7.826055288314819	1	2968
7.833381414413452	-1	177
7.836845636367798	1	2408
7.8419716358184814	1	330
7.8491456508636475	-1	214
7.850855588912964	-1	265
7.850932598114014	-1	478
7.85943078994751	1	32856
7.859655141830444	1	32856
7.860109329223633	1	32856
7.860120534896851	1	32856
7.860166072845459	1	12332
7.89224648475647	1	16424
7.892362833023071	1	18666
7.896353721618652	1	10704
7.901691198348999	1	9961
7.901855707168579	1	346
7.904998302459717	1	157
7.905257940292358	-1	126
7.915595054626465	-1	265
7.915710687637329	-1	336
7.917266845703125	-1	179
7.9191319942474365	-1	265
7.919251918792725	-1	340
7.919648885726929	-1	460
7.921436309814453	-1	174
7.9242002964019775	-1	265
7.924312353134155	-1	335
7.930543422698975	1	2890
7.935462713241577	1	3046
7.9357428550720215	-1	126
7.937189340591431	1	2733
7.937817811965942	1	8728
7.9384729862213135	-1	126
7.942937612533569	-1	169
7.955041170120239	1	166
7.955493927001953	-1	126
7.9567670822143555	1	294
7.95827054977417	1	1950
7.96025538444519	1	5714
7.979272127151489	1	23598
7.987557888031006	1	2694
7.995287656784058	1	26773
7.996534585952759	-1	134
7.996803522109985	-1	119
8.00325632095337	1	126
8.003803968429565	-1	134
8.005277395248413	-1	119
8.034412145614624	1	2953
8.041584014892578	1	17315
8.050434350967407	1	29282
8.051063060760498	1	26628
8.051430225372314	1	18721
8.067503213882446	-1	605
8.06879186630249	-1	605
8.068991899490356	-1	172
8.077716588973999	-1	134
8.077806234359741	-1	134
8.077862977981567	-1	134
8.078015327453613	-1	134
8.078068256378174	-1	134
8.078115463256836	-1	127
8.078212976455688	-1	134
8.078891038894653	-1	134
8.078928232192993	-1	134
8.079289436340332	-1	134
8.07932162284851	-1	134
8.079358100891113	-1	134
8.079517841339111	-1	134
8.079563617706299	-1	127
8.079597234725952	-1	134
8.079663515090942	-1	134
8.079689741134644	-1	134
8.079715251922607	-1	127
8.079756259918213	-1	127
8.079781532287598	-1	134
8.079820394515991	-1	127
8.079845190048218	-1	134
8.079871416091919	-1	127
8.079896211624146	-1	127
8.079916000366211	-1	134
8.079937219619751	-1	127
8.079970121383667	-1	134
8.081251382827759	-1	119
8.081417322158813	-1	112
8.081510305404663	-1	119
8.081592798233032	-1	119
8.081783056259155	-1	119
8.08189082145691	-1	119
8.081983089447021	-1	119
8.083459854125977	-1	119
8.083742618560791	-1	119
8.083849668502808	-1	119
8.083971500396729	-1	119
8.084076881408691	-1	119
8.084178447723389	-1	119
8.084459066390991	-1	112
8.084629535675049	-1	112
8.084747076034546	-1	112
8.08486819267273	-1	119
8.085139989852905	-1	119
8.085257768630981	-1	112
8.085370779037476	-1	119
8.08547067642212	-1	119
8.085738897323608	-1	112
8.08584451675415	-1	119
8.085967779159546	-1	112
8.086067914962769	-1	112
8.086379051208496	-1	119
8.08662724494934	-1	119
8.095698118209839	-1	605
8.099354982376099	-1	605
8.104815244674683	1	58500
8.109374046325684	-1	605
8.11684250831604	-1	605
8.12079119682312	1	65535
8.120824337005615	1	22254
8.124216794967651	1	2968
8.131661653518677	1	2968
8.135363101959229	1	1467
8.135621309280396	-1	127
8.135803699493408	-1	112
8.147874116897583	1	2407
8.152910947799683	1	2408
8.161109209060669	-1	214
8.166916131973267	1	65535
8.167015790939331	1	65535
8.167083978652954	1	39736
8.170642852783203	1	2968
8.170677185058594	1	2968
8.17448616027832	-1	214
8.184957027435303	1	2406
8.186560153961182	1	2407
8.18800950050354	1	16300
8.192311763763428	1	2968
8.195778846740723	1	7018
8.19773530960083	-1	214
8.204767942428589	1	2406
8.204935312271118	1	2968
8.209291219711304	1	2406
8.210435152053833	-1	214
8.220552206039429	-1	214
8.227309942245483	-1	214
8.228804111480713	-1	605
8.23076343536377	-1	605
8.234529495239258	1	415
8.237125158309937	1	346
8.237395286560059	-1	605
8.238848447799683	1	157
8.245973110198975	1	65535
8.246010303497314	1	46932
8.259894609451294	1	415
8.28778862953186	1	65535
8.28791880607605	1	65535
8.28803563117981	1	65535
8.294867992401123	1	3582
8.295835494995117	1	3582
8.296733140945435	1	346
8.30182433128357	1	346
8.301827430725098	1	157
8.303469896316528	1	415
8.304055452346802	1	157
8.305037498474121	1	2968
8.306555032730103	-1	605
8.311344385147095	1	1536
8.321627616882324	-1	214
8.35488772392273	1	65535
8.35501503944397	1	65535
8.355103015899658	1	65535
8.355186223983765	1	65535
8.355333805084229	1	65535
8.355452060699463	1	65535
8.355530261993408	1	65535
8.355605363845825	1	45462
8.378862857818604	-1	265
8.378973722457886	-1	478
8.382065534591675	1	2968
8.383898496627808	-1	126
8.38447642326355	-1	265
8.384572267532349	-1	475
8.385556936264038	1	346
8.38645625114441	1	157
8.389701843261719	-1	265
8.389898300170898	-1	475
8.390445232391357	-1	265
8.390543937683105	-1	475
8.390697002410889	-1	126
8.39350700378418	1	40618
8.392667293548584	-1	126
8.393850326538086	-1	126
8.3977210521698	1	966
8.408139944076538	-1	214
8.410398483276367	-1	265
8.410510540008545	-1	475
8.411071062088013	-1	265
8.411155223846436	-1	403
8.411755561828613	-1	126
8.43338918685913	-1	168
8.434135913848877	-1	258
8.434214115142822	-1	315
8.435806274414062	1	126
8.43910551071167	-1	168
8.4401273727417	-1	258
8.440203428268433	-1	367
8.44050407409668	1	279
8.44091510772705	-1	134
8.441213846206665	-1	119
8.444695711135864	1	317
8.444755792617798	1	126
8.445206642150879	-1	134
8.44551157951355	-1	119
8.44736099243164	1	279
8.44736099243164	1	317
8.448942184448242	-1	134
8.449415683746338	-1	134
8.45022988319397	-1	119
8.450440645217896	-1	119
8.45244550704956	-1	265
8.452542781829834	-1	661
8.452900886535645	-1	126
8.469560384750366	1	415
8.470295667648315	-1	126
8.473069190979004	1	630
8.473583698272705	1	630
8.47413182258606	1	126
8.474563360214233	1	280
8.475067138671875	-1	134
8.475658416748047	-1	119
8.509875535964966	1	159
8.50996994972229	1	126
8.510103225708008	-1	119
8.511506080627441	1	5848
8.51249074935913	1	159
8.512607097625732	1	127
8.51270079612732	-1	119
8.514089822769165	1	936
8.519582033157349	1	119
8.522846937179565	1	767
8.523525953292847	1	126
8.567266464233398	1	399
8.703273296356201	1	65535
8.70335602760315	1	65535
8.703433990478516	1	57049
9.528003692626953	-1	265
9.528129816055298	-1	475
9.52940845489502	-1	126
9.530344486236572	-1	119
9.588082313537598	1	317
9.588535070419312	-1	134
9.588860273361206	-1	119
9.61283564567566	-1	653
9.613891124725342	-1	605
9.614888191223145	-1	605
9.634096384048462	-1	605
9.635132789611816	-1	605
9.655021667480469	1	1528
9.664799451828003	1	234
9.664799928665161	1	2142
9.665334224700928	-1	139
9.670108556747437	1	2968
9.673513412475586	1	2944
9.683966636657715	1	1536
9.69150161743164	1	2968
9.715766191482544	1	1810
9.715766191482544	1	157
10.002132415771484	1	989
10.606229066848755	1	3578
11.688204050064087	-1	214
11.689109086990356	-1	265
11.689195156097412	-1	475
11.70223593711853	-1	214
11.70888352394104	-1	214
11.709581136703491	-1	168
11.710615634918213	-1	168
11.710952758789062	-1	341
11.71108365058899	-1	341
11.711208581924438	-1	341
11.711334705352783	-1	342
11.71146297454834	-1	342
11.71158766746521	-1	342
11.711706161499023	-1	342
11.711779594421387	-1	342
11.712311506271362	-1	126
11.712568759918213	-1	258
11.71260404586792	-1	321
11.712656497955322	-1	454
11.71278429031372	-1	342
11.712967872619629	-1	258
11.713019609451294	-1	316
11.713289022445679	-1	265
11.713325262069702	-1	617
11.713959455490112	-1	343
11.71410608291626	-1	443
11.714377164840698	-1	579
11.71466612815857	-1	287
11.731043815612793	1	258
11.752285480499268	1	630
11.752285480499268	1	317
11.762939691543579	1	415
11.763429164886475	-1	126
11.763506174087524	1	415
11.76672911643982	1	464
11.76703429222107	-1	265
11.76707673072815	-1	566
11.767609357833862	-1	126
11.76960802078247	-1	605
11.770134449005127	1	388
11.77042007446289	1	674
11.781754493713379	1	163
11.788098335266113	-1	455
11.79597806930542	1	5919
11.79615569114685	-1	119
11.80682921409607	1	669
11.806878566741943	1	238
11.807180166244507	-1	119
11.817047595977783	1	163
11.817339658737183	1	126
11.817494630813599	1	3578
11.820269346237183	-1	168
11.820769548416138	-1	258
11.820818901062012	-1	280
11.826172113418579	1	721
11.826215505599976	1	4397
11.833575010299683	1	1528
11.83371901512146	1	594
11.834010124206543	1	4408
11.843833684921265	1	1526
11.843903303146362	1	2641
11.8611319065094	1	598
11.861518383026123	1	1182
11.862296342849731	-1	127
11.862597703933716	-1	112
11.866024255752563	-1	213
11.907733678817749	1	631
11.908023834228516	-1	119
11.910793542861938	-1	339
11.932858943939209	-1	207
11.97264313697815	1	12437
11.972677946090698	1	1528
11.974441766738892	-1	605
11.982375383377075	1	2941
11.9843590259552	-1	605
12.01131558418274	1	3295
12.012320518493652	1	8728
12.013389110565186	1	8728
12.014063358306885	-1	214
12.027539253234863	1	3295
12.029417514801025	-1	214
12.04750919342041	1	415
12.053473949432373	1	32856
12.05410623550415	1	7288
12.06362247467041	1	415
12.063753128051758	1	322
12.06586742401123	-1	265
12.065902471542358	-1	444
12.065927267074585	-1	429
12.06609559059143	-1	126
12.08574628829956	-1	265
12.085850477218628	-1	862
12.086435794830322	-1	126
12.097359418869019	1	5284
12.12183427810669	1	367
12.12183427810669	1	422
12.215607166290283	-1	605
12.234794855117798	-1	178
12.264107942581177	1	5164
12.265838146209717	-1	168
12.266119480133057	-1	258
12.266141653060913	-1	303
12.275239706039429	1	4530
12.316948175430298	1	630
12.322988510131836	-1	228
12.3230619430542	-1	900
12.330315351486206	-1	605
12.358887195587158	1	1747
12.359022855758667	1	214
12.360133409500122	-1	119
12.398804903030396	1	4417
12.410311698913574	-1	214
12.411658763885498	-1	265
12.411728858947754	-1	738
12.415008783340454	-1	194
12.415062665939331	-1	881
12.448341369628906	1	191
12.478954076766968	1	415
12.479875802993774	-1	126
12.546247720718384	1	1555
12.58732533454895	1	1469
12.63749623298645	-1	184
12.641727209091187	-1	185
12.642027616500854	-1	181
12.642285346984863	-1	178
12.679034948348999	1	8728
12.679394006729126	1	2367
12.682787895202637	-1	605
12.719993352890015	1	9809
12.7216956615448	1	17069
12.722474575042725	1	7781
12.737634897232056	1	2968
12.7411470413208	1	1536
12.752301692962646	-1	214
12.753605127334595	-1	265
12.753676652908325	-1	1312
12.755155563354492	-1	179
12.759695768356323	-1	179
12.760390043258667	-1	178
12.76065707206726	-1	182
12.761414051055908	-1	182
12.761906385421753	-1	179
12.79441523551941	1	874
12.806788206100464	1	415
12.807183742523193	-1	126
12.839591979980469	1	12943
12.841649770736694	1	1637
12.849820375442505	-1	174
12.850918292999268	-1	178
12.851032733917236	-1	177
12.861774682998657	1	126
12.883364200592041	-1	367
12.890661478042603	1	4391
12.89780855178833	1	168
12.898753643035889	-1	449
12.903216361999512	1	419
12.909330368041992	1	191
12.934923887252808	1	2587
12.938929557800293	1	7270
12.9408278465271	-1	450
12.945526599884033	-1	178
12.945684432983398	-1	176
12.972270011901855	-1	605
12.9799644947052	1	706
12.981905460357666	-1	455
12.984628915786743	1	2117
13.021270751953125	1	2944
13.024884223937988	1	3679
13.031501770019531	1	4566
13.040125131607056	-1	214
13.080698728561401	1	2944
13.0818612575531	-1	406
13.093625545501709	1	22936
13.09505319595337	1	415
13.11170506477356	1	7228
13.144169569015503	-1	483
13.14668345451355	1	576
13.147391080856323	1	126
13.156633377075195	1	921
13.156887769699097	-1	119
13.15870475769043	-1	265
13.15959358215332	-1	376
13.159677267074585	-1	686
13.160137414932251	-1	126
13.189118385314941	-1	605
13.19684648513794	-1	605
13.205957651138306	1	10084
13.206032514572144	1	428
13.210829019546509	-1	605
13.211426496505737	1	126
13.243102550506592	1	2968
13.248385429382324	1	2944
13.249886751174927	1	2407
13.250726699829102	1	1136
13.2516028881073	1	2968
13.255355596542358	-1	214
13.256101846694946	-1	265
13.256130456924438	-1	598
13.258912086486816	1	2406
13.259735584259033	-1	214
13.265177249908447	-1	214
13.265247106552124	-1	453
13.265946388244629	-1	265
13.265979528427124	-1	459
13.266671180725098	1	130
13.275173425674438	1	818
13.283642053604126	-1	313
13.29920744895935	1	258
13.30839204788208	1	415
13.308812141418457	-1	126
13.319392681121826	1	415
13.31997299194336	-1	126
13.33778977394104	1	1073
13.349847316741943	-1	480
13.361656427383423	1	126
13.37378215789795	1	126
13.415354013442993	1	768
13.42753267288208	1	256
13.42753267288208	1	331
13.450274467468262	-1	462
13.520265817642212	1	425
13.530406951904297	1	1535
14.293704986572266	1	2798
14.297779560089111	-1	456
14.337174654006958	1	595
14.907987833023071	1	232
14.91181755065918	-1	468
14.95232105255127	1	3881
14.95649766921997	-1	466
16.395968914031982	1	2917
16.399344444274902	-1	478
16.43389391899109	-1	605
16.473724365234375	1	235
16.474545001983643	-1	139
16.47814154624939	-1	509
17.057002305984497	1	1092
17.05973219871521	-1	478
17.100809574127197	1	771
17.104002714157104	-1	477
17.14275050163269	1	900
17.449404001235962	-1	194
17.44954490661621	-1	880
17.479472398757935	1	214
17.634854316711426	-1	1086
17.702634572982788	1	317
18.54715895652771	-1	134
21.831302165985107	-1	134
21.857916831970215	-1	127
21.858630180358887	-1	134
21.922529697418213	-1	127
21.995006561279297	-1	127
22.136744499206543	-1	134
22.151658296585083	1	1765
22.378786325454712	-1	127
22.44410514831543	-1	189
22.444215297698975	-1	881
22.63336181640625	-1	945
22.652463912963867	1	214
22.71133518218994	1	318
23.04213309288025	-1	127
23.16203212738037	-1	134
23.288612365722656	-1	134
23.383923053741455	-1	449
23.39183235168457	-1	134
23.423332929611206	1	1108
23.436344861984253	-1	476
23.436659574508667	-1	505
23.442538499832153	-1	134
23.44376301765442	-1	134
23.476248025894165	1	3772
23.47714114189148	1	1541
23.51740550994873	1	8656
23.5361750125885	-1	134
23.568923234939575	1	19537
23.65015935897827	-1	460
23.688560962677002	1	950
24.12686538696289	-1	605
24.737562656402588	1	3960
24.751044988632202	-1	214
24.752004146575928	-1	515
24.857638120651245	1	258
25.04801106452942	1	827
25.051302671432495	-1	420
25.354363679885864	1	8258
25.376641988754272	-1	461
25.41961908340454	1	1110
25.432934045791626	-1	488
25.433270931243896	-1	517
25.471261262893677	1	866
25.868223428726196	1	774
25.868223428726196	1	5968
