1.1124355792999268	-1	605
1.2067406177520752	1	4098
1.2167351245880127	-1	168
1.2172181606292725	-1	1037
1.3070309162139893	1	662
1.4017648696899414	1	2271
1.402379035949707	-1	112
2.6126492023468018	-1	605
2.6299936771392822	1	3713
2.75901460647583	-1	605
2.796980142593384	1	1516
2.853148937225342	1	2564
2.8601126670837402	-1	214
2.860978841781616	-1	464
3.1153171062469482	-1	168
3.11607027053833	-1	258
3.116129159927368	-1	349
3.125990152359009	1	724
3.126394748687744	-1	119
3.1370816230773926	1	119
3.139134407043457	1	10168
3.143601655960083	1	23114
3.148190975189209	1	13048
3.1512632369995117	1	4408
3.153179883956909	1	7288
3.1967623233795166	1	12547
3.239765167236328	1	1283
3.2504076957702637	-1	605
3.2514138221740723	-1	491
3.2633213996887207	-1	605
3.264340400695801	-1	605
3.265615701675415	-1	605
3.2679643630981445	-1	605
3.268866539001465	-1	605
3.2696609497070312	-1	605
3.270451545715332	-1	605
3.2787346839904785	1	3555
3.281923770904541	-1	173
3.293213129043579	1	1658
3.294189453125	1	2968
3.294893503189087	1	828
3.2972042560577393	1	3708
3.29793381690979	1	3708
3.3070731163024902	1	338
3.3076634407043457	1	3708
3.3079943656921387	1	3708
3.3092522621154785	1	3708
3.310467481613159	1	3708
3.322042226791382	-1	407
3.3505570888519287	-1	168
3.351494550704956	-1	258
3.3515803813934326	-1	326
3.353590726852417	-1	168
3.3553109169006348	-1	258
3.3553903102874756	-1	310
3.355736255645752	-1	190
3.3569648265838623	-1	168
3.3576505184173584	-1	258
3.3577396869659424	-1	328
3.358670234680176	1	2361
3.3587486743927	-1	168
3.359971046447754	-1	258
3.360055446624756	-1	314
3.379342794418335	1	724
3.3797950744628906	-1	119
3.386226177215576	-1	168
3.3875677585601807	-1	168
3.388369083404541	-1	258
3.3884568214416504	-1	325
3.3900489807128906	1	724
3.3907034397125244	1	724
3.3933887481689453	-1	258
3.3934953212738037	-1	303
3.397508382797241	1	724
3.4008216857910156	1	7971
3.4067306518554688	1	10199
3.417733907699585	1	724
3.421924352645874	1	119
3.4228107929229736	1	4408
3.423764705657959	1	8728
3.4257850646972656	1	5253
3.4277241230010986	1	724
3.428948163986206	1	119
3.429975986480713	1	119
3.4309275150299072	1	5848
3.4313459396362305	1	3359
3.433535099029541	1	5848
3.4352827072143555	1	2968
3.4436967372894287	1	119
3.444758653640747	1	5848
3.4489214420318604	1	6184
3.4491357803344727	1	23128
3.449920892715454	1	2789
3.450080633163452	1	8728
3.460268259048462	1	119
3.4620931148529053	1	5635
3.496737480163574	1	13734
4.397962808609009	-1	168
4.398372173309326	-1	119
4.399249076843262	-1	119
4.3994667530059814	-1	127
4.399628162384033	-1	119
4.399758815765381	-1	127
4.399957180023193	-1	258
4.39997673034668	-1	316
4.400097608566284	-1	119
4.400259494781494	-1	127
4.400526285171509	-1	119
4.4008800983428955	-1	127
4.400994062423706	-1	112
4.401075839996338	-1	112
4.401156425476074	-1	112
4.401300668716431	-1	112
4.40280294418335	-1	605
4.404308557510376	-1	605
4.424668312072754	1	724
4.424855947494507	-1	119
4.44172477722168	-1	243
4.441837549209595	-1	188
4.44257926940918	1	235
4.442746639251709	-1	139
4.443793773651123	-1	520
4.444933652877808	1	2944
4.446227550506592	1	989
4.448301553726196	-1	214
4.448561906814575	-1	452
4.451667070388794	1	119
4.452692985534668	1	4408
4.454038858413696	1	2380
4.4542765617370605	-1	127
4.454333305358887	-1	112
4.502098321914673	-1	246
4.502415895462036	-1	187
4.502698183059692	-1	188
4.503843307495117	-1	179
4.504876375198364	-1	189
4.509683609008789	1	2968
4.513722896575928	1	2968
4.523664712905884	1	4372
4.54596734046936	1	32856
4.546035289764404	1	12014
4.553246974945068	1	5848
4.556029319763184	1	2968
4.567409992218018	1	6479
4.576082944869995	1	8656
4.5768022537231445	1	10084
4.585198879241943	1	32856
4.587535619735718	1	5848
4.588667154312134	1	15796
4.597200155258179	1	32856
4.598531723022461	1	8728
4.59971284866333	1	4408
4.6076648235321045	1	12149
4.609400510787964	-1	455
4.635476350784302	1	18652
4.64072847366333	1	12464
4.651451826095581	1	2024
4.656915664672852	1	5800
4.670871257781982	1	12940
4.711076259613037	-1	168
4.711209535598755	-1	202
4.71784234046936	-1	201
4.726225852966309	1	737
4.7488672733306885	1	5292
4.755782127380371	-1	605
4.784912586212158	1	1642
4.788956165313721	1	3563
4.790017366409302	-1	181
4.820263147354126	1	431
4.830066919326782	-1	265
4.830110549926758	-1	398
4.830217361450195	-1	126
4.862064838409424	1	3085
5.01317834854126	1	31448
5.047920227050781	1	22876
5.562280178070068	-1	188
5.563839435577393	-1	225
5.564840793609619	-1	605
5.564964771270752	-1	173
5.571073293685913	-1	605
5.5780322551727295	1	5921
5.582013845443726	-1	605
5.5828776359558105	-1	605
5.583766460418701	-1	605
5.584812641143799	-1	605
5.585709810256958	-1	605
5.586603164672852	-1	605
5.588334798812866	-1	605
5.588458776473999	-1	200
5.590315103530884	1	1328
5.590876817703247	-1	605
5.5976550579071045	1	4108
5.5982043743133545	1	3140
5.598657608032227	1	258
5.59987211227417	-1	181
5.600570440292358	1	3822
5.600581407546997	1	3121
5.600966453552246	1	1428
5.601031064987183	-1	605
5.6020188331604	-1	414
5.602969169616699	-1	605
5.603970766067505	-1	605
5.60400915145874	1	2779
5.605036735534668	-1	173
5.612008094787598	1	3560
5.613127708435059	-1	181
5.613348722457886	1	3560
5.6144630908966064	-1	181
5.615226745605469	1	3560
5.615895986557007	1	3560
5.618431568145752	-1	181
5.6185221672058105	-1	607
5.619217395782471	1	415
5.619287014007568	-1	606
5.620357036590576	-1	181
5.620471000671387	-1	617
5.621485710144043	-1	607
5.624695301055908	1	3555
5.625861406326294	1	3560
5.62638521194458	-1	181
5.6270856857299805	-1	434
5.628255367279053	1	3560
5.628629446029663	-1	181
5.628637313842773	1	378
5.630013942718506	-1	617
5.6314637660980225	-1	181
5.632392406463623	-1	501
5.632754802703857	1	774
5.633335113525391	1	354
5.635148286819458	1	3554
5.640199422836304	1	362
5.642277956008911	-1	173
5.64291524887085	-1	257
5.6429362297058105	-1	314
5.643817663192749	1	362
5.643883228302002	1	362
5.647800922393799	1	362
5.6492016315460205	1	3870
5.650363445281982	-1	173
5.65562629699707	1	362
5.6569859981536865	1	378
5.660137891769409	1	362
5.669939041137695	1	728
5.670198917388916	-1	564
5.67104172706604	1	415
5.671382904052734	-1	118
5.6732423305511475	1	399
5.675169229507446	1	705
5.67652440071106	1	871
5.67990517616272	1	711
5.682114124298096	1	790
5.6846160888671875	1	373
5.687518119812012	-1	605
5.69478178024292	-1	605
5.700486898422241	1	856
5.700502395629883	1	938
5.700530529022217	1	289
5.702341318130493	-1	1071
5.702831029891968	1	1127
5.715245246887207	1	3560
5.717940092086792	-1	205
5.724504232406616	-1	249
5.728518009185791	1	1516
5.728817939758301	1	704
5.730969667434692	-1	205
5.736867904663086	-1	605
5.737637758255005	1	3510
5.73995041847229	-1	458
5.740725517272949	1	7641
5.742115497589111	1	478
5.746159315109253	-1	605
5.746440887451172	1	386
5.746885538101196	-1	605
5.751586198806763	1	7443
5.753319501876831	-1	173
5.755736827850342	-1	406
5.759515047073364	-1	605
5.76002836227417	-1	725
5.761312484741211	1	4184
5.764368057250977	1	3347
5.76468825340271	1	338
5.76641583442688	1	386
5.767104148864746	-1	173
5.767409563064575	-1	621
5.778095006942749	1	338
5.779710054397583	1	5800
5.791731834411621	1	3221
5.7939674854278564	1	10084
5.7953996658325195	1	298
5.79933500289917	1	1516
5.8030359745025635	-1	605
5.8035805225372314	1	1516
5.811099052429199	-1	605
5.8111796379089355	1	1858
5.818113088607788	1	4307
5.827325344085693	-1	168
5.8276686668396	-1	258
5.827689170837402	-1	288
5.831457614898682	1	1841
5.833147287368774	-1	605
5.834398031234741	1	3708
5.836281776428223	-1	168
5.836623191833496	-1	258
5.83665132522583	-1	359
5.838334321975708	1	724
5.838684320449829	-1	119
5.840222120285034	-1	605
5.84031081199646	-1	589
5.8438684940338135	1	3708
5.84473443031311	1	1214
5.845276594161987	-1	168
5.845534801483154	-1	258
5.845556974411011	-1	360
5.849293231964111	-1	605
5.8533854484558105	1	2426
5.854418754577637	1	119
5.855478048324585	-1	214
5.855889081954956	-1	265
5.855906248092651	-1	334
5.856828927993774	-1	605
5.856867074966431	1	7443
5.858134031295776	-1	173
5.8583643436431885	1	16168
5.85984468460083	1	6788
5.860520124435425	-1	515
5.862661361694336	1	724
5.864269018173218	-1	119
5.864850759506226	-1	456
5.866601228713989	1	986
5.8673012256622314	1	2768
5.870830774307251	-1	257
5.870861291885376	-1	283
5.871343374252319	1	724
5.871419191360474	1	861
5.872035503387451	-1	657
5.872889518737793	1	338
5.873261451721191	-1	657
5.873489141464233	-1	118
5.873685598373413	-1	119
5.8760666847229	-1	190
5.876286268234253	1	2473
5.8764989376068115	1	3708
5.879150867462158	-1	168
5.879800796508789	-1	258
5.879833936691284	-1	368
5.886791706085205	1	118
5.888000011444092	1	6788
5.888415336608887	-1	1373
5.895479440689087	1	3708
5.895483732223511	1	13979
5.896017789840698	1	8128
5.896238088607788	1	3708
5.896238088607788	1	236
5.896490812301636	1	236
5.8996217250823975	1	1107
5.902859210968018	-1	792
5.903030633926392	1	119
5.903059005737305	-1	131
5.903895378112793	1	3453
5.904510259628296	-1	131
5.908882141113281	-1	168
5.909298896789551	-1	168
5.910010576248169	-1	624
5.910271406173706	-1	531
5.91045069694519	-1	258
5.910474061965942	-1	360
5.910588026046753	-1	258
5.910611391067505	-1	367
5.910643815994263	-1	582
5.910674095153809	-1	595
5.913494348526001	-1	257
5.913527488708496	-1	320
5.913738489151001	-1	118
5.917241096496582	1	397
5.919018268585205	1	15133
5.919243335723877	-1	119
5.920077085494995	1	2968
5.920384645462036	1	2223
5.9273600578308105	1	962
5.936750411987305	1	23128
5.93769383430481	1	118
5.94089674949646	1	724
5.941362619400024	-1	119
5.9422571659088135	1	5848
5.9446024894714355	1	1565
5.944740533828735	1	8274
5.944934844970703	-1	127
5.945005655288696	-1	112
5.9476354122161865	1	3590
5.948329210281372	1	4240
5.949053525924683	1	724
5.949258089065552	-1	119
5.952820539474487	1	16165
5.9566051959991455	-1	605
5.9648051261901855	1	3890
5.965388298034668	-1	127
5.965549945831299	-1	112
5.966299533843994	1	2968
5.9668192863464355	1	5848
5.969964265823364	1	5848
5.970801591873169	1	2968
5.970995187759399	1	119
5.971876621246338	1	32856
5.971948623657227	1	1880
5.973937034606934	1	1793
5.974189043045044	-1	126
5.977706670761108	1	4413
5.982432126998901	1	21688
5.985442399978638	-1	605
5.9862754344940186	1	119
5.986441135406494	1	4924
5.9865641593933105	1	32856
5.986644744873047	-1	605
5.987878084182739	-1	605
5.989494800567627	-1	605
5.990772485733032	-1	605
5.994239807128906	1	21688
5.9970338344573975	1	2968
5.997699975967407	1	1066
5.997816801071167	1	11198
5.9980149269104	1	828
5.999765634536743	1	3831
6.00024676322937	1	118
6.0015552043914795	1	2301
6.004991292953491	1	32856
6.00664210319519	1	14200
6.007813215255737	1	5158
6.008999824523926	1	13048
6.009012460708618	-1	168
6.009582757949829	-1	258
6.009641408920288	-1	322
6.020234107971191	1	1596
6.020745277404785	1	2409
6.0230937004089355	1	435
6.0247368812561035	1	23467
6.024863243103027	-1	214
6.028773307800293	1	20697
6.028783082962036	1	7572
6.028828382492065	1	22304
6.029320478439331	-1	127
6.029556512832642	-1	127
6.030768156051636	-1	112
6.032631158828735	-1	112
6.03525972366333	1	156
6.035265684127808	1	3917
6.035663366317749	1	3917
6.036360502243042	1	4196
6.036476135253906	1	435
6.037729978561401	1	435
6.040520191192627	1	724
6.043166399002075	-1	214
6.048435688018799	-1	214
6.053860187530518	-1	214
6.0541605949401855	-1	119
6.058343887329102	1	258
6.069794178009033	1	119
6.074634313583374	1	32856
6.0845863819122314	1	213
6.084808588027954	1	133
6.09107780456543	1	258
6.0976972579956055	1	207
6.098252058029175	1	139
6.107714891433716	1	3917
6.111955165863037	1	435
6.11544394493103	-1	214
6.116765975952148	1	9654
6.160012722015381	1	258
6.658257007598877	-1	460
6.668940544128418	-1	619
6.668999910354614	-1	664
6.683453321456909	1	2002
6.698525667190552	1	3453
6.702890634536743	1	494
6.725725412368774	-1	841
6.7666871547698975	-1	841
6.7845823764801025	-1	841
6.788963079452515	-1	841
6.806094646453857	-1	842
6.809772253036499	1	32856
6.809792757034302	1	11588
6.811223030090332	1	1293
6.8114824295043945	-1	841
6.832586765289307	1	1295
6.8328752517700195	-1	842
6.8365418910980225	1	1563
6.836754560470581	-1	840
6.84281325340271	1	10084
6.847164154052734	1	1291
6.847610950469971	-1	840
6.848611354827881	1	1294
6.848835229873657	-1	842
6.8555402755737305	1	1291
6.855799674987793	-1	842
6.8594019412994385	1	30076
6.868582487106323	-1	671
6.8692662715911865	-1	668
6.885299921035767	1	1292
6.886064529418945	-1	842
6.888842821121216	1	1678
6.889098882675171	-1	843
6.89132022857666	1	1292
6.891599178314209	1	1363
6.892014503479004	-1	842
6.892080068588257	-1	842
6.899096250534058	1	367
6.904519081115723	1	1295
6.904669284820557	1	367
6.904786109924316	-1	840
6.9111247062683105	1	14368
6.9285571575164795	1	1292
6.92879319190979	-1	840
6.933291673660278	1	30076
6.939407825469971	1	1294
6.939650297164917	-1	842
6.943202495574951	1	1290
6.943440914154053	-1	842
6.954554796218872	1	1363
6.9547412395477295	-1	842
6.972121238708496	1	1279
6.9723124504089355	-1	842
6.982855796813965	1	21508
6.98622989654541	1	1291
6.98629903793335	1	1292
6.98653507232666	-1	840
6.986748695373535	-1	840
7.001720428466797	1	1293
7.001978635787964	-1	840
7.007193565368652	1	1294
7.007367134094238	-1	840
7.0171849727630615	-1	671
7.0211663246154785	-1	668
7.027054309844971	1	18652
7.037175178527832	1	1279
7.037366628646851	-1	840
7.040654182434082	1	1280
7.045103311538696	1	367
7.051023006439209	1	1278
7.051042318344116	1	1277
7.052088737487793	-1	605
7.0574116706848145	1	367
7.062614440917969	1	17224
7.0652241706848145	-1	1085
7.078063488006592	-1	1085
7.081479787826538	1	7228
7.088776588439941	1	1322
7.090087413787842	-1	1085
7.095385313034058	1	3252
7.117057800292969	1	1295
7.145394802093506	1	10355
7.209096431732178	1	5682
7.215044021606445	1	4445
7.252733945846558	1	6946
7.260854959487915	1	8141
7.281357049942017	1	5682
7.324918031692505	1	6972
8.10131311416626	-1	181
8.10171103477478	-1	898
8.102232694625854	-1	671
8.10508131980896	-1	898
8.106541633605957	-1	898
8.106821298599243	-1	898
8.107050657272339	-1	898
8.134795427322388	1	367
8.142799854278564	1	1107
8.142799854278564	1	330
8.143145084381104	1	157
8.143367767333984	-1	898
8.147261619567871	1	1108
8.147563934326172	-1	898
8.154003858566284	1	1107
8.154229402542114	-1	898
8.158088207244873	1	1371
8.15900444984436	-1	898
8.16757607460022	-1	604
8.169444561004639	-1	163
8.170692920684814	-1	588
8.172239542007446	-1	163
8.178562879562378	1	1194
8.17884874343872	-1	898
8.181682348251343	1	1110
8.182482719421387	-1	588
8.183212518692017	-1	163
8.184566497802734	-1	123
8.184651374816895	-1	123
8.189247846603394	1	1106
8.189506769180298	-1	898
8.19416880607605	1	4975
8.195316314697266	-1	123
8.195330142974854	1	3953
8.195868015289307	-1	123
8.207861423492432	1	1371
8.207861423492432	1	1371
8.208164691925049	-1	1087
8.20822024345398	-1	1087
8.2082679271698	1	3953
8.226523399353027	1	1371
8.226736068725586	-1	1088
8.226911067962646	-1	460
8.231691837310791	1	1107
8.23193097114563	-1	1087
8.246849775314331	-1	605
8.252257108688354	-1	460
8.269603490829468	1	922
8.281163215637207	1	1107
8.281383514404297	-1	1088
8.285637378692627	1	1596
8.285809516906738	1	2409
8.28823184967041	1	435
8.289853572845459	-1	214
8.289994716644287	-1	1419
8.291287899017334	1	3455
8.311886072158813	-1	265
8.311914920806885	-1	312
8.312109231948853	-1	126
8.320395708084106	-1	605
8.323982238769531	1	5594
8.3243567943573	1	5848
8.324805736541748	1	1276
8.324936866760254	-1	1088
8.325000286102295	1	207
8.325104475021362	1	139
8.335240125656128	-1	605
8.341511487960815	1	7034
8.343711376190186	1	1528
8.348472833633423	1	126
8.353232622146606	-1	605
8.355121850967407	1	4639
8.358109951019287	1	3917
8.359280347824097	1	435
8.361049175262451	-1	214
8.361507177352905	-1	1413
8.364490747451782	1	8474
8.36470079421997	1	3953
8.36497974395752	1	346
8.365278720855713	-1	1088
8.369040489196777	1	4284
8.370045185089111	-1	605
8.373124599456787	-1	605
8.374222040176392	-1	168
8.37441349029541	-1	1022
8.374416589736938	1	235
8.374637842178345	-1	139
8.376127243041992	-1	1416
8.38472604751587	1	5804
8.384729146957397	1	11361
8.386650562286377	1	662
8.388720035552979	-1	1088
8.389230728149414	1	12744
8.38973331451416	-1	1089
8.39147686958313	-1	755
8.392091989517212	1	4284
8.392695903778076	-1	605
8.39528226852417	-1	168
8.395930528640747	-1	1022
8.399404525756836	1	258
8.404911994934082	1	12267
8.40526270866394	-1	1088
8.40551495552063	1	4184
8.405640602111816	1	188
8.407045125961304	1	235
8.407304286956787	1	348
8.407466888427734	-1	139
8.408667087554932	-1	168
8.408897876739502	-1	1413
8.408978939056396	1	375
8.409121751785278	1	375
8.409736633300781	-1	168
8.411152362823486	-1	1022
8.411381483078003	-1	1021
8.414283275604248	-1	605
8.41440463066101	1	20080
8.414886236190796	-1	453
8.423007488250732	-1	605
8.42593502998352	1	662
8.426242113113403	-1	605
8.43180227279663	1	2768
8.436218738555908	1	4284
8.436564683914185	1	5448
8.438212633132935	-1	168
8.438466310501099	-1	1022
8.439344882965088	1	186
8.439711332321167	-1	605
8.440341711044312	1	346
8.4405677318573	-1	1024
8.444274425506592	1	4284
8.445758581161499	-1	168
8.445758819580078	1	2768
8.445952653884888	-1	1022
8.449613332748413	1	5448
8.449851274490356	1	4796
8.452167510986328	1	375
8.45229721069336	1	375
8.454453706741333	1	901
8.45586633682251	1	2768
8.456078052520752	1	1604
8.456656217575073	1	346
8.456724166870117	1	18652
8.458641529083252	1	1428
8.458707571029663	-1	168
8.458828687667847	1	760
8.459039449691772	1	662
8.459052562713623	-1	1022
8.459298372268677	1	5448
8.464747428894043	-1	1023
8.466926097869873	1	2968
8.466926336288452	1	12789
8.467631340026855	-1	1088
8.469317197799683	-1	605
8.474919080734253	1	372
8.475113153457642	1	21508
8.475630283355713	-1	181
8.475925922393799	-1	265
8.47594952583313	-1	302
8.476359605789185	1	11382
8.476743698120117	1	6788
8.476946830749512	-1	1418
8.477233648300171	1	1428
8.478241682052612	1	4034
8.480962991714478	1	10808
8.481916666030884	1	5448
8.485618352890015	1	346
8.487308740615845	1	13488
8.488516092300415	1	2768
8.489237308502197	1	1604
8.489661931991577	1	2200
8.490594387054443	-1	1023
8.493776798248291	-1	168
8.49446415901184	-1	1024
8.496848583221436	1	2768
8.497305631637573	1	2968
8.49839162826538	1	4253
8.500737190246582	1	11699
8.505192518234253	1	8128
8.507360935211182	1	662
8.510217428207397	1	3013
8.510859489440918	1	5848
8.512172937393188	1	3872
8.513384580612183	-1	1088
8.515068292617798	-1	1415
8.516390085220337	1	11151
8.5167236328125	1	25792
8.517196416854858	1	399
8.517613649368286	-1	126
8.518563270568848	1	4242
8.51904010772705	1	7288
8.51931118965149	1	1451
8.519482851028442	-1	1088
8.525912523269653	1	10808
8.526345014572144	1	346
8.526841163635254	1	6788
8.527173042297363	-1	1416
8.52881908416748	1	2526
8.540741920471191	1	9413
8.541024208068848	-1	1088
8.542386293411255	1	1433
8.55249571800232	-1	755
8.552738904953003	1	20631
8.553462028503418	-1	1024
8.557882308959961	-1	605
8.558492183685303	1	346
8.561901330947876	1	1179
8.562299728393555	1	1678
8.562798261642456	-1	1088
8.56462049484253	-1	1418
8.565255641937256	1	348
8.567076921463013	-1	168
8.568675518035889	-1	1023
8.570486545562744	1	346
8.573769330978394	1	8128
8.578076124191284	1	8128
8.578243732452393	-1	1419
8.586790323257446	1	25792
8.59034276008606	-1	1024
8.592904090881348	1	12306
8.593523263931274	1	6788
8.593661069869995	1	4354
8.595181941986084	-1	1089
8.603048324584961	-1	1415
8.603861570358276	1	346
8.604732275009155	1	126
8.609078168869019	1	2768
8.609588146209717	1	3770
8.610481023788452	1	3285
8.614589929580688	-1	214
8.615178108215332	-1	265
8.615201711654663	-1	479
8.615276575088501	-1	1025
8.620341062545776	1	346
8.62072229385376	1	2939
8.628217458724976	-1	1415
8.632737159729004	1	30076
8.63577938079834	1	2768
8.63906478881836	-1	1415
8.64241886138916	1	346
8.6445791721344	1	7034
8.648081064224243	1	5557
8.648290395736694	1	4242
8.648605823516846	1	3352
8.648771047592163	-1	1088
8.652557373046875	-1	1025
8.660539388656616	1	32856
8.660588026046753	1	13016
8.664592027664185	-1	1024
8.666348695755005	1	415
8.667001962661743	-1	126
8.671089887619019	1	10567
8.672429084777832	1	346
8.67628812789917	1	8474
8.676738023757935	1	13590
8.676905393600464	1	4362
8.677116632461548	-1	1089
8.677184104919434	-1	1420
8.680567026138306	1	346
8.681942462921143	1	2768
8.68265151977539	1	3162
8.688732862472534	1	6005
8.689306259155273	-1	1419
8.70297884941101	-1	1416
8.707491159439087	1	7122
8.720000982284546	1	126
8.721418857574463	1	346
8.722267866134644	1	4453
8.726679563522339	-1	1025
8.728570699691772	1	346
8.739567756652832	-1	1416
8.745274782180786	1	5448
8.748290777206421	1	1753
8.748728275299072	1	5720
8.750203609466553	1	32856
8.750285387039185	1	17300
8.752810001373291	-1	1025
8.753936529159546	-1	605
8.75403118133545	1	346
8.758578777313232	1	2944
8.760737419128418	1	229
8.76473879814148	1	8380
8.765031814575195	-1	1025
8.772510051727295	1	10808
8.773720502853394	1	12555
8.774029016494751	1	4887
8.77709412574768	-1	1416
8.780135154724121	1	346
8.78328275680542	1	5448
8.78591775894165	-1	605
8.786829710006714	1	2968
8.788801908493042	1	415
8.791391611099243	-1	214
8.791572570800781	-1	1025
8.799217939376831	1	4108
8.799327850341797	1	264
8.800733089447021	-1	168
8.800952672958374	-1	1025
8.81054162979126	1	4108
8.810752868652344	1	662
8.811172723770142	1	3005
8.811432123184204	1	3382
8.821489095687866	-1	755
8.823046207427979	1	346
8.82385802268982	1	415
8.824148178100586	1	8128
8.824249982833862	1	7310
8.824732303619385	1	754
8.825028419494629	-1	1024
8.827609062194824	-1	1416
8.836912631988525	-1	755
8.839281797409058	-1	1419
8.839735507965088	1	348
8.840444087982178	-1	168
8.843498468399048	-1	1024
8.845879316329956	1	13488
8.846112489700317	1	1428
8.848733186721802	1	24364
8.852727890014648	1	24817
8.853051662445068	1	348
8.857285737991333	-1	168
8.858893156051636	-1	1025
8.864330291748047	-1	1025
8.866020441055298	1	346
8.876762866973877	1	5448
8.878113746643066	1	6788
8.878548383712769	-1	1419
8.884940147399902	1	6159
8.885140419006348	1	346
8.888743877410889	1	4244
8.889283895492554	1	5448
8.889464855194092	1	2815
8.890732288360596	-1	1024
8.891186237335205	-1	1416
8.89144492149353	-1	265
8.891470193862915	-1	310
8.89152216911316	-1	1416
8.891730308532715	-1	126
8.892727375030518	1	2944
8.894834756851196	1	10808
8.90065598487854	1	2768
8.90182089805603	-1	1417
8.904122829437256	1	4108
8.907763957977295	1	249
8.917188167572021	1	346
8.922954320907593	1	4372
8.924587726593018	1	537
8.92740797996521	-1	1024
8.932109117507935	1	346
8.93590497970581	1	346
8.936137676239014	-1	1024
8.943449020385742	1	346
8.944750308990479	1	18663
8.946997880935669	1	10084
8.948205471038818	1	4108
8.948552370071411	1	2768
8.950430631637573	1	615
8.950988054275513	-1	1418
8.966248035430908	-1	1025
8.971008777618408	-1	605
8.987262964248657	1	6788
8.987444877624512	1	4106
8.988739490509033	1	24599
8.996544599533081	1	346
9.005002737045288	-1	1025
9.007166862487793	1	184
9.010466814041138	1	139
9.010663747787476	-1	139
9.012177228927612	-1	1415
9.023682117462158	1	6788
9.030985116958618	1	1302
9.04507565498352	-1	1024
9.060883045196533	1	4108
9.066367149353027	-1	1024
9.08059287071228	1	8128
9.080727815628052	1	32856
9.080745220184326	1	18728
9.092740058898926	1	346
9.104759454727173	1	4595
9.116757154464722	1	14368
9.124744415283203	1	31026
9.133522272109985	-1	665
9.137647867202759	-1	703
9.137710809707642	-1	699
9.138395309448242	-1	902
9.151510953903198	-1	134
9.151552438735962	-1	126
9.151580810546875	-1	134
9.151806116104126	-1	127
9.151836395263672	-1	127
9.151859521865845	-1	127
9.15191102027893	-1	134
9.152221202850342	-1	134
9.15225100517273	-1	134
9.152279615402222	-1	126
9.152599811553955	-1	127
9.15274453163147	-1	126
9.152773380279541	-1	127
9.152831554412842	-1	127
9.152867794036865	-1	134
9.152925968170166	-1	119
9.154026746749878	-1	112
9.154742002487183	-1	112
9.154969692230225	-1	112
9.15506649017334	-1	112
9.155150175094604	-1	112
9.155235290527344	-1	112
9.155300855636597	-1	112
9.156184196472168	-1	112
9.156257390975952	-1	112
9.156383037567139	-1	112
9.156458139419556	-1	112
9.156611680984497	-1	112
9.156856775283813	-1	119
9.157507181167603	-1	119
9.15757942199707	-1	119
9.157655715942383	-1	119
9.157721042633057	-1	119
9.158419847488403	-1	111
9.158509016036987	-1	111
9.158724784851074	-1	111
9.158813238143921	-1	119
9.158897638320923	-1	119
9.158984661102295	-1	119
9.159054279327393	-1	111
9.159119844436646	-1	111
9.159351825714111	-1	141
9.159447193145752	-1	141
9.159526348114014	-1	119
9.159954071044922	-1	119
9.160043716430664	-1	119
9.160124778747559	-1	119
9.160354375839233	-1	125
9.160446643829346	-1	119
9.16071105003357	-1	111
9.160818815231323	-1	119
9.16122031211853	-1	119
9.161537170410156	-1	119
9.162091255187988	-1	119
9.162226438522339	-1	119
9.16233229637146	-1	111
9.162732601165771	-1	111
9.163035154342651	-1	119
9.163160800933838	-1	111
9.163267135620117	-1	112
9.163373947143555	-1	112
9.163622617721558	-1	112
9.163725852966309	-1	119
9.16381573677063	-1	112
9.165133714675903	-1	112
9.166133880615234	-1	112
9.173011541366577	1	313
9.173232078552246	-1	119
9.17785906791687	-1	605
9.18324589729309	1	483
9.18429946899414	-1	119
9.184645175933838	1	772
9.184912204742432	-1	119
9.190235614776611	1	515
9.190436601638794	-1	119
9.204272747039795	1	1528
9.204441785812378	1	2117
9.205638885498047	-1	173
9.222359657287598	1	338
9.240478992462158	-1	605
9.258393049240112	1	2768
9.260530948638916	1	1439
9.26136064529419	-1	173
9.280629634857178	1	415
9.311419486999512	-1	605
9.326882362365723	1	1528
9.327082633972168	1	32856
9.327169418334961	1	32856
9.328524112701416	1	32856
9.328530311584473	1	8884
9.330321788787842	1	2084
9.365730285644531	-1	416
9.367777109146118	1	4372
9.383704423904419	1	8108
9.38434100151062	-1	111
9.43561339378357	-1	168
9.43654465675354	-1	258
9.436636686325073	-1	1121
9.442461967468262	1	14368
9.447250127792358	1	756
9.44777798652649	-1	119
9.452799320220947	-1	605
9.463467121124268	1	119
9.483473777770996	1	1528
9.484545946121216	1	2268
9.501683473587036	1	27220
9.510882377624512	1	15796
9.515278100967407	-1	168
9.516103267669678	-1	258
9.516177892684937	-1	310
9.527333736419678	1	322
9.542268753051758	1	11512
9.542725086212158	1	662
9.543671607971191	1	150
9.543983459472656	-1	119
9.576489686965942	1	7319
9.581045866012573	1	18652
9.617061614990234	1	946
9.628201484680176	1	8656
9.65541410446167	1	15796
9.669033527374268	-1	647
9.681731462478638	1	236
9.682546854019165	-1	131
9.684794425964355	-1	414
9.697990655899048	1	31504
9.745218515396118	1	1528
9.745826482772827	1	506
9.774659395217896	-1	187
9.802544355392456	1	1528
9.805907487869263	1	464
9.885257720947266	1	65535
9.896143198013306	1	2944
9.91889238357544	1	25792
10.035166263580322	1	7228
10.038583755493164	-1	257
10.038681507110596	-1	295
10.038997888565063	-1	155
10.03952169418335	-1	118
10.055599927902222	1	15796
10.059000492095947	1	118
10.063896417617798	1	5448
10.067354679107666	1	1428
10.07403564453125	1	1428
10.077458381652832	1	22936
10.08211898803711	1	2278
10.087515830993652	1	20080
10.177374839782715	1	8656
10.209737062454224	-1	605
10.25802493095398	1	8656
10.264198541641235	1	3917
10.268285274505615	1	435
10.275127172470093	-1	214
10.32884669303894	1	54352
10.328749895095825	1	258
10.332614421844482	1	10084
10.385152101516724	1	7228
10.412136316299438	1	30076
10.470494747161865	1	15796
10.508079528808594	1	289
10.508610486984253	-1	119
10.566548585891724	1	32932
10.59324312210083	1	1516
10.63002324104309	1	10084
10.67282509803772	1	15796
10.758585214614868	1	31504
10.849153995513916	1	42928
10.892807960510254	1	35788
10.900444746017456	-1	584
10.907167911529541	1	1516
10.960172414779663	1	527
11.020106077194214	1	28648
11.026231050491333	1	8656
11.105739831924438	1	18652
11.127909898757935	1	4372
11.138891696929932	1	15796
11.230177879333496	1	30076
11.29828667640686	1	40072
11.330491542816162	1	15796
11.378168821334839	1	11512
11.405618906021118	1	15796
11.429625511169434	1	8656
11.590328216552734	-1	605
11.782252550125122	1	4710
11.782806158065796	-1	119
11.848506689071655	-1	605
11.880568981170654	1	2944
11.894500255584717	1	989
11.902125835418701	-1	214
11.902836561203003	-1	454
11.942440271377563	1	258
12.5333833694458	1	1516
12.563891887664795	1	2564
12.570231676101685	-1	214
12.5706307888031	-1	509
12.601404666900635	1	258
12.607902526855469	-1	605
12.633373260498047	1	1765
13.146836996078491	1	235
13.14683723449707	1	674
13.147193670272827	-1	139
13.148725509643555	-1	480
13.150588274002075	-1	455
13.180498361587524	1	645
13.18402886390686	-1	449
13.21681809425354	1	1516
13.261061429977417	1	5813
13.264890432357788	-1	450
13.297956943511963	1	706
13.301531076431274	-1	455
13.332491636276245	1	3453
13.404834508895874	1	20080
13.432404279708862	1	32856
13.4352445602417	1	8059
13.438857793807983	-1	456
13.469204187393188	1	595
13.512818336486816	1	232
13.516588926315308	-1	468
13.547796726226807	1	3881
13.55212664604187	-1	466
13.583220481872559	1	595
13.62876582145691	1	2410
13.631828308105469	-1	478
13.663097620010376	1	1092
13.666386365890503	-1	478
13.73755669593811	1	771
13.740822076797485	-1	477
13.771021842956543	1	900
17.448153018951416	1	1506
17.864991903305054	-1	449
18.676833391189575	1	1080
18.687907934188843	-1	476
18.688189268112183	-1	505
18.719881057739258	1	3772
18.719881057739258	1	1543
18.798569917678833	1	4372
18.833822011947632	1	2944
18.883863925933838	1	3829
18.97133755683899	-1	460
18.99960970878601	1	951
19.124977111816406	-1	605
19.231345176696777	1	2944
19.232685327529907	1	1104
19.24151849746704	-1	214
19.242244958877563	-1	515
19.345144033432007	1	258
19.45115876197815	1	827
19.4549822807312	-1	420
19.542054414749146	-1	127
19.561094999313354	1	8287
19.584897756576538	-1	461
19.764360666275024	-1	111
19.821614503860474	-1	127
19.85705256462097	1	1081
19.871445655822754	-1	488
19.87172031402588	-1	517
19.905634880065918	1	5968
20.10053515434265	-1	126
20.973278999328613	-1	119
23.59194803237915	1	1544
23.788793325424194	-1	119
