0.09957623481750488	-1	605
0.19309782981872559	1	4098
0.20761919021606445	-1	168
0.20834589004516602	-1	1037
0.30036163330078125	1	678
0.3018190860748291	1	2271
0.3020000457763672	-1	112
1.3445243835449219	-1	605
1.4376287460327148	1	3992
1.4461989402770996	-1	214
1.446899175643921	-1	464
1.484640121459961	1	258
2.0342092514038086	1	1124
2.0349960327148438	-1	119
2.6515731811523438	-1	605
3.509066343307495	-1	605
3.5232462882995605	1	3713
3.5402557849884033	1	3845
3.5423083305358887	-1	214
3.542475700378418	-1	452
3.5610339641571045	-1	605
3.5821211338043213	1	258
3.5858633518218994	-1	168
3.586768388748169	-1	258
3.5868444442749023	-1	349
3.599256992340088	1	724
3.5997908115386963	-1	119
3.6000657081604004	1	235
3.600770950317383	-1	139
3.605358600616455	-1	491
3.6109554767608643	1	119
3.612194538116455	1	5848
3.6128528118133545	1	4384
3.6200010776519775	1	23128
3.621208429336548	1	10084
3.6223647594451904	1	7288
3.6661694049835205	1	29867
3.6682980060577393	-1	605
3.6786229610443115	1	1687
3.680086374282837	-1	605
3.681222915649414	-1	605
3.6820523738861084	-1	605
3.6889755725860596	1	3555
3.692016363143921	-1	173
3.703361988067627	1	338
3.711139678955078	1	2968
3.7125465869903564	1	828
3.7133898735046387	1	3708
3.7146286964416504	1	3708
3.7150111198425293	-1	605
3.718538999557495	-1	605
3.72123646736145	-1	605
3.731727123260498	-1	407
3.735102653503418	-1	605
3.7469735145568848	1	3708
3.7472314834594727	1	20080
3.7492904663085938	1	8656
3.749408006668091	1	3708
3.7521166801452637	1	2968
3.7523162364959717	1	3708
3.7692174911499023	-1	168
3.7701337337493896	-1	258
3.770237445831299	-1	325
3.7717010974884033	-1	168
3.7722725868225098	-1	190
3.774040699005127	-1	258
3.7741706371307373	-1	314
3.7757625579833984	1	3708
3.7758007049560547	-1	168
3.7766170501708984	-1	258
3.776716709136963	-1	328
3.7810213565826416	-1	168
3.78175950050354	-1	258
3.781846046447754	-1	310
3.788856267929077	1	15485
3.7893574237823486	-1	119
3.791961908340454	-1	168
3.792755126953125	-1	258
3.792827606201172	-1	303
3.7941107749938965	1	7260
3.797771453857422	1	724
3.798537254333496	-1	119
3.798583507537842	1	724
3.7988860607147217	-1	119
3.8030192852020264	1	724
3.8035333156585693	-1	119
3.8115079402923584	-1	168
3.8124725818634033	-1	258
3.812533378601074	-1	316
3.8155527114868164	1	724
3.8163533210754395	-1	119
3.8186230659484863	-1	168
3.819432497024536	1	724
3.8205573558807373	-1	119
3.8210582733154297	-1	258
3.8211193084716797	-1	326
3.825395107269287	1	119
3.825395107269287	1	119
3.8257784843444824	1	4408
3.830134630203247	1	4333
3.8303580284118652	1	119
3.8307573795318604	1	5848
3.831404447555542	1	3359
3.8321309089660645	-1	127
3.83235502243042	-1	112
3.839737892150879	1	724
3.840924024581909	-1	119
3.8454079627990723	1	32856
3.8456978797912598	1	119
3.8493759632110596	1	733
3.852932929992676	-1	605
3.853776693344116	-1	119
3.8547463417053223	1	5879
3.855057954788208	1	16264
3.8671047687530518	1	119
3.8696341514587402	1	5848
3.8700408935546875	1	5260
3.870734930038452	-1	127
3.8709232807159424	-1	112
3.8781578540802	1	24536
3.890132188796997	1	5635
3.890774965286255	-1	127
3.8909757137298584	-1	112
3.894136905670166	1	17792
3.8953824043273926	-1	127
3.8956246376037598	-1	112
3.8981471061706543	1	5159
3.8987791538238525	-1	127
3.898926258087158	-1	112
3.960249900817871	-1	243
3.9604873657226562	-1	188
3.988246202468872	1	4408
4.023057222366333	-1	246
4.0230712890625	1	27505
4.023507118225098	-1	187
4.025523900985718	-1	188
4.025813817977905	-1	179
4.026644468307495	-1	189
4.027717113494873	1	7285
4.0618062019348145	1	32856
4.080579996109009	1	32856
4.092165946960449	1	32856
4.103012800216675	1	32856
4.145635366439819	1	235
4.145845174789429	-1	139
4.146068096160889	1	18767
5.147711515426636	-1	206
5.1481428146362305	-1	455
5.148960113525391	-1	605
5.179232120513916	1	1642
5.181516885757446	-1	605
5.192783832550049	1	2697
5.1958842277526855	1	235
5.196925401687622	-1	139
5.199145317077637	-1	520
5.209923267364502	1	3563
5.211030960083008	-1	181
5.222857236862183	-1	188
5.223127841949463	-1	275
5.223279714584351	-1	174
5.227420330047607	-1	201
5.236705303192139	1	431
5.237518787384033	-1	605
5.238577842712402	-1	605
5.23943567276001	-1	605
5.2402262687683105	-1	605
5.2409021854400635	-1	605
5.245326042175293	1	2345
5.247730016708374	-1	605
5.253921270370483	1	3822
5.25890851020813	-1	605
5.265307664871216	-1	605
5.2664923667907715	1	5914
5.266780853271484	1	3560
5.26907753944397	1	2944
5.2693564891815186	1	704
5.269688129425049	1	3560
5.270451068878174	-1	181
5.271788597106934	-1	181
5.271841526031494	-1	630
5.27224326133728	1	3560
5.273109436035156	-1	181
5.2731757164001465	1	3121
5.274489164352417	1	1321
5.274619817733765	-1	414
5.274673938751221	-1	630
5.274711608886719	-1	640
5.276293039321899	-1	181
5.277127504348755	-1	605
5.2774035930633545	1	767
5.277607202529907	-1	640
5.278383493423462	-1	605
5.278419017791748	1	4119
5.280375003814697	-1	173
5.28165602684021	1	3560
5.2827229499816895	-1	605
5.285411596298218	-1	181
5.2858569622039795	-1	629
5.2871479988098145	-1	605
5.2923903465271	-1	605
5.293103218078613	1	4278
5.300285816192627	1	415
5.301044940948486	1	362
5.302093505859375	1	362
5.3021626472473145	1	362
5.302615404129028	1	362
5.3030619621276855	1	3870
5.303070306777954	1	3555
5.304442405700684	-1	181
5.305779695510864	-1	173
5.306863307952881	-1	434
5.308974981307983	1	3560
5.3112406730651855	-1	181
5.316460609436035	1	354
5.3183534145355225	1	399
5.322552442550659	1	362
5.323517084121704	-1	749
5.323782205581665	1	3140
5.324120998382568	-1	524
5.325624227523804	1	3554
5.325639724731445	-1	181
5.326404333114624	-1	173
5.3292131423950195	1	938
5.329672813415527	-1	564
5.3304688930511475	1	728
5.330857753753662	-1	563
5.332072019577026	1	972
5.3392860889434814	1	711
5.339580535888672	1	362
5.340879917144775	1	378
5.350452661514282	1	856
5.35407018661499	-1	605
5.354779005050659	1	378
5.357112407684326	-1	605
5.364389657974243	1	13217
5.364389657974243	1	415
5.3666980266571045	1	1127
5.366838216781616	1	494
5.367772579193115	1	705
5.370483875274658	1	373
5.372868776321411	-1	265
5.372902870178223	-1	398
5.37308406829834	-1	126
5.373573541641235	-1	257
5.373974084854126	-1	332
5.374170780181885	-1	118
5.38424277305603	-1	458
5.390120983123779	1	3560
5.3910558223724365	-1	205
5.394005537033081	-1	231
5.395549535751343	1	3560
5.398998260498047	-1	205
5.400681972503662	1	3085
5.406081438064575	1	7163
5.407988548278809	1	118
5.424754619598389	1	386
5.4256885051727295	-1	605
5.426949977874756	1	3452
5.430459499359131	-1	605
5.435012578964233	-1	605
5.437541246414185	1	386
5.437813758850098	-1	621
5.44525408744812	-1	590
5.45007848739624	1	7812
5.450852870941162	-1	257
5.45088529586792	-1	320
5.4511048793792725	-1	118
5.452207565307617	1	4184
5.452437400817871	1	3347
5.4550416469573975	-1	173
5.455732583999634	1	1000
5.456018924713135	1	7443
5.457414627075195	-1	173
5.4621052742004395	1	118
5.463609933853149	-1	605
5.466607570648193	-1	1071
5.470426321029663	-1	386
5.471709966659546	-1	625
5.47542929649353	-1	657
5.4780144691467285	1	338
5.478538990020752	1	338
5.481512546539307	1	2968
5.482023000717163	1	1874
5.484652996063232	1	3347
5.48480224609375	-1	657
5.486429214477539	-1	173
5.487642526626587	1	1778
5.49014687538147	-1	257
5.490175008773804	-1	283
5.490397930145264	-1	118
5.491309404373169	1	236
5.491891384124756	-1	131
5.492936611175537	-1	596
5.4976487159729	-1	605
5.502177476882935	1	118
5.502177476882935	1	2968
5.502776622772217	1	2768
5.502776622772217	1	2204
5.504122972488403	1	1528
5.5061914920806885	1	18418
5.507218360900879	1	549
5.507293701171875	1	9468
5.50745415687561	1	338
5.507490634918213	1	236
5.508299350738525	-1	131
5.5094921588897705	-1	1373
5.509860277175903	-1	583
5.510719299316406	-1	605
5.51495623588562	1	298
5.514956474304199	1	4238
5.517115354537964	1	1107
5.517115831375122	1	14488
5.517846584320068	1	7020
5.519651174545288	1	3862
5.523930311203003	1	5848
5.525692701339722	1	9293
5.526160001754761	1	1125
5.527532339096069	1	3708
5.528611898422241	-1	605
5.529703378677368	-1	605
5.531396150588989	1	4213
5.532411813735962	-1	168
5.532778739929199	-1	258
5.532802581787109	-1	367
5.532890796661377	-1	189
5.533108234405518	-1	169
5.533326148986816	1	24364
5.533372640609741	1	14488
5.535423994064331	1	7676
5.540597200393677	-1	515
5.545849084854126	1	19885
5.546894550323486	1	479
5.547355890274048	-1	531
5.548501968383789	-1	605
5.549578428268433	1	397
5.550454139709473	1	3708
5.551974773406982	-1	168
5.5522778034210205	-1	258
5.552302360534668	-1	359
5.5588295459747314	1	724
5.5592756271362305	-1	119
5.566833972930908	1	32856
5.567001819610596	1	3708
5.567189455032349	1	134
5.569167852401733	-1	168
5.569419622421265	1	3708
5.569562673568726	1	2968
5.570871591567993	1	1528
5.571195125579834	1	8319
5.57235050201416	-1	258
5.572378873825073	-1	360
5.572639226913452	1	3503
5.574071407318115	-1	168
5.574640989303589	1	9064
5.574806451797485	-1	692
5.574945449829102	1	2446
5.5750250816345215	-1	258
5.575052261352539	-1	368
5.576399564743042	1	963
5.578171253204346	-1	168
5.57849645614624	-1	258
5.578522682189941	-1	288
5.579312801361084	1	375
5.5797107219696045	1	437
5.57985782623291	-1	119
5.583332777023315	1	3708
5.587510347366333	1	662
5.587685585021973	1	150
5.59006667137146	1	119
5.599223613739014	1	724
5.602312803268433	1	32856
5.603104114532471	1	2223
5.603154182434082	1	2968
5.6051576137542725	1	13048
5.60635232925415	1	7314
5.610235214233398	1	13979
5.611950635910034	1	724
5.618061780929565	1	27800
5.618350267410278	1	2968
5.619706392288208	1	2251
5.625990152359009	1	119
5.627244234085083	1	7288
5.632426738739014	1	119
5.632619857788086	1	2968
5.634078502655029	1	31768
5.637808561325073	1	537
5.644349098205566	1	12148
5.648356676101685	1	9468
5.649906396865845	1	119
5.65018105506897	1	10168
5.653850078582764	1	11409
5.666807651519775	1	5448
5.66809606552124	1	2200
5.696043014526367	1	32856
5.696061849594116	1	32856
5.902140378952026	1	15832
6.0275185108184814	1	5646
6.5879807472229	-1	619
6.590039968490601	1	9037
6.592142581939697	-1	119
6.595533132553101	1	31064
6.596499919891357	-1	127
6.596894264221191	-1	119
6.597522735595703	-1	127
6.598514080047607	-1	119
6.599830627441406	-1	127
6.664367437362671	1	1995
7.6024415493011475	-1	168
7.603091239929199	1	3810
7.608334541320801	-1	605
7.611650466918945	-1	605
7.6168577671051025	-1	605
7.61749005317688	-1	258
7.617602109909058	-1	360
7.622663259506226	-1	605
7.6279284954071045	-1	605
7.630150079727173	1	724
7.632766246795654	-1	605
7.633591413497925	-1	112
7.633800983428955	-1	112
7.633986234664917	-1	112
7.634808778762817	-1	119
7.647559642791748	1	3036
7.648064851760864	1	969
7.648436546325684	1	435
7.653144359588623	-1	214
7.65420389175415	1	3917
7.655418395996094	1	435
7.656988859176636	1	119
7.657970428466797	1	5848
7.658271074295044	1	2514
7.6590094566345215	-1	214
7.659449100494385	-1	127
7.659579515457153	-1	112
7.660196304321289	1	156
7.660488128662109	1	3849
7.66096305847168	1	426
7.666436433792114	1	1596
7.6664581298828125	-1	214
7.666677236557007	1	3917
7.666860818862915	1	2756
7.666864395141602	1	435
7.66712498664856	1	156
7.668616533279419	1	3849
7.66874361038208	1	435
7.669619560241699	-1	214
7.672875642776489	-1	214
7.676021575927734	-1	214
7.686948776245117	1	258
7.705559253692627	1	258
7.705559253692627	1	258
7.708405256271362	1	258
7.708540678024292	1	258
7.709141254425049	-1	671
7.712191820144653	-1	668
7.71434760093689	1	258
7.743667364120483	1	367
7.74370265007019	1	367
7.744048357009888	-1	460
7.769049167633057	-1	671
7.770258188247681	-1	668
7.784308433532715	-1	456
7.7846105098724365	1	951
7.79791522026062	1	367
7.798557758331299	1	367
7.80165696144104	-1	671
7.824186086654663	1	3453
7.834799528121948	1	367
7.83636474609375	-1	605
7.84922981262207	-1	841
7.850107669830322	-1	842
7.872138977050781	-1	453
7.874684572219849	1	2944
7.876530885696411	1	998
7.88716197013855	-1	214
7.889421224594116	-1	265
7.8895063400268555	-1	334
7.8899126052856445	1	1295
7.891712427139282	-1	841
7.89799952507019	-1	841
7.900310277938843	1	1293
7.901959657669067	-1	841
7.9193198680877686	-1	841
7.927670001983643	1	327
7.928449630737305	-1	126
7.931429386138916	1	1292
7.93334436416626	-1	841
7.945378541946411	1	1294
7.946473836898804	-1	842
7.94926118850708	1	5157
7.949491500854492	1	1291
7.950433731079102	-1	840
7.962506055831909	1	1293
7.965444326400757	1	126
7.965882778167725	-1	840
7.966962814331055	-1	460
7.9741370677948	1	1293
7.975627899169922	-1	842
7.9773712158203125	-1	841
7.987759351730347	1	1293
7.988093376159668	-1	841
7.988335371017456	-1	842
8.003532648086548	1	1464
8.00380539894104	-1	842
8.010082721710205	1	2944
8.01097297668457	1	5800
8.015135288238525	1	2984
8.015169858932495	1	1294
8.015428304672241	-1	843
8.029789209365845	1	1292
8.030304193496704	-1	842
8.034976959228516	1	1291
8.035189628601074	-1	843
8.039688110351562	1	1364
8.039910078048706	-1	842
8.05129337310791	1	1295
8.051450729370117	-1	842
8.05342149734497	1	1295
8.053614854812622	-1	840
8.064634799957275	1	1563
8.065289735794067	-1	605
8.065481662750244	-1	840
8.076877117156982	1	1292
8.077123641967773	-1	840
8.093080520629883	1	1295
8.093254566192627	-1	842
8.096340656280518	1	1364
8.096580505371094	-1	842
8.098078489303589	1	8656
8.099864482879639	1	1290
8.10010027885437	-1	842
8.104271173477173	1	3256
8.11720323562622	1	1363
8.123587131500244	1	1279
8.1360023021698	1	1292
8.145394086837769	1	1292
8.148626565933228	1	1292
8.17198133468628	1	27220
8.200082778930664	1	32856
8.21419095993042	1	25868
8.48626708984375	1	8792
10.021095037460327	1	1295
10.021177530288696	1	1113
10.078366756439209	-1	181
10.078996658325195	-1	168
10.07938838005066	-1	172
10.08324646949768	1	24152
10.08326530456543	1	32856
10.08335566520691	1	32856
10.083504915237427	1	22487
10.08470630645752	-1	842
10.084970235824585	-1	842
10.085133075714111	-1	840
10.086315870285034	-1	840
10.08735466003418	-1	840
10.087575912475586	-1	840
10.0916166305542	1	737
10.107489824295044	1	5292
10.111613035202026	1	415
10.123968839645386	1	1292
10.124236583709717	-1	840
10.134179830551147	1	1278
10.13441514968872	1	1293
10.134495735168457	-1	840
10.134727478027344	-1	840
10.139803886413574	1	1292
10.139803886413574	1	1279
10.14017629623413	-1	898
10.140236854553223	-1	898
10.147457122802734	-1	460
10.163641691207886	1	1277
10.16391658782959	-1	898
10.165125370025635	-1	265
10.165151357650757	-1	312
10.165294408798218	-1	126
10.177749872207642	1	1323
10.178085565567017	-1	1088
10.180863857269287	1	1277
10.182558059692383	-1	1087
10.18722915649414	1	599
10.187379121780396	1	1107
10.187401533126831	1	1108
10.187621116638184	-1	1087
10.187665939331055	-1	1087
10.201855182647705	1	4718
10.208930253982544	1	1108
10.209592580795288	-1	898
10.268820762634277	1	1371
10.26902961730957	-1	898
10.293562889099121	1	32932
10.298637866973877	1	1516
10.301109313964844	-1	605
10.309386253356934	1	5594
10.309800148010254	1	5848
10.313718557357788	1	1107
10.313924074172974	-1	898
10.31574010848999	1	1565
10.321933269500732	-1	605
10.323718070983887	-1	605
10.32408595085144	-1	163
10.327048778533936	1	10205
10.327922105789185	-1	589
10.32926893234253	-1	163
10.329472780227661	1	119
10.329617261886597	-1	119
10.335378170013428	-1	589
10.335499048233032	-1	163
10.338499546051025	1	1110
10.340575456619263	-1	123
10.340635776519775	-1	123
10.345151424407959	1	119
10.345300436019897	-1	119
10.349027872085571	1	1225
10.349244117736816	-1	898
10.357573747634888	1	11491
10.358023405075073	1	48640
10.358066082000732	1	9877
10.358777523040771	1	1499
10.35920262336731	1	2327
10.359747171401978	-1	898
10.362687587738037	1	119
10.362815618515015	-1	119
10.363441228866577	1	3252
10.363493204116821	1	119
10.364094257354736	1	1371
10.364468574523926	-1	181
10.364717483520508	-1	119
10.364873886108398	-1	898
10.367033004760742	-1	265
10.367067098617554	-1	302
10.37105131149292	1	119
10.37172555923462	1	2413
10.371763944625854	-1	119
10.371994018554688	-1	898
10.378933668136597	-1	605
10.379483699798584	1	3285
10.380085706710815	-1	605
10.381970405578613	1	22936
10.38318133354187	1	8656
10.38330364227295	-1	214
10.38388967514038	-1	265
10.385104894638062	-1	480
10.408905744552612	1	1107
10.409101247787476	-1	898
10.411147832870483	1	399
10.411415100097656	-1	126
10.411765813827515	1	24364
10.413325309753418	1	1194
10.413520812988281	-1	898
10.421635389328003	1	1371
10.421852588653564	-1	898
10.42435908317566	1	4242
10.433189868927002	-1	605
10.433252334594727	1	1278
10.43370771408081	-1	1087
10.434863567352295	-1	605
10.43643045425415	-1	605
10.43814468383789	-1	605
10.44026803970337	1	156
10.440348863601685	-1	605
10.44040822982788	1	3849
10.441916465759277	1	435
10.442455291748047	-1	605
10.449387788772583	1	4284
10.449840545654297	-1	214
10.449978590011597	-1	1416
10.45199728012085	1	1428
10.45214557647705	1	2944
10.452206134796143	-1	605
10.45237946510315	1	4284
10.452765464782715	1	2768
10.452996969223022	1	1604
10.453229188919067	1	4264
10.453256130218506	-1	605
10.45677399635315	1	1106
10.457857131958008	-1	214
10.457938194274902	1	415
10.460740804672241	1	4284
10.46152925491333	1	8645
10.462150812149048	-1	168
10.462892293930054	-1	168
10.46338438987732	-1	168
10.463725090026855	-1	126
10.463772535324097	-1	1420
10.463944435119629	-1	1023
10.463976383209229	-1	1024
10.464006423950195	-1	1024
10.465041399002075	1	126
10.465191841125488	1	1106
10.465765953063965	-1	168
10.465936660766602	-1	1087
10.465993404388428	-1	1087
10.466302156448364	-1	1023
10.466859579086304	-1	168
10.467024564743042	-1	1088
10.467834234237671	-1	1023
10.469756126403809	1	4284
10.469840288162231	1	1371
10.470033884048462	1	1428
10.470155954360962	1	2944
10.471210956573486	-1	1088
10.473056554794312	-1	168
10.473287582397461	-1	1024
10.474417448043823	-1	168
10.474651575088501	-1	1023
10.475496768951416	1	375
10.475614070892334	1	375
10.475939512252808	1	662
10.476102352142334	1	662
10.482271194458008	1	141
10.48280143737793	-1	141
10.483341693878174	1	662
10.483566045761108	1	3917
10.483651161193848	1	258
10.48384690284729	1	375
10.484017133712769	1	375
10.484249830245972	1	435
10.48582124710083	1	375
10.485923528671265	1	375
10.486947059631348	-1	214
10.487364768981934	-1	1418
10.487839221954346	1	8128
10.488349676132202	1	4108
10.48940658569336	1	684
10.489503860473633	1	4108
10.489800691604614	1	2842
10.49305248260498	1	6788
10.49305248260498	1	662
10.5007483959198	1	207
10.500955581665039	1	139
10.502720355987549	1	6788
10.503669738769531	1	1428
10.504783868789673	1	4108
10.505005836486816	1	2218
10.5050528049469	1	1762
10.506080389022827	1	1180
10.511283159255981	1	18848
10.512603759765625	1	17224
10.512857675552368	1	267
10.514318466186523	1	4108
10.51687216758728	-1	480
10.517366170883179	1	2768
10.517769813537598	-1	509
10.521259546279907	1	1871
10.525553464889526	1	346
10.526484251022339	1	258
10.53454303741455	-1	1023
10.5375337600708	1	2768
10.540127515792847	1	249
10.546313762664795	1	119
10.546481370925903	-1	119
10.548680543899536	1	346
10.548959493637085	1	141
10.549056768417358	-1	141
10.54983115196228	1	5448
10.55247187614441	1	1198
10.552793025970459	-1	898
10.55497670173645	-1	605
10.557882308959961	1	1565
10.558152675628662	1	1528
10.55861783027649	1	5557
10.559077739715576	1	2968
10.563560009002686	-1	605
10.564367532730103	1	867
10.566806316375732	-1	1418
10.567112922668457	1	346
10.571991920471191	1	2768
10.572105646133423	1	1604
10.573690176010132	-1	168
10.573890209197998	-1	1025
10.57695484161377	1	4445
10.578086853027344	1	6826
10.583792924880981	1	9914
10.587192296981812	1	662
10.59007716178894	1	28253
10.594756126403809	1	1285
10.594931840896606	-1	1088
10.601970911026001	1	1371
10.60234022140503	-1	1087
10.602342128753662	1	4108
10.602752208709717	1	235
10.602977275848389	-1	139
10.60356330871582	1	4117
10.604582071304321	1	346
10.605526208877563	-1	1419
10.609936237335205	-1	1023
10.613829374313354	-1	1415
10.618680953979492	1	377
10.622299432754517	1	1765
10.62239122390747	1	8116
10.622687578201294	-1	1088
10.625495672225952	1	65535
10.625537157058716	1	65535
10.626070261001587	1	2849
10.626368045806885	-1	1089
10.62652325630188	1	4108
10.62724232673645	-1	605
10.62927794456482	-1	1418
10.64165449142456	1	4284
10.643846988677979	-1	1024
10.644269943237305	-1	168
10.644440650939941	-1	1024
10.645406007766724	-1	1024
10.646082401275635	1	8519
10.646747589111328	-1	1087
10.65527057647705	-1	1024
10.656495094299316	1	662
10.656578779220581	1	1428
10.657539129257202	1	1645
10.658005237579346	1	1565
10.658814430236816	-1	1024
10.660114049911499	1	346
10.661813020706177	-1	1418
10.66448974609375	1	13488
10.667258977890015	-1	755
10.669655799865723	1	4108
10.670065641403198	1	10140
10.670316457748413	-1	1023
10.673187971115112	1	346
10.674516201019287	1	5448
10.674516439437866	1	8128
10.677149057388306	-1	755
10.678117275238037	1	346
10.684569120407104	1	9663
10.687592029571533	1	1598
10.691183805465698	1	61492
10.691126108169556	1	14828
10.69147801399231	1	348
10.691751956939697	1	348
10.692213773727417	1	12148
10.69265866279602	-1	168
10.69438624382019	-1	168
10.695636749267578	1	800
10.695725917816162	-1	1024
10.695765495300293	-1	1024
10.698075294494629	1	4117
10.70130205154419	1	1528
10.701534032821655	1	2968
10.702548742294312	1	2685
10.703370571136475	-1	1088
10.704622745513916	-1	1416
10.706074237823486	1	2263
10.713483095169067	1	346
10.7138512134552	-1	1024
10.71390438079834	-1	1025
10.718074798583984	1	2637
10.71943473815918	1	47212
10.721432447433472	1	8656
10.722885370254517	1	5557
10.724566459655762	1	4108
10.726991415023804	1	4746
10.727818012237549	1	4108
10.728586912155151	1	1428
10.738494396209717	1	14828
10.738500833511353	1	8128
10.739185571670532	1	12552
10.73938775062561	-1	1089
10.739759683609009	1	177
10.741653203964233	1	6997
10.744230508804321	1	8474
10.745296239852905	1	4349
10.745527982711792	-1	1088
10.748709917068481	1	346
10.751318216323853	-1	1416
10.753997087478638	1	2317
10.762970447540283	-1	1420
10.766079425811768	1	6881
10.7662832736969	-1	1088
10.773257970809937	1	2968
10.773533821105957	1	4453
10.773869752883911	1	4408
10.778075218200684	1	15385
10.778345823287964	-1	1025
10.779823064804077	-1	1025
10.781273603439331	-1	1025
10.782078742980957	1	5390
10.782244443893433	-1	1088
10.783905982971191	-1	1416
10.786025762557983	-1	1414
10.79032039642334	1	346
10.794916152954102	1	1428
10.795228481292725	-1	1023
10.796831130981445	1	1428
10.802783966064453	1	346
10.802783966064453	1	8128
10.805800437927246	1	187
10.805899858474731	-1	1418
10.809922218322754	1	4517
10.810117244720459	-1	1088
10.815879344940186	-1	1026
10.81750774383545	1	13488
10.81855845451355	1	2768
10.819005966186523	-1	755
10.82210636138916	1	346
10.829957485198975	1	5448
10.830594539642334	1	346
10.834131956100464	-1	755
10.834848642349243	-1	1024
10.839386463165283	1	348
10.839784860610962	-1	168
10.839837551116943	1	5594
10.840898036956787	-1	1024
10.84207820892334	1	5926
10.842082977294922	1	8054
10.844531059265137	1	346
10.849019765853882	1	348
10.849554777145386	-1	168
10.850428342819214	1	1428
10.850922107696533	-1	1026
10.851492881774902	1	65535
10.85152530670166	1	21732
10.857007265090942	1	4242
10.857279062271118	1	4408
10.857605934143066	1	4214
10.857724666595459	-1	1088
10.862070798873901	1	7805
10.86301589012146	1	4445
10.863253831863403	1	4117
10.863636493682861	1	4173
10.863830089569092	-1	1088
10.868228912353516	-1	1024
10.86837649345398	-1	1023
10.868747234344482	1	2768
10.874079465866089	1	16923
10.874332427978516	-1	1024
10.874674558639526	1	14828
10.883398532867432	1	4408
10.883650302886963	1	2768
10.883657693862915	1	1428
10.884490728378296	-1	1023
10.889812469482422	1	5448
10.889817476272583	1	38644
10.890197038650513	1	8590
10.89091944694519	1	12490
10.891665697097778	-1	1088
10.892192602157593	1	3487
10.892453908920288	1	765
10.893253326416016	1	6788
10.893417835235596	1	746
10.896880626678467	-1	1417
10.89807653427124	1	12870
10.899168014526367	1	32856
10.899708986282349	1	4108
10.905502319335938	1	8128
10.906222343444824	1	1027
10.90935230255127	-1	1416
10.92159628868103	-1	1416
10.932300806045532	1	35788
10.933772087097168	-1	1415
10.934237241744995	1	968
10.934362888336182	-1	1087
10.94194746017456	1	346
10.942065954208374	1	19824
10.946078300476074	1	346
10.94680380821228	-1	1024
10.95024061203003	1	3005
10.95068073272705	1	5557
10.950984001159668	1	4125
10.951112747192383	-1	1088
10.95995283126831	-1	1024
10.962681770324707	1	6788
10.962871074676514	1	2329
10.964366436004639	1	346
10.971114873886108	-1	1024
10.972041845321655	1	346
10.97472596168518	1	4108
10.975435495376587	1	2968
10.980114698410034	1	4108
10.981014966964722	1	11025
10.991039991378784	1	7880
10.995970487594604	1	4453
10.996220588684082	1	4408
10.996421337127686	-1	1025
10.996835947036743	1	4136
11.001415014266968	1	5448
11.002010345458984	-1	755
11.00727367401123	1	4153
11.010100841522217	1	4108
11.011526584625244	1	40072
11.015335321426392	1	348
11.015597105026245	1	3005
11.015747785568237	-1	168
11.017055988311768	1	9597
11.01717233657837	-1	1023
11.01807165145874	1	10072
11.021880388259888	-1	1417
11.027893304824829	-1	755
11.034209251403809	-1	1416
11.044930219650269	1	4108
11.045051574707031	1	348
11.045887231826782	-1	168
11.047765731811523	-1	1024
11.048157453536987	-1	1025
11.056085586547852	1	2768
11.058068037033081	1	18219
11.05911660194397	-1	1025
11.060044527053833	1	1428
11.062518119812012	1	346
11.062815427780151	1	40072
11.064804792404175	1	1565
11.068482398986816	1	4108
11.070466756820679	1	346
11.071547269821167	-1	1413
11.08163070678711	1	1428
11.081634759902954	1	14828
11.081841707229614	1	1089
11.084617137908936	-1	1419
11.096201658248901	1	2768
11.0965895652771	-1	1024
11.100495100021362	1	2768
11.102078199386597	1	12671
11.10228681564331	1	2475
11.106072425842285	1	10868
11.106080532073975	1	34360
11.10858154296875	-1	1024
11.114075422286987	1	5048
11.116974353790283	1	4108
11.121891498565674	-1	1024
11.124176502227783	1	346
11.124356269836426	1	4108
11.125171422958374	1	346
11.125382661819458	-1	1417
11.125699758529663	1	613
11.125867128372192	-1	1024
11.134019136428833	-1	1025
11.138473987579346	1	4108
11.146238803863525	-1	1025
11.147212982177734	1	32856
11.147527694702148	1	4393
11.14757227897644	1	1428
11.147955179214478	1	5700
11.14955997467041	1	4108
11.149662733078003	1	1285
11.149860858917236	-1	1024
11.160563230514526	1	4108
11.16110348701477	1	28648
11.161782503128052	1	1428
11.162615537643433	1	332
11.166069507598877	1	13879
11.1756911277771	1	346
11.202131509780884	1	14466
11.227116107940674	1	12315
11.257248640060425	-1	1418
11.267507076263428	1	65535
11.293859958648682	1	346
11.346784591674805	-1	209
11.36156415939331	1	5594
11.37315058708191	1	40072
11.376248598098755	1	35788
11.388200998306274	1	1516
11.393507957458496	1	7228
11.402173519134521	1	6941
11.406301736831665	-1	1416
11.419330596923828	-1	1025
11.420321226119995	-1	1024
11.42495322227478	1	4414
11.433125019073486	1	4108
11.435572385787964	1	1428
11.43671989440918	1	1226
11.438082218170166	1	32932
11.440399408340454	-1	449
11.444406032562256	1	32856
11.44584584236145	1	1051
11.452617645263672	1	346
11.45708179473877	-1	665
11.460220098495483	-1	703
11.46390700340271	-1	902
11.466731786727905	-1	552
11.478883504867554	-1	134
11.478934526443481	-1	126
11.479084491729736	-1	127
11.479111433029175	-1	127
11.479138851165771	-1	127
11.47924280166626	-1	134
11.479274988174438	-1	126
11.47933292388916	-1	127
11.479400873184204	-1	134
11.479464530944824	-1	126
11.479497909545898	-1	127
11.479907274246216	-1	134
11.47993540763855	-1	134
11.479991912841797	-1	112
11.4804368019104	-1	112
11.480761051177979	-1	112
11.480944633483887	-1	112
11.481027603149414	-1	112
11.481103420257568	-1	112
11.48115849494934	-1	112
11.481220722198486	-1	112
11.48146104812622	-1	112
11.481538772583008	-1	112
11.482065677642822	1	24364
11.482303619384766	-1	112
11.482375144958496	-1	112
11.482860088348389	-1	112
11.482936382293701	-1	119
11.483027935028076	-1	111
11.483362436294556	-1	111
11.483510494232178	-1	111
11.48360800743103	-1	111
11.484618425369263	-1	119
11.48470664024353	-1	112
11.484803199768066	-1	119
11.485042810440063	-1	112
11.48513126373291	-1	119
11.485260009765625	-1	111
11.485332250595093	-1	119
11.486127138137817	-1	119
11.486654043197632	-1	125
11.487173080444336	-1	111
11.487261772155762	-1	119
11.48737645149231	-1	119
11.487456560134888	-1	119
11.488011837005615	-1	111
11.489562749862671	-1	119
11.48977255821228	1	772
11.489904403686523	1	313
11.490326881408691	-1	119
11.490466356277466	-1	111
11.49057126045227	-1	119
11.49068307876587	-1	112
11.491073608398438	-1	119
11.492692708969116	1	912
11.492825984954834	-1	111
11.492986679077148	-1	112
11.493082046508789	-1	119
11.493431568145752	-1	112
11.493646383285522	-1	112
11.493771314620972	-1	112
11.494330406188965	-1	119
11.494473218917847	-1	119
11.497040748596191	-1	605
11.507558107376099	1	942
11.507866382598877	1	515
11.508069276809692	-1	119
11.508607149124146	-1	119
11.51538896560669	-1	605
11.52678918838501	1	1528
11.526895999908447	1	2117
11.527956247329712	-1	173
11.548014640808105	1	61492
11.549076795578003	-1	605
11.551689147949219	1	338
11.563610076904297	1	3560
11.564400911331177	1	4119
11.564565658569336	-1	181
11.565423011779785	-1	173
11.576762676239014	1	354
11.577572345733643	1	149
11.590187311172485	1	17224
11.606137752532959	1	362
11.624924182891846	-1	699
11.649283647537231	-1	416
11.666405200958252	1	1569
11.667014837265015	1	8656
11.667014837265015	1	6648
11.667760848999023	-1	111
11.672030448913574	1	483
11.672777652740479	-1	119
11.679392337799072	-1	257
11.679504156112671	-1	295
11.679820537567139	-1	155
11.680158138275146	-1	118
11.69727873802185	1	2798
11.701367855072021	1	4108
11.71018362045288	1	2768
11.743128061294556	-1	605
11.75417423248291	1	4958
11.760878562927246	1	38644
11.769143104553223	1	18652
11.783201456069946	1	3708
11.792969226837158	1	37216
11.79967188835144	1	8656
11.833820343017578	1	285
11.83439326286316	-1	119
11.867913961410522	-1	605
11.874756813049316	1	15796
11.895634174346924	1	30076
11.912562131881714	-1	168
11.913421630859375	-1	258
11.913482904434204	-1	310
11.922494173049927	1	3917
11.924616575241089	1	435
11.931669235229492	-1	214
11.946906328201294	1	20080
11.950267314910889	1	724
11.950733184814453	-1	119
11.981910705566406	1	258
11.98311161994934	-1	584
11.984469175338745	1	119
11.98990535736084	1	14368
11.990321159362793	1	5848
11.991061210632324	1	2386
11.996733903884888	1	11512
12.02163815498352	1	28648
12.036406517028809	1	527
12.038097381591797	-1	647
12.059848070144653	1	236
12.060816287994385	-1	131
12.06337571144104	-1	414
12.076109409332275	1	21508
12.143356084823608	1	1948
12.170272827148438	-1	187
12.180689573287964	1	58636
12.201488733291626	1	41500
12.207862854003906	1	1904
12.21488904953003	1	11512
12.23900580406189	1	1516
12.372194290161133	1	38982
12.373027563095093	-1	119
12.450817584991455	-1	605
12.487107038497925	1	3845
12.494889497756958	-1	214
12.495585918426514	-1	454
12.504573106765747	-1	605
12.523086547851562	1	2968
12.52753233909607	1	644
12.527564525604248	1	258
12.569407939910889	1	645
12.572469472885132	-1	455
12.590277194976807	-1	168
12.591415166854858	-1	258
12.591504573822021	-1	1119
12.605977058410645	1	694
12.605977058410645	1	645
12.608811855316162	-1	449
12.61619782447815	1	150
12.616459369659424	-1	119
12.631582021713257	1	119
12.645649909973145	1	3452
12.669442415237427	1	322
12.92745304107666	-1	605
13.0113365650177	1	3992
13.017843246459961	-1	214
13.01803183555603	-1	476
13.057756900787354	1	258
13.313605070114136	1	1050
13.317270994186401	-1	450
13.342535734176636	1	1532
13.359127283096313	1	594
13.819171905517578	1	200
13.822179794311523	-1	455
13.854382753372192	1	5800
13.86544418334961	1	2944
13.984823942184448	-1	605
14.01654601097107	1	235
14.016908884048462	-1	139
14.018272161483765	-1	505
14.081525087356567	1	916
14.145897388458252	1	7228
14.226898908615112	1	32856
14.2269868850708	1	10014
14.232110500335693	-1	456
14.263076782226562	1	595
14.26939082145691	1	22422
14.628812551498413	1	232
14.630393028259277	-1	468
14.660843849182129	1	2024
14.661073923110962	1	1974
14.662492275238037	-1	466
14.693975925445557	1	1516
15.244415283203125	1	1460
15.248197317123413	-1	478
15.70444917678833	1	1063
15.707971096038818	-1	478
15.738668441772461	1	771
15.740870952606201	-1	477
15.772032022476196	1	900
16.768784761428833	-1	605
16.80678105354309	1	1516
16.859780311584473	1	2426
16.868075609207153	-1	214
16.869208335876465	-1	265
16.869279146194458	-1	334
16.905280351638794	1	327
16.905919313430786	-1	126
16.94145679473877	1	126
16.982156991958618	1	5841
17.04558229446411	-1	460
17.080114364624023	1	911
17.394121170043945	1	128
17.492897033691406	-1	605
17.58110523223877	1	2944
17.582408666610718	1	1104
17.590290307998657	-1	214
17.590944051742554	-1	515
17.678263664245605	1	258
17.76545476913452	1	827
17.76940083503723	-1	420
17.857007026672363	1	8258
17.878206253051758	-1	461
18.31556224822998	1	1110
18.331466674804688	-1	488
18.331746578216553	-1	517
18.364739418029785	1	5199
18.365456104278564	1	1544
18.930616855621338	1	857
21.73058843612671	-1	126
22.05285406112671	-1	119
22.15858006477356	-1	111
22.22270703315735	-1	127
22.68469738960266	-1	127
