0.09718966484069824	-1	605
0.18813085556030273	1	4098
0.19567155838012695	-1	168
0.19600701332092285	-1	1037
0.28464436531066895	1	662
0.3810441493988037	1	2271
0.38155364990234375	-1	112
0.435194730758667	-1	605
0.4734177589416504	1	2944
0.47469115257263184	1	989
0.47948384284973145	-1	214
0.47989511489868164	-1	452
0.5181636810302734	1	258
0.637315034866333	1	32856
0.6374683380126953	1	21302
2.248262643814087	-1	455
2.2622010707855225	-1	605
2.2778353691101074	1	1528
2.2780323028564453	1	2273
2.289167642593384	1	2726
2.2948224544525146	-1	458
2.310865879058838	-1	168
2.311103582382202	-1	258
2.3111226558685303	-1	349
2.3202462196350098	1	724
2.3203885555267334	-1	119
2.324427366256714	-1	605
2.3301854133605957	1	119
2.3326973915100098	1	596
2.336200475692749	1	32856
2.3446829319000244	1	32856
2.3657267093658447	1	1516
2.3746678829193115	1	5800
2.386683940887451	1	23306
2.391277551651001	1	4218
2.3947768211364746	-1	456
2.3999805450439453	-1	605
2.407393217086792	-1	605
2.4141714572906494	-1	605
2.4150335788726807	-1	605
2.42257022857666	1	3555
2.4257984161376953	-1	173
2.437758684158325	1	4881
2.4385383129119873	1	3708
2.4400789737701416	-1	605
2.444899320602417	-1	407
2.4465861320495605	1	338
2.4493236541748047	-1	605
2.4526400566101074	-1	605
2.454599380493164	1	3708
2.4549367427825928	1	3708
2.4558887481689453	-1	605
2.4769160747528076	1	12297
2.4770700931549072	1	3708
2.4796674251556396	-1	460
2.4806079864501953	1	2968
2.4811851978302	1	1496
2.49133563041687	1	1528
2.4917545318603516	1	2968
2.4918477535247803	1	2268
2.4920129776000977	1	828
2.492121934890747	1	1528
2.492401361465454	1	2268
2.4976212978363037	-1	168
2.4984939098358154	-1	168
2.4993555545806885	-1	168
2.49991774559021	-1	258
2.499969244003296	-1	328
2.5003597736358643	-1	258
2.500429153442383	-1	303
2.500699520111084	-1	258
2.500746965408325	-1	310
2.501554012298584	-1	168
2.502009153366089	-1	190
2.502768039703369	-1	258
2.5028457641601562	-1	326
2.5246946811676025	1	724
2.525200843811035	-1	119
2.53121280670166	1	724
2.5318899154663086	-1	119
2.532554864883423	1	724
2.5330111980438232	-1	119
2.5356948375701904	1	724
2.5362606048583984	-1	119
2.5378448963165283	-1	168
2.538778781890869	-1	258
2.5388803482055664	-1	325
2.545105218887329	-1	168
2.545945882797241	-1	258
2.546035051345825	-1	316
2.5523505210876465	1	119
2.5532987117767334	1	5848
2.554478168487549	1	4481
2.5551536083221436	1	6238
2.5619051456451416	1	119
2.569728374481201	1	16295
2.572514772415161	1	724
2.573079824447632	-1	119
2.5752968788146973	1	4881
2.5791900157928467	1	724
2.5792293548583984	1	119
2.581810712814331	-1	168
2.582864284515381	-1	119
2.5873777866363525	-1	258
2.587465524673462	-1	314
2.6027331352233887	1	10919
2.6033859252929688	-1	127
2.6035850048065186	-1	112
2.6047680377960205	1	119
2.60611629486084	1	4408
2.606936454772949	1	8581
2.612362861633301	1	724
2.6127514839172363	-1	119
2.615266799926758	1	119
2.616267681121826	1	2968
2.6177785396575928	1	4408
2.6182591915130615	1	6700
2.6203277111053467	-1	127
2.620504379272461	-1	112
2.622706890106201	1	5635
2.623891830444336	-1	127
2.6240952014923096	-1	112
2.63179349899292	1	32856
2.631884813308716	1	13016
2.64393949508667	1	119
2.6454548835754395	1	1528
2.6460468769073486	1	2804
2.646331548690796	1	2968
2.654048442840576	1	5848
2.6553173065185547	1	12940
2.656834602355957	1	2968
2.659999132156372	1	1136
2.6667606830596924	1	1527
2.698794364929199	1	23974
2.729233980178833	1	25792
2.757157564163208	1	32856
2.770759344100952	1	5876
2.8147637844085693	1	24364
3.6705331802368164	-1	214
3.6715548038482666	1	27736
3.6715710163116455	1	32856
3.6716196537017822	1	6223
3.6726200580596924	-1	464
3.672865152359009	-1	127
3.673246145248413	-1	127
3.67338490486145	-1	112
3.6735684871673584	-1	112
3.6863009929656982	-1	460
3.714639186859131	1	258
3.7420849800109863	-1	243
3.742612838745117	-1	188
3.754838705062866	1	1124
3.764573574066162	-1	491
3.777660608291626	1	4408
3.7782983779907227	1	10225
3.789860486984253	-1	246
3.7899837493896484	-1	187
3.7905938625335693	-1	188
3.7914206981658936	-1	179
3.791816234588623	-1	189
3.7946925163269043	1	2968
3.8170006275177	1	22936
3.8241288661956787	1	32856
3.831252098083496	1	32856
3.831271171569824	1	6286
3.8570477962493896	1	32856
3.858721971511841	1	38644
3.8640575408935547	1	32856
3.8685200214385986	1	1687
3.8705894947052	1	32856
3.8806891441345215	1	10084
3.8971633911132812	1	10084
3.9097280502319336	1	18652
3.9106955528259277	1	10771
3.9331493377685547	1	11512
4.0157880783081055	1	45784
4.0300047397613525	1	4408
4.030203104019165	1	1739
4.030945777893066	1	4372
4.038532733917236	1	32932
4.039875030517578	-1	168
4.039999723434448	-1	202
4.046838045120239	-1	206
4.049798250198364	1	737
4.067671775817871	1	5292
4.073336601257324	-1	605
4.094457626342773	1	1642
4.1006410121917725	1	3563
4.102210760116577	-1	181
4.128108024597168	1	431
4.154327869415283	-1	265
4.154367208480835	-1	398
4.154508113861084	-1	126
4.1563098430633545	1	11512
4.170348644256592	1	18652
4.179220914840698	1	3085
4.190927028656006	1	20080
4.220513105392456	1	22936
4.245405673980713	1	15796
4.27645468711853	1	37216
4.3280370235443115	1	28648
4.33269190788269	1	14368
4.350532054901123	1	11512
4.372826814651489	1	11512
4.414679527282715	1	37216
4.466145038604736	1	14368
4.5552568435668945	1	15796
4.626569509506226	1	50068
4.670862674713135	1	18652
4.711161136627197	1	24364
4.8212151527404785	-1	605
4.822455644607544	-1	605
4.834718227386475	-1	127
4.8347554206848145	-1	127
4.834780216217041	1	51496
4.834826469421387	-1	134
4.834869623184204	-1	127
4.8361663818359375	-1	111
4.836273193359375	-1	119
4.836547613143921	-1	119
4.836629867553711	-1	112
4.836703062057495	-1	112
4.836782455444336	-1	112
4.837827444076538	1	1528
4.837951421737671	1	2084
4.837971210479736	1	3557
4.838980197906494	-1	605
4.840184450149536	-1	605
4.845342636108398	-1	173
4.846899509429932	-1	605
4.84810733795166	-1	605
4.854579925537109	1	338
4.8727734088897705	1	3560
4.875284433364868	-1	181
4.875773191452026	1	3560
4.87662410736084	-1	605
4.878157138824463	-1	181
4.8790740966796875	-1	605
4.883159399032593	1	3560
4.885180711746216	1	35788
4.886924982070923	1	3140
4.887627124786377	-1	181
4.888855457305908	-1	181
4.889856815338135	-1	605
4.890864133834839	-1	605
4.892234563827515	-1	605
4.893420934677124	-1	605
4.896049499511719	-1	605
4.903972625732422	1	21508
4.905951023101807	1	362
4.911718368530273	-1	605
4.912700891494751	1	1516
4.912917375564575	1	1693
4.91364312171936	1	362
4.913953542709351	-1	414
4.915835618972778	1	1528
4.916224241256714	1	2273
4.917137145996094	1	3560
4.917375326156616	-1	605
4.917510986328125	1	4278
4.918042182922363	1	378
4.919228792190552	-1	181
4.919830083847046	1	362
4.92331075668335	-1	605
4.9252402782440186	-1	605
4.926925897598267	1	3560
4.927936315536499	-1	181
4.930282831192017	-1	168
4.930747747421265	-1	258
4.9307708740234375	-1	1116
4.933258771896362	1	3555
4.933286190032959	1	3560
4.934513092041016	-1	181
4.935455560684204	-1	181
4.939049005508423	1	4108
4.939781904220581	-1	173
4.944885492324829	1	756
4.945015907287598	-1	119
4.94593620300293	1	3870
4.946755409240723	-1	173
4.948319911956787	1	3708
4.949277400970459	1	3554
4.950560569763184	-1	173
4.953362464904785	1	362
4.956420660018921	1	362
4.956678628921509	1	354
4.956699848175049	1	415
4.957043409347534	1	119
4.958214521408081	-1	416
4.963289499282837	1	399
4.968689441680908	1	362
4.968824863433838	1	378
4.976093292236328	1	2968
4.976294755935669	1	4509
4.976486921310425	1	827
4.976515293121338	1	354
4.976624250411987	1	149
4.976726293563843	-1	111
4.999747037887573	-1	467
5.000635862350464	1	41500
5.00125527381897	-1	606
5.003682851791382	-1	168
5.004486322402954	-1	258
5.0045166015625	-1	359
5.004617929458618	-1	173
5.005969285964966	-1	200
5.016169309616089	-1	501
5.018174648284912	-1	607
5.018855810165405	1	320
5.01922345161438	-1	127
5.019391298294067	-1	112
5.022594928741455	1	724
5.0228471755981445	-1	119
5.036056756973267	1	313
5.036304473876953	1	119
5.036396026611328	-1	119
5.036783933639526	1	1329
5.037562847137451	1	6607
5.042255640029907	1	712
5.042447566986084	-1	119
5.04983115196228	1	711
5.050447463989258	-1	617
5.0550572872161865	1	483
5.055282354354858	-1	119
5.0605363845825195	-1	725
5.061373710632324	-1	607
5.075486421585083	-1	660
5.076862335205078	-1	660
5.078667879104614	-1	1077
5.080721139907837	1	938
5.090519905090332	-1	660
5.098818302154541	1	746
5.100096940994263	1	20080
5.101082801818848	1	13217
5.102713346481323	1	3560
5.10403299331665	-1	181
5.108571290969849	1	3560
5.109432697296143	-1	181
5.112762689590454	1	478
5.112963438034058	-1	119
5.116940975189209	1	3560
5.11776876449585	-1	181
5.1294105052948	-1	434
5.1297407150268555	-1	168
5.130045413970947	-1	258
5.130065202713013	-1	316
5.130420446395874	1	34360
5.13044810295105	-1	257
5.1304707527160645	-1	314
5.130553722381592	-1	118
5.132177352905273	1	362
5.134605169296265	-1	564
5.1346964836120605	-1	501
5.1347174644470215	1	2879
5.134731769561768	-1	617
5.135947942733765	-1	125
5.1382646560668945	1	362
5.138560771942139	-1	257
5.138925552368164	-1	283
5.1392576694488525	1	7228
5.139819383621216	-1	118
5.141374826431274	-1	257
5.141403436660767	-1	320
5.1415276527404785	-1	118
5.147512435913086	1	362
5.152432918548584	-1	168
5.153505325317383	-1	258
5.153537750244141	-1	288
5.155802965164185	1	118
5.161164999008179	1	118
5.1615447998046875	1	724
5.161677360534668	-1	119
5.165828704833984	1	289
5.16621470451355	1	7641
5.167768478393555	1	724
5.169227838516235	1	856
5.169227838516235	-1	119
5.169678211212158	1	373
5.169954061508179	1	30076
5.1701273918151855	1	1127
5.172515153884888	1	6788
5.174428939819336	1	981
5.174964427947998	1	2768
5.180211544036865	1	119
5.188215494155884	1	8128
5.19162917137146	1	10808
5.194115400314331	1	119
5.194129228591919	1	2768
5.206341505050659	1	2200
5.2226831912994385	1	2944
5.226677179336548	1	3787
5.226690053939819	-1	404
5.229230165481567	-1	292
5.241514444351196	-1	605
5.24207878112793	1	1528
5.242358684539795	-1	605
5.247341871261597	-1	605
5.250397682189941	-1	505
5.253552436828613	1	298
5.2540647983551025	1	4184
5.255940914154053	1	3347
5.266327619552612	1	4184
5.268187999725342	1	3347
5.278247356414795	1	772
5.282740354537964	1	630
5.284034013748169	1	1516
5.285436153411865	1	34360
5.326714754104614	1	17224
5.351996183395386	1	2564
5.370712757110596	1	40072
5.414702653884888	1	17224
5.416841983795166	1	3823
5.458685398101807	1	27220
5.463794708251953	1	3892
5.502689599990845	1	17224
5.628323316574097	1	28648
5.670727968215942	1	62920
5.718719005584717	1	32932
5.762733221054077	1	4372
5.854757785797119	1	45784
5.904815912246704	1	24364
5.962542772293091	1	2944
6.00255560874939	1	65535
6.002601861953735	1	312
6.086726903915405	1	22936
6.130988597869873	1	5800
6.178831100463867	1	42928
6.222797632217407	1	22936
6.262642860412598	-1	173
6.265252113342285	-1	622
6.273542165756226	1	338
6.293520212173462	1	494
6.35854434967041	1	64348
6.398816108703613	1	30076
6.442983627319336	1	908
7.2794153690338135	-1	214
8.280432224273682	-1	173
8.282187938690186	-1	119
8.2823646068573	-1	590
8.283066987991333	1	258
8.283704042434692	-1	605
8.283761024475098	-1	460
8.293905258178711	1	963
8.30010199546814	1	338
8.326000452041626	1	1516
8.330959558486938	1	949
8.362573623657227	1	2564
10.283838033676147	1	119
10.283910989761353	1	119
10.284136056900024	1	119
10.285685062408447	1	119
10.285705804824829	1	119
10.29321575164795	-1	574
10.301001787185669	-1	214
10.301633834838867	-1	119
10.301799774169922	-1	119
10.301953077316284	-1	119
10.302367687225342	-1	119
10.302507162094116	-1	119
10.302838563919067	-1	119
10.312902927398682	1	2474
10.319003820419312	-1	577
10.335206508636475	-1	605
10.338509798049927	-1	605
10.338977336883545	1	258
10.341285467147827	-1	605
10.343634843826294	-1	605
10.347262144088745	1	2003
10.349395751953125	1	2968
10.34955620765686	1	675
10.352205276489258	1	3555
10.361788988113403	1	3555
10.362962007522583	1	1528
10.365690231323242	1	3347
11.515222311019897	1	119
12.30973219871521	-1	173
12.313708543777466	-1	605
12.314958572387695	-1	605
12.32286024093628	1	338
12.34254264831543	1	156
12.342846632003784	1	1528
12.343775510787964	1	2409
12.345721006393433	1	435
12.346913814544678	1	3917
12.347419738769531	1	435
13.316681385040283	-1	119
13.317242622375488	-1	520
13.32171368598938	-1	173
13.322778224945068	-1	173
13.336432456970215	1	338
13.340604543685913	1	338
13.360555171966553	1	2345
13.524043798446655	1	32856
13.524097204208374	1	3020
13.608687162399292	1	19368
14.327228784561157	-1	173
14.331095457077026	-1	214
14.333863258361816	-1	214
14.334392070770264	1	26712
14.334405183792114	1	11137
14.335806846618652	-1	605
14.336843967437744	-1	605
14.337915658950806	-1	605
14.33915090560913	-1	605
14.340125799179077	-1	605
14.341085433959961	-1	605
14.342153787612915	-1	605
14.343220472335815	-1	605
14.344536542892456	-1	453
14.34459638595581	-1	119
14.34472107887268	-1	583
14.344753742218018	-1	590
14.344781637191772	-1	751
14.35190725326538	1	338
14.358228921890259	1	999
14.359256267547607	1	258
14.36473298072815	1	258
14.364944458007812	-1	625
14.37099814414978	1	4408
14.372190952301025	1	4973
14.377237796783447	1	2251
14.379621505737305	1	4264
14.379634380340576	1	156
14.379696130752563	1	3845
14.381701469421387	1	2944
14.381982326507568	1	704
14.384274959564209	-1	214
14.385653018951416	1	3849
14.385796070098877	1	435
14.385985612869263	1	3560
14.386024475097656	1	3917
14.386356592178345	1	4591
14.386953592300415	1	435
14.387165784835815	-1	214
14.387237310409546	1	4264
14.387654781341553	-1	454
14.39014196395874	-1	214
14.391456842422485	1	3708
14.391873359680176	1	1113
14.392088890075684	1	2968
14.393733501434326	-1	214
14.394235849380493	1	2176
14.396417617797852	1	9880
14.396584749221802	-1	214
14.397140741348267	1	8728
14.397397518157959	-1	205
14.398025751113892	-1	205
14.400869369506836	-1	660
14.40197229385376	-1	660
14.403237581253052	-1	605
14.404133796691895	-1	605
14.405067682266235	-1	605
14.406144380569458	-1	605
14.407262086868286	-1	605
14.409950971603394	1	2968
14.410748481750488	1	6147
14.41166615486145	1	4973
14.411883354187012	1	3575
14.415858745574951	1	4238
14.418287515640259	1	9777
14.419052600860596	1	11037
14.42768120765686	1	258
14.429620504379272	1	258
14.430137157440186	1	1516
14.430338144302368	1	2132
14.43109393119812	-1	181
14.434957504272461	1	386
14.435395002365112	1	258
14.436819314956665	1	386
14.437540769577026	1	258
14.438875436782837	-1	596
14.439131498336792	1	258
14.443368434906006	1	244
14.443601608276367	-1	139
14.445115327835083	1	32856
14.445149183273315	-1	626
14.445263385772705	1	15773
14.445941925048828	1	5667
14.445962190628052	1	3708
14.446910381317139	1	3708
14.449671030044556	1	3708
14.458778619766235	1	4213
14.45910120010376	1	3708
14.4605553150177	1	13048
14.461755752563477	1	12092
14.462110757827759	1	1528
14.462142705917358	1	6098
14.462276697158813	1	2268
14.463280439376831	1	362
14.468024253845215	1	594
14.468171119689941	1	168
14.469258069992065	-1	455
14.471605062484741	1	3735
14.47214150428772	1	7717
14.51249647140503	1	594
14.526574611663818	-1	841
14.527467727661133	-1	841
14.52788782119751	-1	669
14.528754472732544	-1	685
14.529449224472046	-1	168
14.531509160995483	-1	258
14.53175663948059	-1	310
14.53446078300476	-1	168
14.53462266921997	-1	629
14.534808874130249	-1	258
14.534836769104004	-1	369
14.535205841064453	-1	168
14.535593032836914	-1	168
14.535837411880493	-1	168
14.536176204681396	-1	168
14.536500215530396	-1	258
14.536526441574097	-1	360
14.536671876907349	-1	258
14.536694526672363	-1	367
14.536818265914917	-1	258
14.536839485168457	-1	359
14.53697943687439	-1	258
14.536998271942139	-1	359
14.546663761138916	-1	605
14.56320071220398	1	367
14.56320071220398	1	367
14.569489002227783	1	724
14.569527864456177	1	724
14.569679737091064	-1	119
14.569906949996948	-1	119
14.569998025894165	1	724
14.570099830627441	-1	119
14.570781230926514	1	724
14.57095742225647	1	1290
14.571094989776611	-1	119
14.571301460266113	-1	841
14.573367357254028	1	1874
14.57594895362854	1	724
14.576134443283081	-1	119
14.57747197151184	1	3121
14.5776207447052	1	1563
14.578102111816406	-1	414
14.578990697860718	-1	841
14.586184740066528	1	2642
14.61398434638977	1	8363
14.614262104034424	1	10199
14.614274501800537	-1	127
14.614357233047485	-1	112
14.615204334259033	1	8177
14.615424633026123	1	8728
14.615635395050049	1	119
14.616708993911743	1	2969
14.616724491119385	1	16494
14.617027759552002	1	5848
14.617069244384766	1	354
14.617232322692871	-1	127
14.61745548248291	-1	112
14.617797136306763	-1	805
14.620392560958862	-1	841
14.621265172958374	1	1291
14.621559858322144	1	119
14.621615648269653	-1	841
14.624023914337158	-1	480
14.626082181930542	1	1291
14.626426935195923	-1	842
14.633385419845581	1	755
14.633553504943848	-1	119
14.646893501281738	-1	668
14.648021697998047	-1	671
14.651124954223633	-1	842
14.65414571762085	1	3201
14.656816244125366	1	12766
14.656974792480469	-1	127
14.657063961029053	-1	112
14.666138887405396	1	1294
14.666423797607422	-1	840
14.671725749969482	1	1293
14.671955108642578	-1	840
14.6754629611969	1	1293
14.675936937332153	-1	842
14.677640914916992	1	367
14.684396743774414	1	367
14.68554973602295	1	1294
14.685981512069702	-1	842
14.690637350082397	-1	605
14.698743343353271	1	17187
14.718261957168579	1	1292
14.718272686004639	1	1463
14.7183518409729	1	1292
14.718749284744263	-1	842
14.719090700149536	-1	843
14.719136714935303	-1	842
14.723278522491455	1	3854
14.724925518035889	1	1363
14.727391242980957	-1	214
14.728056192398071	-1	265
14.728086233139038	-1	334
14.728171586990356	-1	843
14.732059955596924	-1	671
14.734040021896362	1	1544
14.743272542953491	-1	647
14.748270273208618	-1	158
14.74892282485962	-1	123
14.754956722259521	1	236
14.75508189201355	1	1294
14.755238056182861	-1	131
14.756191730499268	-1	414
14.756253242492676	-1	842
14.75968861579895	1	1295
14.759896755218506	1	327
14.759989023208618	-1	842
14.760200262069702	-1	126
14.764211654663086	1	367
14.76512360572815	1	1295
14.765782117843628	-1	840
14.775120973587036	1	16168
14.775165557861328	1	1295
14.775383710861206	-1	840
14.776071786880493	1	14259
14.784252882003784	-1	605
14.7901029586792	1	126
14.794479370117188	1	1292
14.7947359085083	-1	840
14.803194284439087	1	1291
14.803410530090332	-1	842
14.810522079467773	1	1363
14.813112258911133	-1	842
14.81673288345337	1	1948
14.823973417282104	1	18416
14.823997259140015	1	1363
14.824458599090576	-1	127
14.824554920196533	-1	842
14.82494568824768	-1	112
14.830385208129883	1	7288
14.830669403076172	1	4372
14.831267833709717	1	1520
14.831641674041748	1	1278
14.831818580627441	-1	842
14.838499546051025	-1	605
14.845720291137695	1	1292
14.845931768417358	-1	842
14.849368572235107	1	168
14.850462675094604	-1	449
14.852429866790771	1	3555
14.853548765182495	-1	173
14.85395860671997	-1	659
14.85791301727295	1	1292
14.858343124389648	-1	840
14.861406326293945	1	3252
14.862938404083252	-1	181
14.86396336555481	1	338
14.869361877441406	1	1291
14.869572639465332	-1	840
14.871506690979004	1	1292
14.871703386306763	-1	840
14.876173734664917	1	9177
14.87658405303955	-1	127
14.876670598983765	-1	112
14.889439344406128	1	5084
14.891155481338501	1	4408
14.892144680023193	1	4408
14.89238953590393	1	3002
14.892898797988892	1	2944
14.895880937576294	1	1293
14.89612889289856	-1	840
14.899757146835327	1	5848
14.900520324707031	1	2365
14.902893543243408	1	5848
14.905332803726196	1	1277
14.905610799789429	-1	840
14.91106367111206	-1	187
14.912051677703857	1	1279
14.912581443786621	-1	840
14.91388750076294	-1	265
14.914581537246704	-1	312
14.920110702514648	1	32856
14.920743942260742	1	11772
14.920942306518555	1	1293
14.921081066131592	-1	840
14.927990913391113	1	399
14.928149461746216	-1	126
14.929280519485474	1	4408
14.934685468673706	1	4385
14.936567783355713	-1	450
14.940830945968628	1	1276
14.941176891326904	-1	847
14.942421436309814	1	32856
14.94305419921875	1	3533
14.943585395812988	1	1407
14.948891639709473	1	7550
14.948988199234009	1	1904
14.950611114501953	1	1276
14.95082426071167	-1	898
14.954628229141235	1	1278
14.954830884933472	-1	898
14.969242811203003	1	1323
14.969446182250977	-1	1087
14.971056461334229	1	126
14.98784852027893	1	1107
14.988103151321411	-1	1087
14.991439580917358	1	708
14.991679668426514	-1	1087
14.998320579528809	1	1106
14.999244451522827	-1	1087
15.030182600021362	-1	841
15.055119037628174	1	4639
15.062453985214233	1	1293
15.062629699707031	-1	898
15.09389066696167	1	126
15.097242832183838	1	5893
15.098183870315552	1	1106
15.098387479782104	-1	898
15.115882873535156	1	5594
15.130571365356445	1	1107
15.130839586257935	-1	898
15.131518840789795	1	5594
15.13343858718872	1	1565
15.13867974281311	1	6517
15.138855934143066	-1	898
15.158692359924316	1	7033
15.158881664276123	-1	898
15.173961162567139	1	1371
15.174197673797607	-1	898
15.174670934677124	1	10829
15.174670934677124	1	13481
15.174893617630005	-1	898
15.17494249343872	-1	898
15.189614057540894	1	1371
15.189840316772461	-1	898
15.200315952301025	1	1106
15.200571298599243	-1	898
15.200790643692017	-1	126
15.20539903640747	1	1198
15.205624103546143	-1	898
15.207504749298096	1	1371
15.20772910118103	-1	898
15.217243194580078	1	1192
15.217506408691406	-1	1087
15.236755609512329	1	1371
15.23705267906189	-1	1087
15.238895654678345	1	1105
15.239123821258545	-1	1088
15.241673231124878	1	1106
15.241873025894165	-1	1088
15.246073246002197	1	1371
15.246410608291626	-1	1088
15.258498430252075	-1	127
15.267162084579468	-1	126
15.331705331802368	-1	604
15.332428932189941	-1	163
15.335708141326904	-1	588
15.337732076644897	-1	605
15.337852478027344	-1	163
15.340932369232178	-1	588
15.341071128845215	-1	163
15.34502625465393	-1	588
15.346537590026855	-1	163
15.35034990310669	1	12578
15.35036826133728	1	1110
15.350604772567749	-1	1088
15.352118730545044	-1	605
15.353085041046143	-1	123
15.353255271911621	-1	123
15.353281259536743	-1	123
15.354159832000732	1	12612
15.354980707168579	-1	1089
15.359952211380005	1	5594
15.360293865203857	1	5848
15.360619068145752	1	1076
15.360704898834229	-1	1088
15.364883422851562	1	5594
15.36674451828003	-1	586
15.36767840385437	1	3013
15.368911266326904	1	4976
15.370198965072632	-1	123
15.370208263397217	1	6316
15.370244979858398	-1	123
15.370375394821167	-1	123
15.370628833770752	1	2296
15.371010065078735	-1	123
15.371142148971558	1	3954
15.372066259384155	-1	605
15.384541511535645	-1	605
15.38688611984253	-1	605
15.388807773590088	-1	605
15.401124000549316	1	706
15.402710437774658	-1	455
15.406671524047852	1	6782
15.406860113143921	-1	1088
15.410701751708984	1	9629
15.410904884338379	-1	1089
15.412275552749634	1	3285
15.414774179458618	1	3954
15.414791584014893	-1	214
15.415759325027466	-1	265
15.41578197479248	-1	482
15.41667890548706	-1	605
15.418795347213745	1	4264
15.42087173461914	-1	214
15.421361446380615	-1	1415
15.4221670627594	-1	605
15.423758268356323	-1	605
15.430037498474121	-1	127
15.431209325790405	1	3917
15.431243419647217	1	156
15.431461095809937	1	3849
15.431637287139893	1	435
15.43256163597107	1	435
15.434599161148071	-1	214
15.435519695281982	1	4284
15.437385320663452	-1	214
15.437445878982544	-1	1415
15.438060522079468	-1	1415
15.438823938369751	-1	605
15.440860509872437	-1	168
15.440950393676758	1	4284
15.441661357879639	1	2025
15.442101240158081	-1	1024
15.443228006362915	-1	168
15.443489789962769	-1	1023
15.451743602752686	1	662
15.45413875579834	1	5557
15.454724073410034	1	258
15.455265045166016	1	375
15.455411672592163	1	375
15.459710836410522	1	4264
15.46114706993103	1	2968
15.462607860565186	-1	214
15.463166952133179	-1	1415
15.464709997177124	-1	605
15.465922594070435	-1	755
15.467628002166748	1	6450
15.469784498214722	-1	605
15.47205376625061	1	346
15.472264766693115	1	157
15.472551584243774	-1	126
15.472855806350708	1	3917
15.472984552383423	1	435
15.474903106689453	1	8128
15.47560453414917	1	3917
15.47562313079834	-1	214
15.476011037826538	1	435
15.476451396942139	-1	1418
15.478705167770386	1	5448
15.478887796401978	1	348
15.479052782058716	1	258
15.479077816009521	-1	214
15.479986429214478	1	2768
15.480097532272339	1	1604
15.480159282684326	-1	126
15.480527400970459	-1	1419
15.482013940811157	-1	168
15.482865571975708	1	258
15.483782768249512	-1	168
15.484200954437256	-1	1024
15.484236717224121	-1	1024
15.489105939865112	1	4284
15.489238262176514	1	5594
15.492626190185547	-1	168
15.492884159088135	-1	1024
15.494680881500244	1	7001
15.4949049949646	-1	1088
15.495385885238647	1	662
15.49842619895935	1	531
15.504053831100464	1	258
15.504430294036865	-1	605
15.506665229797363	1	9351
15.506984949111938	-1	1088
15.507211685180664	1	1428
15.50766134262085	1	662
15.508496761322021	1	4108
15.511144399642944	1	2768
15.517603874206543	1	1428
15.517905235290527	1	2768
15.518012762069702	1	264
15.518194437026978	1	258
15.519721984863281	-1	168
15.519919157028198	-1	1023
15.520126581192017	1	2768
15.523866653442383	1	3005
15.524162292480469	1	1428
15.524247407913208	1	1237
15.525086879730225	1	2968
15.525699615478516	1	4153
15.52604341506958	-1	1088
15.526110172271729	1	213
15.526236534118652	1	133
15.526469945907593	1	1027
15.528182983398438	1	5448
15.528247117996216	1	346
15.528399467468262	1	346
15.530678749084473	1	7154
15.53088665008545	1	662
15.5313138961792	-1	1025
15.531383037567139	-1	1024
15.531458377838135	-1	1415
15.532919645309448	-1	605
15.532997608184814	-1	1088
15.537563562393188	1	126
15.537648916244507	1	346
15.545311450958252	1	8128
15.546807527542114	1	7424
15.547524452209473	1	8128
15.547761678695679	1	13488
15.548911809921265	1	346
15.54937744140625	1	4108
15.55027723312378	1	5594
15.550733804702759	1	7059
15.551289796829224	-1	1088
15.556909561157227	-1	755
15.55699896812439	1	4284
15.557521343231201	1	346
15.560782670974731	-1	168
15.561375856399536	-1	1023
15.562679290771484	1	2818
15.56696105003357	1	3252
15.567431926727295	1	32856
15.568055629730225	-1	181
15.569011211395264	-1	265
15.569045782089233	-1	302
15.569960355758667	1	2768
15.573687553405762	-1	1416
15.573752880096436	-1	1415
15.574834108352661	1	346
15.576454162597656	1	346
15.5772066116333	1	662
15.577277421951294	1	348
15.577993392944336	-1	168
15.57866621017456	1	229
15.581881523132324	-1	1025
15.583956956863403	-1	841
15.590672969818115	1	8752
15.594317436218262	1	32856
15.594327449798584	1	13488
15.594340801239014	1	17300
15.595597505569458	1	2768
15.599536895751953	1	11512
15.602434873580933	-1	1024
15.609395980834961	1	1428
15.610669136047363	1	5819
15.61127257347107	1	5448
15.612375497817993	1	346
15.613227844238281	1	2968
15.613464117050171	1	6911
15.61398458480835	1	9634
15.614198446273804	-1	1088
15.614665269851685	1	7962
15.616194725036621	1	4108
15.617207527160645	1	5594
15.617587804794312	1	5848
15.617841482162476	1	1043
15.61797285079956	-1	1088
15.618211507797241	1	346
15.619824171066284	-1	755
15.62036657333374	1	1295
15.621131896972656	-1	755
15.621374368667603	-1	1086
15.625145673751831	1	2768
15.628385066986084	1	1510
15.63099479675293	1	348
15.631443500518799	-1	168
15.632441759109497	1	348
15.658676385879517	1	8596
15.663274765014648	1	11354
15.66631269454956	1	408
15.682762145996094	1	5557
15.706678628921509	1	1664
15.717724084854126	1	1181
15.726704835891724	1	7065
15.734381437301636	1	4445
15.738860845565796	1	12523
15.739110946655273	1	4242
15.739322900772095	1	4408
15.739746570587158	1	3925
15.774678468704224	1	8136
15.825069427490234	1	12700
16.119991302490234	1	6631
16.734169006347656	1	165
17.643060445785522	-1	1024
17.644395112991333	-1	1023
17.646116971969604	-1	1420
17.64743423461914	-1	1416
17.64793062210083	-1	1416
17.648210763931274	-1	1420
17.648462057113647	-1	1419
17.648696184158325	-1	1024
17.64983892440796	-1	1024
17.65091323852539	-1	1024
17.654568195343018	-1	134
17.655206203460693	-1	126
17.655771255493164	-1	1024
17.657018661499023	-1	168
17.6589138507843	1	2768
17.661157369613647	1	2022
17.66336226463318	1	4108
17.66649627685547	1	4108
17.668434858322144	1	2768
17.671906232833862	1	5448
17.673338890075684	1	4108
17.67561912536621	1	5448
17.675959587097168	1	3657
17.687140226364136	1	1428
17.690860748291016	1	346
17.691141843795776	1	1817
17.69167184829712	1	346
17.69232153892517	1	346
17.69779896736145	1	346
17.706681728363037	1	16566
17.71067237854004	1	8787
17.71867823600769	1	13581
17.83059334754944	1	346
18.664742946624756	-1	1086
18.665022134780884	-1	1087
18.665225982666016	-1	1085
18.67043972015381	-1	605
18.67119312286377	-1	1025
18.673678159713745	-1	111
18.674617052078247	-1	1416
18.675001621246338	-1	1025
18.675278186798096	-1	1025
18.677016496658325	-1	1024
18.677979469299316	-1	1025
18.679033041000366	-1	1416
18.679961442947388	-1	1025
18.680495738983154	-1	1026
18.69048523902893	1	6788
18.692180395126343	1	4108
18.697174310684204	1	5448
18.697341680526733	1	4079
18.697591304779053	1	4108
18.698012351989746	1	5448
18.698055744171143	-1	755
18.698846578598022	1	12148
18.699121952056885	1	1428
18.702258110046387	1	4207
18.702271699905396	1	3591
18.702541828155518	1	1151
18.702938318252563	1	10808
18.702999591827393	1	6820
18.703367710113525	1	1368
18.70452070236206	1	1456
18.70922017097473	-1	1024
18.710777759552002	-1	755
18.712899684906006	-1	755
18.714089155197144	-1	755
18.717442750930786	-1	1025
18.71772289276123	1	348
18.718290328979492	-1	168
18.71896481513977	1	346
18.728520154953003	1	346
18.72863268852234	1	5448
18.7296302318573	1	348
18.72968101501465	1	348
18.73004698753357	1	348
18.731489658355713	1	2768
18.73544478416443	1	2768
18.770798683166504	1	30965
18.775436401367188	1	5594
18.775949001312256	1	6814
18.77877712249756	1	8163
18.788792848587036	1	3005
18.789071083068848	1	9628
18.793858766555786	1	4242
18.794285535812378	1	8218
19.191940307617188	1	235
19.569026470184326	1	141
19.58435821533203	1	141
19.681967973709106	1	119
19.769328117370605	1	119
20.730711936950684	-1	139
22.742871522903442	-1	168
23.750258445739746	-1	168
23.75143313407898	-1	1026
23.753535270690918	-1	168
23.755438566207886	-1	119
23.755618572235107	-1	119
23.7557315826416	-1	141
23.755975484848022	-1	141
23.756058931350708	-1	111
23.756253242492676	-1	1024
23.756378173828125	-1	1024
23.756427526474	-1	1025
23.756751775741577	-1	456
23.75681495666504	-1	1419
23.75686001777649	-1	1416
23.75690007209778	-1	1416
23.756961345672607	-1	1416
23.757148504257202	-1	1023
23.757201194763184	-1	1025
23.75724959373474	-1	1024
23.757447004318237	-1	1025
23.757529258728027	-1	1414
23.757606983184814	-1	1416
23.757689714431763	-1	1025
23.758022785186768	-1	589
23.758106231689453	-1	123
23.75858998298645	-1	1025
23.758726119995117	-1	509
23.759345531463623	-1	1025
23.759411811828613	-1	1025
23.771401405334473	1	14828
23.771470546722412	1	2768
23.771572828292847	1	3433
23.77194881439209	1	5448
23.77279019355774	1	4108
23.7730815410614	1	4488
23.78090500831604	1	4108
23.78101873397827	1	11369
23.781147003173828	1	4108
23.781197786331177	-1	755
23.782272577285767	1	7032
23.782628536224365	-1	755
23.783267974853516	1	7199
23.78351616859436	1	4108
23.784939289093018	-1	755
23.78585124015808	1	10808
23.786202430725098	-1	755
23.78781294822693	1	14828
23.788079023361206	-1	755
23.789124011993408	1	12148
23.790385484695435	1	9271
23.790366172790527	1	8901
23.792255878448486	-1	755
23.792199850082397	1	14828
23.792590379714966	1	7479
23.793830156326294	1	5448
23.794240474700928	1	2507
23.798537015914917	1	914
23.798707723617554	1	939
23.799038648605347	1	348
23.799259424209595	1	348
23.79927134513855	1	595
23.79940915107727	1	346
23.800031423568726	-1	168
23.802002429962158	-1	1025
23.80305552482605	-1	168
23.80386972427368	1	348
23.805052518844604	-1	168
23.80624556541443	-1	1024
23.806532621383667	1	348
23.806788206100464	1	346
23.806850910186768	-1	1025
23.806955337524414	1	346
23.80730700492859	-1	168
23.80830430984497	1	2768
23.808478593826294	1	346
23.80921244621277	1	348
23.809255361557007	-1	1025
23.809429168701172	1	2768
23.809964656829834	-1	168
23.81342840194702	-1	1023
23.814149618148804	1	826
23.814155101776123	1	348
23.814449071884155	1	2647
23.814664602279663	1	1098
23.816082000732422	1	346
23.816473245620728	-1	755
23.817293167114258	-1	168
23.81914782524109	-1	1023
23.828202962875366	1	8015
23.83086347579956	1	8633
23.83086347579956	1	9468
23.833136558532715	-1	1413
23.83375906944275	1	348
23.83376407623291	1	4229
23.833866834640503	1	8627
23.835035800933838	-1	168
23.836466550827026	-1	1023
23.845272064208984	-1	1415
23.849399089813232	1	8128
23.84959864616394	1	1547
23.849776029586792	1	9438
23.857412338256836	-1	1409
23.865852117538452	1	14828
23.869919776916504	1	346
23.870166301727295	-1	1024
23.870351552963257	-1	1022
23.87539792060852	1	2768
23.87710189819336	1	858
23.882957220077515	1	5448
23.883801698684692	1	5774
23.886951684951782	1	4304
23.887084484100342	-1	1022
23.88830876350403	1	10808
23.88849949836731	1	5086
23.89053702354431	1	346
23.89423942565918	1	346
23.900161266326904	-1	449
23.90474557876587	1	6788
23.90521812438965	1	1018
23.908777475357056	1	346
23.936392545700073	1	1109
23.940404176712036	-1	476
23.940460920333862	-1	505
23.98515510559082	1	5200
24.01246690750122	1	1543
24.394207000732422	-1	111
24.395708084106445	1	232
24.39944577217102	-1	468
24.400540113449097	-1	111
24.462514638900757	1	29533
24.4759578704834	-1	111
24.485213041305542	-1	111
24.53245520591736	-1	460
24.532989740371704	-1	119
24.64163589477539	-1	605
24.699425220489502	-1	125
24.727675676345825	1	2944
24.729369640350342	1	1104
24.738117218017578	-1	214
24.738768577575684	-1	515
24.82587170600891	1	258
24.83058452606201	-1	111
24.90959119796753	1	3910
24.911932945251465	1	827
24.913360118865967	-1	466
24.91575860977173	-1	420
24.954333305358887	1	595
24.96263837814331	-1	127
24.963037967681885	-1	111
25.0021653175354	1	8287
25.02328085899353	-1	461
25.056833028793335	1	1119
25.06752848625183	-1	488
25.06923747062683	-1	134
25.103800535202026	1	1516
25.107343435287476	-1	134
25.219441175460815	1	2410
25.220809936523438	-1	478
25.261343240737915	1	1092
25.2636878490448	-1	478
25.30397391319275	1	594
25.68290686607361	1	119
25.683250665664673	-1	119
25.691332578659058	1	265
25.69396734237671	-1	477
25.734450340270996	1	119
25.73482871055603	-1	119
25.739245176315308	1	119
25.739516735076904	-1	119
25.809498071670532	1	900
27.181842803955078	-1	605
