0.1035468578338623	-1	605
0.2073976993560791	1	4098
0.21675610542297363	-1	168
0.2173018455505371	-1	1037
0.31862401962280273	1	678
0.737818717956543	1	2271
0.7384345531463623	-1	112
3.1735172271728516	-1	605
3.191433906555176	1	3713
3.2102043628692627	-1	605
3.2508397102355957	1	2944
3.2782135009765625	-1	168
3.278996467590332	-1	258
3.279057025909424	-1	349
3.2884397506713867	1	724
3.2888550758361816	-1	119
3.300881862640381	1	119
3.3019027709960938	1	5724
3.3025362491607666	1	8728
3.3031094074249268	1	7886
3.303713798522949	1	4408
3.3050763607025146	1	4408
3.31785249710083	1	32856
3.317983627319336	1	13945
3.3855583667755127	-1	605
3.400564670562744	1	3555
3.4014315605163574	-1	173
3.4047863483428955	-1	605
3.411707878112793	1	338
3.412752628326416	-1	605
3.413602113723755	-1	605
3.4228813648223877	-1	605
3.4268243312835693	-1	605
3.4299654960632324	-1	605
3.433351755142212	-1	605
3.436649799346924	-1	407
3.43951153755188	1	3708
3.4509823322296143	1	927
3.455322265625	1	3708
3.455573797225952	1	3708
3.4655284881591797	1	1528
3.465940237045288	1	2268
3.4696340560913086	1	3708
3.4711384773254395	-1	168
3.471818208694458	1	3708
3.472182035446167	-1	258
3.472278594970703	-1	328
3.476217269897461	-1	168
3.4771838188171387	-1	190
3.478137731552124	-1	258
3.4782466888427734	-1	303
3.4786815643310547	1	3708
3.482126474380493	-1	168
3.4832048416137695	-1	258
3.483273506164551	-1	310
3.488698959350586	-1	168
3.489567756652832	-1	258
3.489668846130371	-1	326
3.491034746170044	-1	168
3.492413282394409	1	9383
3.49242901802063	-1	258
3.492540121078491	-1	314
3.499511957168579	-1	168
3.5004875659942627	-1	258
3.5005733966827393	-1	325
3.5028271675109863	-1	168
3.5033926963806152	1	724
3.5037128925323486	-1	258
3.5037999153137207	-1	316
3.5050981044769287	-1	119
3.513921022415161	1	724
3.514355182647705	-1	119
3.5273056030273438	1	724
3.527620792388916	1	724
3.527864456176758	1	375
3.5282704830169678	-1	119
3.528596878051758	-1	119
3.534438371658325	1	119
3.5410573482513428	1	724
3.5417704582214355	1	724
3.5418498516082764	-1	119
3.542332410812378	-1	119
3.5527968406677246	1	1559
3.5666043758392334	1	119
3.5669407844543457	1	119
3.5764107704162598	1	26471
3.578336000442505	1	119
3.5786659717559814	1	119
3.5818734169006348	1	5848
3.5837721824645996	1	5260
3.5854599475860596	-1	127
3.5854005813598633	1	4788
3.5860917568206787	-1	112
3.586911678314209	-1	119
3.5963923931121826	1	4195
3.5971639156341553	-1	127
3.602334499359131	-1	112
3.6072113513946533	1	32856
3.607297897338867	1	14676
3.608381509780884	1	10919
3.6083877086639404	1	16264
3.6093029975891113	-1	127
3.60994291305542	-1	112
3.6210973262786865	1	24568
3.623734951019287	1	7109
3.6241321563720703	-1	127
3.624516487121582	-1	112
3.632750988006592	1	5267
3.6332345008850098	-1	127
3.63346529006958	-1	112
3.704801559448242	-1	243
3.7054145336151123	-1	188
3.737684965133667	1	2968
3.7462399005889893	-1	246
3.7462503910064697	1	145
3.7479450702667236	-1	187
3.748441696166992	-1	188
3.7488210201263428	-1	179
3.7496371269226074	-1	189
3.7662956714630127	1	2968
3.7819461822509766	1	989
3.78413462638855	-1	214
3.7843780517578125	-1	452
3.80835223197937	1	28885
3.824399948120117	1	258
3.833684206008911	1	32856
3.863939046859741	1	8728
3.864546775817871	1	3453
3.900592565536499	1	32856
3.900622606277466	1	32856
3.9177017211914062	1	7228
3.9187190532684326	1	32856
3.9187352657318115	1	5616
3.9270710945129395	1	2944
3.9300456047058105	1	11512
3.950042486190796	1	9293
3.9509873390197754	-1	455
3.957817316055298	-1	168
3.9596681594848633	-1	202
3.974217653274536	1	736
3.9748618602752686	-1	206
3.9901881217956543	1	5292
4.003951549530029	-1	605
4.021808862686157	1	1642
4.033219575881958	1	3563
4.036808967590332	-1	181
4.063827991485596	1	431
4.074008464813232	-1	265
4.074660301208496	-1	398
4.0750391483306885	-1	126
4.099822998046875	1	126
4.1403422355651855	1	3047
4.23188042640686	1	596
4.244587421417236	-1	605
4.337101936340332	1	3992
4.3392860889434814	-1	214
4.339674234390259	-1	464
4.3788628578186035	1	258
4.416203260421753	1	1124
4.431591033935547	-1	491
4.474345922470093	-1	605
4.51487398147583	1	2944
4.63191819190979	1	1516
4.724992036819458	-1	605
4.725787878036499	-1	127
4.725827693939209	-1	127
4.725886344909668	-1	134
4.725930452346802	-1	127
4.7268993854522705	-1	111
4.729675769805908	-1	119
4.729804039001465	-1	112
4.730110168457031	-1	112
4.730246543884277	-1	112
4.733774423599243	-1	605
4.739954233169556	1	3557
4.748575925827026	-1	173
4.755494117736816	1	3524
4.760525465011597	-1	605
4.762399196624756	1	338
4.763166904449463	-1	605
4.766481876373291	-1	605
4.767272710800171	-1	605
4.78826904296875	1	3560
4.790146112442017	-1	181
4.7931859493255615	-1	605
4.793434143066406	1	1136
4.795781850814819	-1	214
4.7958900928497314	1	3121
4.796243667602539	1	3560
4.797609806060791	-1	181
4.798913478851318	-1	414
4.798969984054565	-1	520
4.801189184188843	1	3560
4.802192449569702	-1	181
4.805012941360474	-1	605
4.8061511516571045	-1	605
4.806856155395508	-1	605
4.8076653480529785	-1	605
4.811159133911133	-1	605
4.811886787414551	1	3713
4.817029237747192	-1	605
4.817634105682373	1	869
4.817980527877808	1	362
4.822933912277222	-1	605
4.824010372161865	1	4119
4.824785947799683	-1	605
4.826394081115723	-1	173
4.828031778335571	1	362
4.829510927200317	1	354
4.830927133560181	-1	605
4.8340795040130615	1	362
4.836344480514526	1	3560
4.836951971054077	-1	605
4.837663650512695	-1	181
4.839590072631836	1	415
4.840062856674194	1	3140
4.841487884521484	-1	181
4.843734264373779	1	3560
4.8446855545043945	1	3560
4.844790697097778	-1	181
4.8454039096832275	-1	181
4.858447790145874	1	3555
4.85990309715271	1	3870
4.8601226806640625	-1	181
4.860196113586426	1	3554
4.8618004322052	-1	173
4.8623363971710205	1	4278
4.862748384475708	-1	173
4.8646016120910645	-1	501
4.864988565444946	1	362
4.865067005157471	-1	505
4.865955352783203	-1	168
4.866371393203735	-1	258
4.866393566131592	-1	359
4.86648416519165	-1	173
4.867032766342163	1	2968
4.867145299911499	1	828
4.87177300453186	1	378
4.8755834102630615	1	362
4.877435922622681	1	362
4.877835988998413	1	733
4.877971649169922	-1	119
4.878037214279175	1	399
4.878648519515991	1	7162
4.887522459030151	1	415
4.88985538482666	-1	200
4.891599416732788	1	378
4.896759510040283	1	483
4.896927833557129	-1	119
4.899595737457275	1	772
4.899834394454956	-1	119
4.914114952087402	-1	467
4.9143524169921875	-1	607
4.921452045440674	-1	168
4.92193341255188	-1	258
4.9219582080841064	-1	1114
4.922445058822632	-1	607
4.9233410358428955	-1	606
4.925108194351196	-1	725
4.939695835113525	-1	660
4.940852403640747	-1	660
4.943331718444824	1	728
4.943538427352905	-1	617
4.947852373123169	1	756
4.947852611541748	1	774
4.948225975036621	-1	119
4.9486918449401855	1	313
4.9506237506866455	-1	119
4.9634315967559814	1	711
4.963466167449951	1	705
4.965317249298096	1	13217
4.965442895889282	1	119
4.974124193191528	1	1516
4.974448919296265	1	938
4.974577188491821	1	2132
4.97577166557312	1	244
4.97909140586853	-1	139
4.98193621635437	-1	181
4.983167886734009	-1	168
4.983443021774292	-1	501
4.98367977142334	-1	257
4.983739852905273	-1	314
4.98386025428772	-1	257
4.983876943588257	-1	283
4.983975410461426	-1	258
4.983995199203491	-1	288
4.984250545501709	-1	118
4.984276056289673	-1	118
4.987760305404663	1	320
4.9880211353302	-1	127
4.988129138946533	-1	112
4.993384599685669	1	7163
4.994238615036011	-1	125
4.994896411895752	1	118
4.996053695678711	1	5448
4.996655464172363	1	375
4.9969823360443115	1	437
4.997071743011475	-1	119
4.998722553253174	-1	660
4.999315023422241	1	2768
5.011097431182861	1	3145
5.011864185333252	1	1929
5.01260781288147	1	119
5.014324188232422	1	362
5.020223140716553	1	5448
5.020833253860474	-1	168
5.021140813827515	-1	258
5.021236896514893	-1	316
5.022483825683594	-1	564
5.023074626922607	1	1428
5.027228593826294	1	6788
5.027364015579224	1	32856
5.02738618850708	1	31151
5.031726837158203	1	1516
5.031895399093628	1	2132
5.033883810043335	-1	181
5.037261247634888	-1	617
5.048352241516113	1	6466
5.060333251953125	1	724
5.06052565574646	-1	119
5.0634331703186035	1	1127
5.065603494644165	1	2944
5.06622838973999	1	362
5.072333335876465	1	4880
5.0816566944122314	1	2944
5.095937013626099	1	373
5.100511074066162	1	119
5.104790687561035	1	972
5.12904953956604	-1	257
5.1290812492370605	-1	320
5.1292924880981445	-1	118
5.13637375831604	-1	1077
5.138178825378418	1	3823
5.140285015106201	-1	622
5.147956609725952	1	118
5.14966607093811	-1	406
5.16834020614624	1	478
5.175054550170898	1	494
5.176360845565796	1	30341
5.176702499389648	-1	119
5.179017066955566	1	298
5.19744610786438	1	3864
5.573229074478149	-1	416
5.583703517913818	-1	434
5.588898181915283	1	8129
5.5891265869140625	-1	111
5.623334884643555	1	856
5.6520209312438965	-1	605
5.65666389465332	-1	293
5.661914110183716	-1	605
5.667034149169922	-1	605
5.66770601272583	-1	605
5.667857885360718	1	4184
5.668058395385742	1	3510
5.671671390533447	1	3347
5.673198223114014	-1	605
5.683255910873413	1	3555
5.691340923309326	1	3917
5.691595554351807	1	426
5.712456226348877	1	1596
5.712559700012207	1	2409
5.714745998382568	1	435
6.052979469299316	1	4264
6.666632652282715	1	790
6.679009675979614	-1	173
6.689998149871826	1	338
7.686028480529785	-1	214
7.726473808288574	1	258
8.690767765045166	-1	214
8.721941709518433	1	258
9.124571800231934	1	906
9.699015378952026	-1	214
9.7003755569458	-1	605
9.727337121963501	1	3555
9.737526416778564	1	258
10.047076940536499	1	119
10.047097444534302	1	119
10.047239780426025	1	119
10.094054937362671	1	119
10.097460985183716	1	119
10.1675546169281	1	119
10.176849126815796	1	119
10.660710096359253	1	119
10.706268072128296	-1	173
10.71685266494751	1	338
11.70978045463562	-1	119
11.715079069137573	-1	605
11.71670126914978	-1	605
11.718245267868042	-1	605
11.719933271408081	-1	605
11.720126390457153	-1	751
11.721343517303467	-1	605
11.726081371307373	1	1528
11.728350162506104	1	3347
11.733745813369751	1	2251
11.746448040008545	1	3555
11.754443168640137	1	156
11.75458288192749	1	1528
11.754713773727417	1	2409
11.755805730819702	1	3036
11.755924224853516	1	969
11.756125688552856	1	435
11.756742715835571	1	435
11.7595956325531	1	3036
11.759734630584717	1	969
11.760051012039185	1	426
12.725167274475098	-1	173
12.730376482009888	-1	605
12.73515272140503	-1	605
12.740446329116821	-1	605
12.744386196136475	1	338
12.745149612426758	-1	605
12.74890923500061	-1	605
12.749042510986328	-1	119
12.749295234680176	-1	119
12.74944281578064	-1	119
12.749561786651611	-1	119
12.749672174453735	-1	119
12.749802112579346	-1	119
12.74996829032898	-1	119
12.750125885009766	-1	119
12.764509916305542	1	3560
12.766284465789795	1	2968
12.767757654190063	1	3347
12.774606704711914	1	3560
12.782400846481323	1	3708
12.787771940231323	1	3708
13.758611679077148	-1	173
13.783475160598755	1	338
14.76460075378418	-1	173
14.768106460571289	-1	205
14.808897256851196	1	386
14.808916568756104	1	338
15.687876462936401	1	111
15.688954830169678	1	111
15.69733452796936	1	111
15.69733452796936	1	111
16.781191110610962	-1	205
16.81696105003357	1	386
17.794158458709717	-1	173
17.79451823234558	-1	841
17.803795337677002	-1	214
17.812880516052246	-1	214
17.817456483840942	-1	214
17.81760048866272	-1	111
17.819305419921875	-1	126
17.819424390792847	-1	127
17.819499731063843	-1	126
17.819544553756714	-1	127
17.8197922706604	-1	127
17.819847106933594	-1	126
17.81999969482422	-1	842
17.823768854141235	-1	168
17.82409167289734	-1	168
17.826173543930054	-1	111
17.826329946517944	-1	111
17.826608419418335	-1	111
17.826680660247803	-1	119
17.826833724975586	-1	669
17.827085733413696	-1	258
17.827120304107666	-1	310
17.827168703079224	-1	574
17.827204942703247	-1	841
17.82726526260376	-1	841
17.827306270599365	-1	841
17.82734227180481	-1	841
17.827494144439697	-1	258
17.82752275466919	-1	368
17.827574729919434	-1	685
17.82776379585266	-1	253
17.827839612960815	-1	240
17.827901124954224	-1	247
17.829343557357788	-1	239
17.845107316970825	1	258
17.847360372543335	1	258
17.850712060928345	1	258
17.856523752212524	1	1294
17.856912851333618	-1	841
17.865575790405273	1	724
17.86557912826538	1	724
17.86582326889038	-1	119
17.865925788879395	-1	119
17.86755609512329	-1	648
17.869535446166992	1	1290
17.869804620742798	-1	841
17.87123942375183	1	1858
17.877229690551758	-1	605
17.88585638999939	1	2658
17.88611936569214	1	236
17.886496543884277	-1	131
17.887473344802856	1	1293
17.88875722885132	-1	574
17.888848781585693	-1	842
17.898887872695923	1	1291
17.899061918258667	-1	840
17.902949571609497	1	119
17.902949571609497	1	119
17.90499758720398	1	5848
17.906466960906982	1	5848
17.908650875091553	1	4209
17.908759355545044	1	1292
17.90880584716797	-1	127
17.908921718597412	-1	112
17.909133434295654	-1	840
17.911555767059326	1	235
17.91247248649597	-1	139
17.91390562057495	-1	841
17.93191361427307	1	1293
17.932462215423584	-1	842
17.93745708465576	1	1677
17.937937259674072	-1	842
17.943438291549683	1	8728
17.946444272994995	-1	605
17.9516921043396	1	1364
17.952411651611328	-1	842
17.958927869796753	1	1293
17.959108114242554	-1	843
17.96674370765686	1	2474
17.967651844024658	1	1294
17.96787929534912	-1	842
17.970582008361816	1	1292
17.970813274383545	-1	843
17.971623420715332	1	1292
17.971940279006958	-1	842
17.975248098373413	1	1516
17.982421159744263	1	1291
17.982620000839233	-1	842
17.991159915924072	1	1294
17.99139666557312	-1	840
17.99601173400879	1	1295
17.996251583099365	-1	840
18.00449800491333	1	4408
18.005325078964233	1	32856
18.00535488128662	1	13400
18.007277011871338	1	1294
18.00749158859253	-1	840
18.017809629440308	1	1292
18.018458604812622	-1	842
18.019635677337646	1	1295
18.021699905395508	-1	605
18.021934747695923	-1	842
18.02483820915222	1	2417
18.02591323852539	1	1291
18.027520179748535	-1	214
18.028102159500122	-1	458
18.028212308883667	-1	842
18.03288435935974	-1	605
18.037954807281494	1	1362
18.038572788238525	-1	842
18.04133152961731	1	1362
18.041524171829224	-1	842
18.042792558670044	1	1278
18.043073892593384	-1	840
18.0489342212677	-1	605
18.04997754096985	-1	605
18.05520725250244	1	3256
18.057218074798584	1	258
18.057554006576538	1	1291
18.057624340057373	-1	181
18.05802631378174	-1	840
18.067416667938232	1	1292
18.068289041519165	-1	840
18.069197177886963	1	1516
18.069442987442017	1	1693
18.07013964653015	-1	414
18.08114242553711	1	3348
18.08136010169983	1	1292
18.081523418426514	1	1293
18.08266305923462	-1	181
18.082993745803833	-1	840
18.083067417144775	-1	840
18.08369755744934	1	1278
18.084838151931763	1	1516
18.084842920303345	-1	840
18.085214853286743	1	1693
18.08689832687378	1	4880
18.087852001190186	-1	414
18.089028358459473	1	1292
18.089196920394897	-1	840
18.101444244384766	1	1278
18.10246443748474	-1	847
18.108912706375122	1	354
18.109145164489746	-1	805
18.10971426963806	1	1293
18.10989236831665	-1	841
18.11068296432495	1	362
18.1108078956604	1	157
18.1203556060791	1	1277
18.120620012283325	-1	897
18.123202800750732	1	32856
18.12322211265564	1	1786
18.124202728271484	1	1277
18.124300479888916	1	354
18.124920129776	1	1279
18.12686538696289	-1	837
18.126953125	-1	897
18.127009868621826	-1	1090
18.140872955322266	1	708
18.141018867492676	-1	1089
18.143152952194214	1	1322
18.143327713012695	-1	1089
18.146341800689697	1	1563
18.146498203277588	-1	1089
18.147706985473633	1	3221
18.15383267402649	1	1106
18.15404486656189	-1	1089
18.16726541519165	1	261
18.167474031448364	1	1108
18.168233633041382	-1	1090
18.188347339630127	1	17159
18.24347186088562	-1	265
18.2435085773468	-1	312
18.244333267211914	1	6997
18.256076097488403	-1	647
18.2589168548584	1	4445
18.25992512702942	1	4445
18.269815921783447	1	8271
18.27329111099243	1	12326
18.273497343063354	-1	898
18.275532007217407	1	236
18.275776624679565	-1	131
18.276721954345703	-1	414
18.28247308731079	-1	265
18.28250527381897	-1	516
18.282609701156616	-1	126
18.288368701934814	1	5871
18.28865957260132	-1	898
18.300440549850464	1	7993
18.300455331802368	1	8151
18.302083015441895	-1	898
18.302234649658203	-1	898
18.304131746292114	1	424
18.304445505142212	-1	126
18.310526371002197	1	126
18.311041116714478	1	545
18.31634545326233	1	4367
18.318742513656616	-1	898
18.319701433181763	1	1107
18.319922924041748	-1	898
18.325195789337158	1	4408
18.330178022384644	1	1108
18.330395221710205	-1	898
18.338479042053223	1	1371
18.338735103607178	-1	898
18.342652797698975	1	1371
18.34288191795349	-1	898
18.348078966140747	1	1948
18.355064153671265	1	1107
18.355249404907227	-1	898
18.36445140838623	1	1198
18.364692449569702	-1	898
18.368341207504272	1	323
18.368361234664917	1	1193
18.3687641620636	-1	898
18.374562740325928	1	1371
18.37475061416626	-1	1089
18.37874484062195	1	4218
18.383976936340332	-1	456
18.39026165008545	-1	647
18.39647150039673	1	1371
18.39686632156372	-1	1089
18.400696992874146	1	236
18.400940895080566	-1	131
18.401230573654175	1	1371
18.403419017791748	-1	794
18.40416431427002	-1	1090
18.40535283088684	-1	657
18.40640878677368	-1	657
18.40653657913208	-1	174
18.40788435935974	-1	657
18.411601066589355	1	1107
18.411877393722534	1	1104
18.411919832229614	-1	1090
18.41209840774536	-1	1089
18.41210651397705	1	597
18.414899110794067	1	236
18.415242195129395	-1	131
18.41612148284912	-1	591
18.417586088180542	1	236
18.417834043502808	-1	131
18.41873264312744	-1	584
18.42599892616272	1	236
18.426228761672974	-1	131
18.427797317504883	-1	597
18.444066762924194	-1	762
18.452345848083496	1	5800
18.459516763687134	1	342
18.459983825683594	-1	168
18.459986448287964	1	2223
18.46149468421936	-1	258
18.4615261554718	-1	715
18.46161723136902	-1	168
18.4617178440094	-1	590
18.461790084838867	-1	163
18.461886167526245	-1	590
18.46196150779724	-1	163
18.462050437927246	-1	591
18.462373733520508	-1	163
18.462469577789307	-1	591
18.46256947517395	-1	163
18.474361658096313	1	1000
18.47441816329956	1	150
18.475011348724365	-1	119
18.479825258255005	1	119
18.481208086013794	-1	626
18.48464035987854	1	3025
18.487579107284546	1	7288
18.48803448677063	1	6077
18.488226175308228	1	2968
18.49336004257202	1	2968
18.49380898475647	1	2055
18.50147032737732	1	2968
18.503275156021118	1	2343
18.50374674797058	1	5632
18.504037618637085	1	3510
18.50880718231201	-1	605
18.51073718070984	1	32856
18.516387939453125	1	5594
18.51982593536377	1	32856
18.52433967590332	1	24524
18.53044056892395	1	4242
18.53054451942444	1	3751
18.530792474746704	-1	1090
18.546138763427734	1	4242
18.54691171646118	1	32856
18.55117392539978	1	32856
18.560370922088623	1	6814
18.56058621406555	-1	1091
18.562681913375854	-1	605
18.56620144844055	-1	605
18.569910764694214	-1	605
18.570704698562622	-1	605
18.572370290756226	1	8431
18.5725154876709	-1	1091
18.57517719268799	-1	605
18.58053684234619	-1	605
18.588348388671875	1	8114
18.588517665863037	-1	1090
18.592348337173462	1	26805
18.59313654899597	1	3252
18.593980312347412	-1	181
18.59654402732849	-1	265
18.59657120704651	-1	302
18.60105538368225	1	1596
18.60126495361328	1	2409
18.602086305618286	1	435
18.60545301437378	-1	214
18.60601305961609	-1	1421
18.610158443450928	1	3917
18.61037540435791	1	435
18.611612558364868	1	1596
18.61189913749695	1	2409
18.611993312835693	1	1596
18.612173557281494	1	2409
18.614441394805908	1	435
18.61445164680481	1	435
18.615944862365723	1	3285
18.61731266975403	-1	214
18.62073588371277	-1	214
18.62337613105774	1	1596
