0.1072084903717041	-1	605
0.20918655395507812	1	4098
0.2116997241973877	-1	168
0.2118208408355713	-1	1037
0.31188321113586426	1	694
0.4142892360687256	1	2271
0.41477179527282715	-1	112
0.46274518966674805	-1	605
0.5021684169769287	1	2944
0.5037107467651367	1	989
0.5059421062469482	-1	214
0.5061995983123779	-1	452
0.6405448913574219	-1	605
0.7058923244476318	1	156
0.7070839405059814	1	3722
0.7158167362213135	1	435
0.7238900661468506	-1	214
0.7603602409362793	1	314
0.8079800605773926	1	3623
0.8129971027374268	-1	602
0.8399112224578857	1	4372
0.8877291679382324	1	20513
0.890228271484375	1	2968
0.9234921932220459	1	20248
0.9245913028717041	1	5848
0.9564757347106934	1	5848
0.9571099281311035	1	7481
0.965177059173584	1	32856
0.9652562141418457	1	2229
0.9657995700836182	-1	119
3.5016632080078125	-1	605
3.525153875350952	-1	656
3.540536642074585	1	235
3.541027069091797	-1	139
3.542449712753296	-1	455
3.5523030757904053	-1	605
3.5532636642456055	-1	605
3.554204225540161	-1	605
3.5553998947143555	-1	605
3.5571770668029785	-1	605
3.5594112873077393	-1	605
3.562074899673462	1	4223
3.5627920627593994	1	6997
3.5637738704681396	1	10168
3.5646750926971436	1	10168
3.565657138824463	1	5848
3.5657546520233154	1	2768
3.5663394927978516	1	1598
3.566349506378174	1	4108
3.567471981048584	1	4278
3.5679221153259277	1	258
3.571476697921753	-1	168
3.571882963180542	-1	168
3.5720269680023193	1	4278
3.5721402168273926	1	4278
3.5722124576568604	-1	258
3.572230100631714	-1	338
3.5723161697387695	-1	258
3.5723326206207275	-1	337
3.573040723800659	-1	616
3.5731470584869385	-1	202
3.573272943496704	-1	188
3.5733280181884766	-1	192
3.5733728408813477	-1	199
3.573422908782959	-1	199
3.573517084121704	-1	200
3.5749247074127197	-1	199
3.5750181674957275	-1	203
3.5753002166748047	-1	168
3.575507402420044	-1	258
3.575526237487793	-1	337
3.5764920711517334	1	4108
3.576810836791992	1	258
3.576882839202881	-1	168
3.5771262645721436	-1	258
3.577151298522949	-1	337
3.5786893367767334	-1	616
3.5797486305236816	-1	168
3.580078601837158	-1	258
3.58014178276062	-1	336
3.580617904663086	-1	168
3.5809106826782227	-1	258
3.5809340476989746	-1	341
3.582671880722046	1	375
3.5830399990081787	1	437
3.5831565856933594	-1	119
3.583463430404663	1	724
3.583587884902954	-1	119
3.585261106491089	1	724
3.585577964782715	-1	119
3.5881049633026123	1	724
3.588301420211792	-1	119
3.590080738067627	1	375
3.5908148288726807	1	724
3.590855121612549	1	437
3.5912654399871826	-1	119
3.5914058685302734	-1	119
3.5951919555664062	1	3128
3.595217704772949	1	119
3.5953831672668457	-1	127
3.595463275909424	-1	112
3.5956926345825195	1	119
3.598217725753784	1	2968
3.5987894535064697	1	2968
3.6024608612060547	1	1459
3.603412628173828	1	5479
3.6034860610961914	1	3576
3.6036622524261475	-1	127
3.6037380695343018	-1	112
3.6038544178009033	1	235
3.6041505336761475	-1	139
3.609517812728882	-1	642
3.6095683574676514	1	235
3.609827995300293	-1	139
3.6103718280792236	1	32856
3.611147880554199	-1	644
3.613145589828491	1	2726
3.6149394512176514	-1	458
3.619692087173462	1	32856
3.6274096965789795	1	32856
3.6274962425231934	1	2351
3.6317992210388184	1	32856
3.631866693496704	1	3320
3.6361515522003174	1	2523
3.642238140106201	-1	127
3.642533779144287	-1	112
3.6441452503204346	1	1980
3.6449286937713623	-1	127
3.6451258659362793	-1	112
3.6481516361236572	1	1773
3.650571346282959	-1	127
3.650742530822754	-1	112
3.664456605911255	1	32856
3.6644906997680664	1	1880
3.666581153869629	1	2968
3.669318675994873	1	1528
3.669924259185791	1	2783
3.6708106994628906	1	2946
3.6755802631378174	1	13325
3.6974310874938965	1	10409
3.698434591293335	-1	456
3.698918581008911	1	32856
3.698931932449341	1	1880
3.6994729042053223	1	2968
3.7339906692504883	1	32856
3.735116481781006	1	7288
3.7352583408355713	1	2968
3.737013339996338	1	2944
3.7377398014068604	1	7288
3.740126132965088	1	4408
3.743124485015869	1	5848
3.764591932296753	1	5848
3.7801597118377686	1	14205
3.7971296310424805	-1	460
3.798387289047241	1	32856
3.798448085784912	1	3320
3.801234483718872	1	4408
3.801900863647461	1	7288
3.802415132522583	1	2968
3.8037478923797607	1	5848
3.8044745922088623	1	5848
3.8364510536193848	1	2025
3.837678909301758	-1	605
3.840376377105713	1	32856
3.8404359817504883	1	4760
3.8420803546905518	-1	605
3.8425323963165283	1	5848
3.853015422821045	1	4278
3.856766939163208	1	1428
3.8590400218963623	-1	168
3.859879493713379	-1	258
3.8599636554718018	-1	344
3.861994981765747	1	2938
3.86358904838562	1	5848
3.866133689880371	-1	168
3.8676326274871826	-1	258
3.8677306175231934	-1	340
3.8718373775482178	1	375
3.8728065490722656	1	437
3.873380422592163	-1	119
3.8794097900390625	1	724
3.8798468112945557	-1	119
3.8828067779541016	1	119
3.8903701305389404	1	119
3.896663188934326	1	32856
3.89681077003479	1	32856
3.896818161010742	1	7520
3.8968656063079834	1	1880
3.8979861736297607	1	2968
3.903177261352539	1	7288
3.9043662548065186	1	7288
3.9053521156311035	1	32856
3.905428886413574	1	3500
3.9055142402648926	1	32856
3.905867338180542	1	3020
3.932185411453247	1	1746
3.9327282905578613	-1	127
3.932939291000366	-1	112
3.9378888607025146	1	32856
3.937980890274048	1	4760
3.9388442039489746	1	5848
3.9426052570343018	1	11608
3.9482014179229736	1	13441
3.964716911315918	1	4408
3.9651079177856445	1	1528
3.9724154472351074	1	8728
3.9751880168914795	1	8728
3.992764472961426	1	32856
3.9936540126800537	1	4372
3.9953603744506836	1	16528
4.008894443511963	1	32856
4.0089921951293945	1	6200
4.009698867797852	1	3721
4.0194926261901855	1	12940
4.0345377922058105	1	32856
4.034610271453857	1	18728
4.049990177154541	-1	214
4.059086084365845	1	10084
4.061744928359985	1	4108
4.064626455307007	1	2408
4.068193197250366	-1	209
4.068372488021851	-1	205
4.070466041564941	1	7228
4.074815273284912	-1	218
4.083575248718262	1	4268
4.090004920959473	1	4108
4.090327262878418	1	2503
4.093758583068848	1	4108
4.0948474407196045	1	1460
4.1099021434783936	-1	201
4.1103904247283936	-1	205
4.110655307769775	-1	201
4.111871004104614	-1	201
4.1119606494903564	-1	205
4.112039089202881	-1	201
4.112151861190796	-1	205
4.1161110401153564	1	14639
4.117081642150879	-1	460
4.12002158164978	-1	277
4.1212403774261475	1	1818
4.125194311141968	-1	207
4.132270812988281	1	3358
4.132900953292847	1	5489
4.133270263671875	1	1428
4.136490821838379	1	645
4.139474630355835	1	840
4.140965938568115	-1	605
4.1433494091033936	1	4108
4.143647193908691	1	1456
4.145298004150391	-1	605
4.145815134048462	-1	227
4.154488563537598	-1	792
4.157278060913086	1	3118
4.164322376251221	-1	197
4.176387548446655	1	3790
4.177506685256958	1	435
4.1795494556427	1	2829
4.18160343170166	1	3790
4.185158014297485	-1	214
4.186582326889038	1	435
4.190444231033325	1	4883
4.194813013076782	1	287
4.19734263420105	-1	214
4.197514533996582	-1	1783
4.199001312255859	-1	962
4.20295524597168	1	7228
4.204172372817993	1	119
4.209727764129639	-1	605
4.21651029586792	1	314
4.234215974807739	1	314
4.243412256240845	1	3790
4.249486446380615	1	435
4.250618934631348	1	32856
4.250682592391968	1	31580
4.255691289901733	1	406
4.257444620132446	-1	214
4.258296728134155	-1	868
4.260835886001587	1	32856
4.264287233352661	1	7228
4.272202730178833	1	21508
4.279785633087158	1	406
4.290237665176392	1	14368
4.290977478027344	1	314
4.292914867401123	1	65535
4.292957305908203	1	51720
4.336030006408691	1	65535
4.336050510406494	1	6024
4.342878580093384	1	406
4.389785289764404	-1	604
4.401585340499878	-1	791
4.407055854797363	-1	192
4.412957429885864	-1	197
4.417638778686523	1	65535
4.417688846588135	1	65535
4.417715787887573	1	19100
4.418824672698975	-1	127
4.419370651245117	-1	119
4.419482231140137	-1	119
4.4195709228515625	-1	119
4.4196507930755615	-1	119
4.420353889465332	-1	112
4.4221930503845215	1	2768
4.423779487609863	1	3932
4.427685499191284	1	1376
4.427942752838135	-1	119
4.43697452545166	1	1354
4.437242269515991	-1	127
4.4373297691345215	1	1528
4.437339544296265	-1	112
4.438333034515381	1	2783
4.440555810928345	1	3512
4.440910339355469	-1	119
4.454974889755249	1	65535
4.455029726028442	1	65535
4.455084800720215	1	65535
4.455135822296143	1	47884
4.456073999404907	1	7228
4.463369369506836	-1	605
4.4660491943359375	-1	605
4.480242967605591	1	4278
4.494913339614868	1	54932
4.508049488067627	1	2944
4.511521577835083	1	1136
4.514249324798584	-1	214
4.514554977416992	-1	460
4.543727397918701	-1	605
4.5472869873046875	1	32352
4.557146787643433	1	65535
4.594111442565918	-1	168
4.594836711883545	-1	258
4.59491491317749	-1	346
4.595260143280029	-1	192
4.598245859146118	1	65535
4.598341464996338	1	65535
4.598400354385376	1	37664
4.607422590255737	1	724
4.607516527175903	1	3917
4.607877969741821	-1	119
4.613212585449219	1	435
4.618373394012451	1	119
4.619313955307007	-1	214
4.620782375335693	1	10291
4.629201889038086	1	1254
4.669837951660156	1	207
4.670288324356079	1	139
4.679650545120239	-1	605
4.683459281921387	-1	656
4.686787366867065	-1	187
4.687255859375	1	65535
4.687334775924683	1	65535
4.687432527542114	1	65535
4.687521696090698	1	65535
4.687603950500488	1	65535
4.687676191329956	1	45843
4.691337585449219	-1	119
4.698169469833374	1	2322
4.716203451156616	1	1596
4.7166428565979	1	2282
4.718014478683472	1	435
4.727132320404053	-1	214
4.728932857513428	-1	745
4.7443602085113525	1	2508
4.761002540588379	1	314
4.792435646057129	1	122
4.799873113632202	-1	605
4.802979946136475	-1	605
4.836268663406372	1	2944
4.83770751953125	1	3036
4.838129997253418	1	842
4.839087724685669	1	989
4.846698999404907	1	1121
4.847144603729248	1	435
4.847952365875244	-1	214
4.849992752075195	-1	454
4.855698108673096	1	527
4.8579912185668945	-1	214
4.85847806930542	-1	119
4.858817100524902	-1	828
4.871052503585815	-1	605
4.8832573890686035	1	258
4.894149541854858	1	269
4.9039435386657715	1	133
4.915436267852783	1	235
4.916105031967163	-1	139
4.9197869300842285	-1	464
4.919932842254639	1	674
4.924170017242432	-1	605
4.925127983093262	-1	455
4.945349216461182	1	433
4.953994512557983	-1	858
4.959568977355957	1	594
4.973846435546875	1	235
4.974514961242676	-1	139
4.97756290435791	-1	453
4.994005918502808	1	912
5.00693941116333	1	436
5.069843530654907	1	901
5.684848070144653	1	289
5.684929132461548	1	300
5.6855034828186035	-1	119
5.726970434188843	-1	480
5.766370534896851	1	1535
5.771880865097046	-1	605
5.7739341259002686	-1	605
5.776666641235352	-1	605
5.809711456298828	1	235
5.810519456863403	-1	139
5.813577175140381	1	235
5.813920021057129	-1	509
5.814645528793335	-1	139
5.816728830337524	1	235
5.818096399307251	-1	139
5.821526050567627	-1	491
5.82172417640686	-1	520
5.902102470397949	1	3773
5.911062717437744	1	4372
5.9330055713653564	1	1676
5.964524030685425	1	11512
5.993785381317139	1	14368
6.004136085510254	1	26400
6.093326091766357	1	4372
6.1273415088653564	1	1765
6.1565163135528564	1	32856
6.156599044799805	1	9817
6.488293647766113	-1	605
6.8214616775512695	1	3854
6.829135894775391	-1	214
6.830193519592285	-1	265
6.830260276794434	-1	334
6.873186826705933	1	327
6.873842239379883	-1	126
6.911728858947754	1	126
6.952223777770996	1	4372
6.98853325843811	1	1558
7.007942199707031	1	168
7.011606931686401	-1	449
7.04419732093811	1	2024
7.351374387741089	1	1050
7.356221914291382	-1	450
7.491088628768921	-1	605
8.133034944534302	1	244
8.133969783782959	-1	139
8.13761281967163	-1	265
8.137685537338257	-1	334
8.167993068695068	1	157
8.16828179359436	-1	126
8.238123178482056	1	706
8.241266250610352	-1	455
8.311848163604736	1	4881
8.352240324020386	1	15796
8.409605741500854	1	32856
8.429820775985718	1	13771
8.433414220809937	-1	456
8.467037677764893	1	739
8.468276739120483	-1	468
8.490500450134277	1	5838
8.50107479095459	1	2024
9.052645444869995	1	129
9.052979707717896	1	546
9.053276777267456	-1	134
9.053614377975464	-1	119
9.056235551834106	-1	466
9.07337498664856	-1	449
9.1183500289917	1	1098
9.12990689277649	-1	476
9.130222797393799	-1	505
9.172420501708984	1	1532
9.204395532608032	1	22336
9.218649864196777	1	10084
9.668221712112427	1	2917
9.668222904205322	1	3829
9.67680311203003	-1	478
9.715911865234375	1	1063
9.719250202178955	-1	478
9.757550239562988	1	742
9.760866641998291	-1	477
9.795067548751831	1	900
10.109482765197754	-1	542
10.152899742126465	1	756
10.257930517196655	-1	605
10.347451448440552	1	2944
10.348005533218384	1	1104
10.357308864593506	-1	214
10.357990741729736	-1	515
10.4439058303833	1	258
10.529511213302612	1	827
10.533810377120972	-1	420
10.620766401290894	1	3597
10.664822816848755	1	4778
10.686763048171997	-1	461
10.986014127731323	1	1110
10.991198301315308	-1	488
10.991339921951294	-1	517
11.033296585083008	1	1544
11.854751348495483	1	5968
14.712825536727905	-1	127
14.768953561782837	-1	119
14.870853185653687	-1	119
15.020557880401611	-1	119
15.782981157302856	-1	119
15.947507858276367	-1	119
17.006731033325195	-1	134
19.809626579284668	-1	119
20.641059637069702	-1	119
21.050155639648438	-1	119
21.871575593948364	-1	119
26.131859064102173	-1	605
26.224719762802124	1	4098
26.236961364746094	-1	168
26.237611293792725	-1	1037
26.326164484024048	1	678
26.415472745895386	1	2271
26.41573405265808	-1	112
