0.10746335983276367	-1	605
0.19913983345031738	1	4098
0.20152878761291504	-1	168
0.20167136192321777	-1	1037
0.28926634788513184	1	678
0.3459045886993408	-1	605
0.3807260990142822	1	2271
0.38108038902282715	1	3790
0.38140273094177246	-1	112
0.3815774917602539	1	435
0.3946259021759033	-1	214
0.42520666122436523	1	314
0.4878959655761719	-1	601
1.1115288734436035	1	4272
1.1360204219818115	-1	605
1.1429893970489502	1	32856
1.1430461406707764	1	3139
1.1660170555114746	1	2944
1.1715164184570312	1	1136
1.1795685291290283	-1	214
1.180131435394287	-1	464
1.1861050128936768	1	22443
1.4704444408416748	-1	605
1.4763565063476562	1	1294
1.5124518871307373	1	2944
1.5136964321136475	1	989
1.5219416618347168	-1	214
1.5228126049041748	-1	452
1.8873612880706787	1	258
1.9289929866790771	1	2025
1.9800546169281006	1	5800
1.9907419681549072	1	7228
2.012214422225952	1	5800
2.0206542015075684	1	3581
3.398965358734131	-1	455
3.4762139320373535	-1	632
3.496896982192993	-1	605
3.497584342956543	-1	605
3.4982857704162598	-1	605
3.499089002609253	-1	605
3.4997732639312744	-1	605
3.5006885528564453	-1	605
3.5080745220184326	1	4223
3.50874662399292	1	6997
3.509859085083008	1	9295
3.510493040084839	1	8879
3.511143922805786	1	5557
3.5111687183380127	1	1428
3.51198148727417	1	2938
3.513935089111328	-1	168
3.5143983364105225	-1	258
3.5144236087799072	-1	338
3.514519214630127	-1	202
3.514591693878174	-1	188
3.5146491527557373	-1	192
3.5147132873535156	-1	199
3.5147833824157715	-1	199
3.514911651611328	-1	200
3.5151679515838623	-1	199
3.5152511596679688	-1	203
3.5157227516174316	1	4108
3.5158371925354004	1	4184
3.5159456729888916	1	258
3.5164153575897217	1	182
3.516637086868286	1	1428
3.516698122024536	1	4278
3.5172531604766846	1	2938
3.5172741413116455	1	4278
3.520019769668579	-1	168
3.5204336643218994	-1	168
3.5207183361053467	-1	258
3.5207924842834473	-1	337
3.520982265472412	-1	258
3.521010160446167	-1	336
3.524211883544922	1	724
3.5250608921051025	-1	491
3.525547504425049	-1	168
3.5259947776794434	-1	168
3.526134729385376	-1	119
3.5269358158111572	-1	168
3.5272161960601807	-1	258
3.527261972427368	-1	337
3.5274317264556885	-1	258
3.5274741649627686	-1	337
3.527571201324463	-1	258
3.5275914669036865	-1	341
3.528917074203491	-1	616
3.530116081237793	-1	616
3.5332517623901367	1	724
3.534165382385254	-1	119
3.5359480381011963	1	724
3.5363848209381104	1	375
3.5369794368743896	-1	119
3.5373198986053467	1	724
3.5374672412872314	1	437
3.5376174449920654	-1	119
3.5377376079559326	1	2799
3.5378448963165283	-1	119
3.542241334915161	1	18808
3.543386936187744	1	662
3.5435211658477783	1	150
3.5435540676116943	-1	119
3.5503017902374268	1	32856
3.5503249168395996	1	13400
3.5516958236694336	1	3128
3.551981210708618	1	3545
3.552224636077881	1	7288
3.5526390075683594	-1	127
3.5527966022491455	-1	112
3.555837392807007	1	3351
3.556863784790039	1	2554
3.5572919845581055	1	7164
3.5587222576141357	-1	127
3.558851480484009	-1	127
3.5589940547943115	-1	127
3.559126138687134	-1	112
3.5592129230499268	-1	112
3.559276819229126	-1	112
3.560955047607422	1	869
3.5628459453582764	1	32856
3.5635149478912354	1	235
3.5639007091522217	-1	139
3.56606125831604	-1	620
3.567406177520752	1	184
3.5686707496643066	1	139
3.5688259601593018	-1	139
3.5697450637817383	-1	618
3.575453281402588	1	32856
3.582878589630127	1	17368
3.5847532749176025	1	23128
3.586329221725464	1	23128
3.5970871448516846	-1	605
3.598043203353882	1	119
3.598252058029175	-1	127
3.5986270904541016	-1	112
3.61725115776062	1	32856
3.619152545928955	1	15928
3.6203553676605225	1	15928
3.622013568878174	1	14488
3.6220483779907227	1	24370
3.622685432434082	1	4408
3.6233298778533936	1	7288
3.6241869926452637	1	2968
3.629744291305542	1	4223
3.630631923675537	1	9190
3.6355984210968018	1	235
3.639223098754883	-1	139
3.64455509185791	1	4408
3.645449161529541	1	4408
3.645949363708496	1	4408
3.646716356277466	1	5848
3.647134304046631	1	4408
3.6484029293060303	1	4408
3.6495118141174316	1	8728
3.650421142578125	1	10168
3.6515769958496094	1	11608
3.653921127319336	1	21688
3.6544809341430664	1	2968
3.6581151485443115	-1	520
3.663228750228882	1	4408
3.6732983589172363	1	4408
3.6784112453460693	1	17368
3.679208278656006	1	4408
3.6806201934814453	1	7288
3.68440580368042	1	23128
3.7031657695770264	1	2697
3.7064614295959473	-1	458
3.7100908756256104	1	65535
3.7101621627807617	1	864
3.7105484008789062	1	4408
3.7162749767303467	1	917
3.72153639793396	1	4408
3.7258846759796143	1	7081
3.7493579387664795	1	3452
3.7591631412506104	1	17224
3.762086868286133	1	34974
3.784088611602783	-1	605
3.787881851196289	-1	605
3.7900238037109375	1	7074
3.7924845218658447	-1	456
3.7984395027160645	1	4108
3.7988510131835938	1	258
3.8018155097961426	1	17224
3.804758310317993	-1	168
3.8057563304901123	-1	258
3.805858612060547	-1	340
3.8064486980438232	1	4108
3.807673454284668	1	258
3.811965227127075	-1	168
3.81258487701416	-1	258
3.8126683235168457	-1	344
3.8182904720306396	1	906
3.8201723098754883	1	375
3.82059907913208	1	437
3.8209028244018555	-1	119
3.827225685119629	1	724
3.8277082443237305	-1	119
3.8336181640625	1	597
3.834721803665161	1	2944
3.8348166942596436	1	119
3.8394625186920166	1	8656
3.8443479537963867	1	119
3.8542914390563965	1	7228
3.868960380554199	1	32856
3.877593994140625	1	32856
3.8776559829711914	1	3500
3.8780338764190674	1	10869
3.8780369758605957	1	1746
3.882546901702881	1	15292
3.8850693702697754	1	10588
3.8865692615509033	-1	460
3.9130923748016357	1	13205
3.9181065559387207	1	20141
3.918898820877075	-1	127
3.920013666152954	-1	112
3.9274630546569824	1	3453
4.014071226119995	1	15796
4.033318519592285	1	32856
4.033470153808594	1	20156
4.043529987335205	-1	214
4.056199789047241	1	32856
4.056230783462524	1	7304
4.057372093200684	1	4108
4.057940244674683	1	2408
4.06391453742981	-1	209
4.064660549163818	-1	205
4.073280334472656	-1	218
4.078591823577881	1	4108
4.089051008224487	1	24364
4.114209890365601	-1	201
4.1144185066223145	-1	205
4.114501237869263	-1	201
4.1158928871154785	-1	201
4.115991830825806	-1	205
4.116073846817017	-1	201
4.116469144821167	-1	205
4.1233789920806885	-1	277
4.125995397567749	1	18775
4.126263380050659	1	1818
4.129311800003052	-1	207
4.138818264007568	1	1850
4.1398632526397705	1	840
4.1400651931762695	1	2799
4.14012885093689	-1	605
4.141291379928589	1	2768
4.142462253570557	1	2768
4.147881984710693	-1	605
4.149143934249878	1	32856
4.149521589279175	1	32856
4.1495232582092285	1	10236
4.156306743621826	-1	227
4.164303779602051	-1	744
4.175565242767334	1	3148
4.177903175354004	1	3036
4.178532361984253	1	842
4.184623956680298	1	3036
4.184903860092163	1	842
4.185009956359863	1	435
4.186007976531982	1	6210
4.188642501831055	1	435
4.190122604370117	1	8927
4.191992521286011	-1	214
4.197440147399902	-1	214
4.197649717330933	-1	197
4.198730945587158	-1	932
4.198783874511719	-1	1753
4.200372934341431	1	286
4.201910734176636	-1	605
4.204429388046265	-1	460
4.209723949432373	1	2829
4.227587699890137	1	269
4.228074073791504	1	133
4.2316601276397705	1	314
4.248689413070679	1	3790
4.252931594848633	1	2027
4.254451036453247	1	435
4.26326847076416	-1	214
4.264569282531738	-1	820
4.2826831340789795	1	406
4.301321268081665	1	314
4.33647084236145	1	406
4.354803085327148	1	406
4.357196807861328	-1	580
4.374587059020996	-1	767
4.375091314315796	-1	192
4.375362873077393	-1	197
4.38266658782959	1	37216
4.384936571121216	1	10084
4.385971546173096	-1	127
4.386051654815674	-1	119
4.386164426803589	-1	119
4.386251211166382	-1	119
4.389857053756714	-1	119
4.390992879867554	1	4108
4.391413450241089	-1	119
4.3928303718566895	-1	119
4.393847942352295	-1	112
4.395841121673584	1	11970
4.3958580493927	1	1376
4.397039890289307	-1	119
4.412271738052368	1	5663
4.412626266479492	1	2072
4.412778377532959	-1	119
4.438002586364746	1	1354
4.438457250595093	-1	127
4.438526153564453	-1	112
4.446401357650757	1	65535
4.4464521408081055	1	53148
4.452594995498657	-1	605
4.469571352005005	1	4184
4.470510482788086	1	182
4.479588270187378	1	57208
4.51356840133667	1	65535
4.51450252532959	1	8656
4.518267393112183	-1	605
4.565221071243286	-1	168
4.566035985946655	-1	258
4.5661091804504395	-1	346
4.566439867019653	-1	192
4.5785722732543945	1	724
4.579026222229004	-1	119
4.580486059188843	1	3917
4.580843448638916	1	51496
4.581041574478149	1	435
4.590100526809692	-1	214
4.59135890007019	1	119
4.59190034866333	1	3665
4.592473983764648	1	5374
4.602981805801392	1	1254
4.607408285140991	1	14368
4.619993209838867	1	28648
4.6381261348724365	-1	605
4.63853120803833	-1	187
4.650339603424072	-1	632
4.651382684707642	1	258
4.652555704116821	1	2322
4.662111282348633	-1	605
4.676669597625732	1	1596
4.6775267124176025	1	2629
4.68650221824646	-1	214
4.687376499176025	-1	721
4.691654205322266	1	2944
4.693255424499512	1	998
4.700969934463501	1	25792
4.700982093811035	-1	214
4.702534914016724	-1	265
4.702613592147827	-1	334
4.712446928024292	1	65535
4.712560415267944	1	33156
4.719932794570923	1	2542
4.720815896987915	1	314
4.726459980010986	1	22936
4.735435962677002	-1	605
4.765942096710205	1	156
4.766865491867065	1	3722
4.768028736114502	1	435
4.77532696723938	-1	214
4.776290416717529	-1	798
4.793817043304443	1	65535
4.7998316287994385	1	60064
4.806633234024048	1	314
4.809939622879028	1	4372
4.816314935684204	1	25792
4.81693959236145	1	527
4.841758966445923	1	433
4.850188970565796	-1	828
4.8873279094696045	1	436
4.892188549041748	1	18652
4.910731554031372	1	65535
4.910792112350464	1	8880
4.916757345199585	1	12940
4.9821457862854	1	48640
5.022137880325317	1	6077
5.0227484703063965	-1	126
5.027100086212158	1	48640
5.049182891845703	1	132
5.078901529312134	1	2944
5.0833821296691895	1	22936
5.163624286651611	1	65535
5.163642883300781	1	13164
5.19891881942749	1	11512
5.208917140960693	1	52924
5.295414447784424	1	55780
5.351564407348633	1	65535
5.361997365951538	1	50068
5.364051342010498	1	38644
5.439942359924316	1	15796
5.460145711898804	1	24364
5.4787437915802	1	17224
5.483780384063721	1	17224
5.52611517906189	1	50435
5.526841402053833	-1	119
6.595853090286255	-1	605
6.635817766189575	1	2944
7.110013246536255	1	989
7.1172826290130615	-1	214
7.1182639598846436	-1	454
7.158372402191162	1	258
7.440023183822632	1	674
7.4433746337890625	-1	455
7.483084201812744	1	674
7.486840486526489	-1	449
7.563363790512085	1	4880
7.6060791015625	1	2478
7.6090919971466064	-1	450
7.65296196937561	1	706
7.655736684799194	-1	455
7.696394443511963	1	3453
7.772034168243408	1	32856
7.772085189819336	1	11588
7.799875497817993	1	9952
7.832269191741943	-1	605
7.8395726680755615	1	2479
7.841684341430664	-1	456
7.875112533569336	1	3992
7.881133556365967	1	595
7.8839428424835205	-1	214
7.884880781173706	-1	460
7.922088861465454	1	232
7.924757242202759	-1	468
7.965078830718994	1	3452
7.966258764266968	1	546
7.969289541244507	-1	466
8.009315013885498	1	2917
8.012809038162231	-1	478
8.024878740310669	1	1092
8.039134740829468	-1	453
8.079781770706177	1	1113
8.090390920639038	-1	480
8.184661865234375	1	1544
9.148373365402222	-1	605
9.18656063079834	1	235
9.187286138534546	-1	139
9.190811395645142	-1	509
9.262252807617188	1	1765
9.94066572189331	-1	449
9.9761483669281	1	1092
9.979745388031006	-1	478
9.981689214706421	1	1109
9.993487119674683	-1	476
9.993799209594727	-1	505
10.019921064376831	1	771
10.02430009841919	-1	477
10.033437967300415	1	2344
10.063818454742432	1	900
10.082273721694946	1	5800
10.136708498001099	1	15253
10.489242553710938	1	858
10.530315637588501	1	762
10.614356279373169	-1	460
10.982211589813232	1	951
11.098068952560425	-1	605
11.185456037521362	1	2944
11.186967849731445	1	1104
11.195725440979004	-1	214
11.196410179138184	-1	515
11.286344766616821	1	258
11.370810508728027	1	827
11.374624252319336	-1	420
11.461560487747192	1	8287
11.481761455535889	-1	461
11.521313190460205	1	901
11.999311208724976	1	297
12.01003885269165	-1	488
12.010292530059814	-1	517
12.049667358398438	1	1544
12.640514850616455	1	5968
14.667029619216919	-1	127
14.734196186065674	-1	119
14.831544876098633	-1	119
14.902998685836792	-1	119
15.06299614906311	-1	134
20.079879760742188	-1	119
21.47724723815918	-1	119
22.06675100326538	-1	119
22.657268524169922	-1	119
29.803633213043213	-1	605
29.907081127166748	1	4098
