0.10318636894226074	-1	605
0.2066342830657959	1	4098
0.2127532958984375	-1	168
0.2129662036895752	-1	1037
0.3702733516693115	-1	605
0.40788698196411133	1	1596
0.40821051597595215	1	2282
0.4146857261657715	1	435
0.4215710163116455	-1	214
0.4592864513397217	1	314
0.5112080574035645	-1	602
0.567253828048706	1	4272
0.5680050849914551	1	7122
0.5687942504882812	1	9295
0.5698263645172119	1	1528
0.5902111530303955	-1	605
0.6010479927062988	1	4408
0.6018712520599365	1	2968
0.6026298999786377	1	7288
0.6033802032470703	1	7288
0.6194150447845459	1	694
0.6202144622802734	1	2271
0.6205720901489258	-1	112
0.6456589698791504	1	17531
0.6862025260925293	1	3992
0.6930007934570312	-1	214
0.6935951709747314	-1	464
0.7339975833892822	1	258
0.7731356620788574	1	901
1.3707470893859863	1	300
3.6381142139434814	-1	605
3.671532154083252	1	1516
3.6826770305633545	-1	626
3.698542594909668	-1	605
3.700997829437256	-1	605
3.7058959007263184	-1	605
3.7083795070648193	-1	605
3.710113763809204	-1	605
3.7116386890411377	-1	605
3.71418833732605	1	4108
3.7149415016174316	1	258
3.714977979660034	1	4184
3.7150938510894775	1	182
3.7177560329437256	-1	168
3.719472885131836	-1	258
3.7195427417755127	-1	338
3.719911575317383	1	4278
3.7201061248779297	-1	168
3.720304250717163	-1	202
3.7203989028930664	-1	188
3.7204654216766357	-1	192
3.7205350399017334	-1	199
3.7206056118011475	-1	199
3.7207508087158203	-1	200
3.720874786376953	-1	258
3.7208986282348633	-1	337
3.721719741821289	1	15161
3.721743106842041	-1	491
3.7220001220703125	-1	199
3.7220640182495117	-1	203
3.7226922512054443	-1	168
3.722923517227173	-1	258
3.722942590713501	-1	337
3.7258081436157227	1	2677
3.7262730598449707	1	18226
3.7267343997955322	1	4278
3.726871967315674	1	4278
3.7273738384246826	-1	616
3.729943037033081	-1	168
3.7301933765411377	1	4108
3.7302258014678955	-1	258
3.7302472591400146	-1	337
3.730461359024048	1	258
3.7307379245758057	-1	168
3.7311394214630127	-1	258
3.7311818599700928	-1	341
3.736180305480957	1	724
3.736382007598877	-1	119
3.7364068031311035	1	662
3.736755609512329	1	150
3.7368712425231934	-1	168
3.73710036277771	-1	119
3.7372848987579346	-1	258
3.737304210662842	1	724
3.737307071685791	-1	336
3.7374627590179443	-1	119
3.738452434539795	1	375
3.7388272285461426	-1	616
3.739010810852051	1	437
3.7391538619995117	1	724
3.739170789718628	-1	119
3.7392828464508057	-1	119
3.7466628551483154	1	119
3.7472174167633057	1	119
3.749452829360962	1	2554
3.7504518032073975	-1	127
3.7506802082061768	-1	112
3.7512965202331543	1	119
3.755047082901001	1	724
3.755046844482422	1	3351
3.7552998065948486	-1	127
3.7554287910461426	-1	119
3.7555246353149414	-1	112
3.7578907012939453	1	235
3.7581498622894287	-1	139
3.759739875793457	-1	612
3.7619872093200684	1	32856
3.7650198936462402	1	32856
3.765047311782837	1	6200
3.766814708709717	1	1676
3.769381523132324	1	119
3.774693250656128	-1	605
3.775052547454834	1	32856
3.775071620941162	1	10200
3.776921033859253	1	235
3.777499198913574	-1	139
3.7792892456054688	-1	614
3.7896978855133057	1	3097
3.789872407913208	-1	127
3.789944887161255	-1	112
3.7935879230499268	1	7133
3.7937533855438232	-1	127
3.793821096420288	-1	112
3.797201156616211	1	4408
3.79807448387146	1	7288
3.799082040786743	1	10168
3.800245761871338	1	11608
3.8007519245147705	1	5848
3.8055334091186523	1	235
3.8056888580322266	-1	139
3.8065004348754883	-1	520
3.813650608062744	1	3545
3.813859462738037	-1	127
3.813939094543457	-1	112
3.8175530433654785	1	28388
3.8184072971343994	1	4223
3.8187897205352783	1	2946
3.831279754638672	1	2968
3.8389618396759033	1	32856
3.8390166759490967	1	440
3.8457565307617188	1	2417
3.8475961685180664	1	4117
3.8479931354522705	-1	214
3.848226308822632	-1	452
3.8485195636749268	1	8252
3.8499090671539307	1	1132
3.860532760620117	-1	605
3.865652084350586	1	5201
3.8660316467285156	1	5848
3.867525577545166	1	5848
3.878124713897705	1	4278
3.8800275325775146	1	258
3.885016918182373	-1	168
3.886385679244995	-1	258
3.886486053466797	-1	344
3.8924453258514404	-1	605
3.8962674140930176	1	724
3.896662712097168	-1	119
3.901293992996216	1	32856
3.903083562850952	1	10168
3.9031190872192383	1	2944
3.90409779548645	1	17224
3.9064087867736816	1	119
3.9071624279022217	1	4108
3.9112448692321777	1	258
3.9133334159851074	1	5848
3.9137589931488037	-1	168
3.914609670639038	-1	258
3.91471529006958	-1	340
3.9183948040008545	1	17368
3.9198763370513916	1	2944
3.9252021312713623	1	32856
3.92531156539917	1	820
3.932263135910034	1	724
3.9340620040893555	-1	119
3.9355123043060303	1	32856
3.936922073364258	1	4408
3.938847780227661	1	11608
3.9457473754882812	1	1777
3.9464662075042725	-1	127
3.9468514919281006	-1	112
3.9469194412231445	1	4408
3.9476330280303955	1	1528
3.953044891357422	1	4408
3.954470157623291	1	11608
3.9613025188446045	1	32856
3.967880964279175	1	2944
3.970010995864868	1	5848
3.97249174118042	1	4408
3.9732449054718018	1	7288
3.977618455886841	1	18770
3.9809131622314453	1	4408
3.9867987632751465	1	2968
3.9905033111572266	1	32856
3.9910502433776855	1	8345
3.9985649585723877	-1	455
4.0136878490448	1	32856
4.019733905792236	1	2968
4.020294189453125	1	1528
4.021172046661377	1	2968
4.021921157836914	1	7288
4.031465768814087	1	596
4.034473896026611	1	2968
4.036168575286865	1	2968
4.0481579303741455	-1	214
4.055331230163574	1	32856
4.060971260070801	-1	209
4.061604976654053	-1	205
4.063267230987549	1	4108
4.063740253448486	1	2408
4.067865371704102	-1	218
4.070512294769287	1	2968
4.073786020278931	1	1428
4.074122190475464	1	2928
4.082176685333252	1	10808
4.082829236984253	1	7896
4.0857155323028564	1	2218
4.08650541305542	-1	458
4.090506076812744	1	32856
4.093555212020874	1	31504
4.102295875549316	1	2968
4.102593421936035	1	2968
4.106202840805054	-1	201
4.106351613998413	-1	205
4.106435298919678	-1	201
4.106535196304321	-1	201
4.1074378490448	-1	205
4.107674837112427	-1	201
4.108109951019287	-1	205
4.1168372631073	-1	277
4.117417335510254	1	1818
4.119854927062988	1	596
4.120290040969849	1	2944
4.1219282150268555	-1	207
4.124573230743408	1	32856
4.124663352966309	1	440
4.126652479171753	-1	605
4.1278791427612305	1	4546
4.128587245941162	1	3775
4.1289403438568115	1	2511
4.134904623031616	-1	605
4.1359641551971436	1	1528
4.136994361877441	1	5476
4.137705087661743	1	840
4.138081312179565	1	2968
4.144227027893066	1	2968
4.144715785980225	-1	227
4.154076814651489	-1	732
4.154918193817139	1	3148
4.158916234970093	1	156
4.159042119979858	1	3722
4.160125494003296	1	435
4.161556959152222	1	4218
4.1622490882873535	-1	214
4.162370681762695	-1	919
4.166534185409546	-1	456
4.166700601577759	1	156
4.167366027832031	1	3722
4.1704277992248535	1	32856
4.170914173126221	1	2968
4.1711342334747314	-1	197
4.175675392150879	1	426
4.178123235702515	-1	214
4.178184509277344	-1	1742
4.184972286224365	1	2829
4.19175386428833	1	314
4.193036079406738	1	287
4.202382802963257	1	2025
4.209263324737549	1	314
4.21094274520874	-1	616
4.217653274536133	1	6325
4.220199823379517	1	406
4.232253789901733	1	406
4.250198602676392	1	235
4.2510998249053955	-1	139
4.254021644592285	-1	808
4.289620876312256	1	873
4.294097900390625	-1	460
4.329139232635498	1	2944
4.3359644412994385	1	406
4.377028226852417	1	18652
4.382105350494385	-1	574
4.403556823730469	-1	761
4.41764497756958	1	31504
4.420306205749512	1	1376
4.422853469848633	-1	192
4.424549102783203	-1	197
4.434065341949463	1	4034
4.434676647186279	1	8128
4.435146331787109	1	5313
4.436887741088867	1	119
4.442938804626465	1	1528
4.443552494049072	1	5557
4.444135665893555	1	738
4.444321393966675	1	1354
4.4561285972595215	-1	127
4.456221580505371	-1	127
4.456306219100952	-1	119
4.456414699554443	-1	119
4.45731782913208	-1	119
4.457397937774658	-1	119
4.45750617980957	-1	119
4.458148956298828	-1	119
4.458236932754517	-1	119
4.458578109741211	-1	112
4.458685398101807	-1	112
4.505276679992676	-1	605
4.507644891738892	1	32856
4.507659435272217	1	8732
4.516134262084961	-1	605
4.527436256408691	1	8656
4.534850835800171	1	2768
4.535261392593384	1	1598
4.53863787651062	1	1596
4.539106845855713	1	2282
4.546380519866943	1	435
4.5481555461883545	-1	214
4.5595762729644775	-1	605
4.577402591705322	1	314
4.602947473526001	1	32856
4.616456508636475	1	3917
4.6185455322265625	1	435
4.620221138000488	1	7228
4.625462770462036	-1	214
4.630329608917236	-1	715
4.640688180923462	1	12940
4.677318334579468	1	20080
4.677609920501709	-1	626
4.68248438835144	1	258
4.714226961135864	1	11512
4.7273290157318115	1	6551
4.727889537811279	-1	119
4.729748487472534	1	527
4.748552322387695	1	2578
4.785905838012695	1	353
4.78756308555603	-1	605
4.788318157196045	-1	119
4.830065488815308	1	1516
4.889973402023315	-1	168
4.89082407951355	-1	258
4.890901803970337	-1	346
4.891228914260864	-1	192
4.897207498550415	1	2417
4.905254602432251	-1	214
4.905935764312744	-1	460
4.906795501708984	1	724
4.907334089279175	-1	119
4.921922206878662	1	119
4.922672510147095	1	4108
4.925788164138794	1	1150
4.936347484588623	1	984
4.946624040603638	1	258
4.955993175506592	-1	187
4.972285985946655	1	2322
4.9866251945495605	1	3455
4.994699954986572	1	2944
5.051171541213989	-1	605
5.085873126983643	1	3790
5.093557119369507	1	435
5.1015307903289795	-1	214
5.101701021194458	-1	786
5.13275671005249	1	32856
5.1328253746032715	1	25868
5.133306264877319	1	314
5.138995885848999	1	433
5.147387981414795	-1	816
5.171202898025513	1	2944
5.18496561050415	1	436
5.234156370162964	1	24364
5.282041549682617	-1	605
5.286076307296753	1	10084
5.310383319854736	1	1516
5.32096004486084	1	32856
5.321027517318726	1	25868
5.354708909988403	1	2426
5.363095760345459	-1	214
5.36408805847168	-1	265
5.364145994186401	-1	334
5.4003002643585205	1	2944
5.407927989959717	1	50068
5.426348924636841	1	2944
5.438237428665161	1	5800
5.455932140350342	1	5800
5.4622790813446045	1	20080
5.482778310775757	1	40072
5.521752834320068	1	5800
5.6179585456848145	1	61492
5.681461334228516	1	65535
5.68156886100769	1	13164
5.794332027435303	1	65535
5.79438853263855	1	60288
5.813955068588257	1	14368
5.877384901046753	1	65535
5.881425380706787	1	58636
5.947002649307251	1	47212
5.949296712875366	1	8656
5.960096597671509	1	12940
6.021728277206421	1	41500
6.112767219543457	1	65535
6.112836122512817	1	27444
6.115786790847778	1	7228
6.134371995925903	1	15796
6.153021812438965	1	4372
6.164465427398682	1	1793
6.16506028175354	-1	126
6.174003839492798	1	15796
6.190285682678223	1	47212
6.243756532669067	1	2944
6.285591125488281	1	51496
6.360300779342651	1	41500
6.403835773468018	1	37216
6.410818815231323	1	15796
6.42425274848938	1	2944
6.482991933822632	1	32932
6.519054412841797	1	7228
6.534323215484619	1	47212
6.900636196136475	1	4414
6.900774717330933	1	65535
6.90083646774292	1	2107
6.917599678039551	-1	454
6.958552122116089	1	594
7.001590013504028	1	168
7.004836082458496	-1	455
7.308674097061157	1	645
7.3128087520599365	-1	605
7.3130669593811035	-1	449
7.3518195152282715	1	2944
7.35828971862793	1	1136
7.364869594573975	-1	214
7.36547064781189	-1	460
7.397665023803711	1	3452
7.402547359466553	1	258
7.437340021133423	1	3906
7.440265417098999	-1	450
7.440680265426636	1	940
7.452325344085693	-1	453
7.481766700744629	1	706
7.484381675720215	-1	455
7.525454044342041	1	2025
7.621836423873901	1	7228
7.631724834442139	1	1113
7.641889810562134	-1	480
7.6711859703063965	1	48640
7.687522888183594	-1	605
7.72657036781311	1	235
7.727287769317627	-1	139
7.730494022369385	-1	509
7.730935335159302	1	1546
7.807829141616821	1	1765
7.852983474731445	-1	449
7.939918279647827	1	1098
7.948036432266235	-1	476
7.94824743270874	-1	505
7.967162370681763	1	3775
7.969675302505493	-1	456
7.989232063293457	1	3772
8.011470794677734	1	739
8.014350414276123	-1	468
8.054990768432617	1	3452
8.078620672225952	1	26677
8.436280488967896	1	546
8.439100980758667	-1	466
8.480033159255981	1	2888
8.482477188110352	-1	478
8.528046131134033	1	1063
8.531248092651367	-1	478
8.572205066680908	1	594
8.954014778137207	1	265
8.957443237304688	-1	477
8.998591899871826	1	595
9.296899557113647	1	393
10.280531167984009	1	1512
11.047872543334961	-1	605
11.134445905685425	1	2944
11.136026382446289	1	1104
11.145684242248535	-1	214
11.146637439727783	-1	515
11.231837272644043	1	258
11.320521116256714	1	827
11.32413125038147	-1	420
11.410791397094727	1	3597
11.453593492507935	1	4778
11.47574782371521	-1	461
11.515120506286621	1	1121
11.527025699615479	-1	488
11.527342081069946	-1	517
11.566527605056763	1	2343
11.568974018096924	1	2285
11.609769105911255	1	1544
14.744750261306763	-1	119
14.762039422988892	-1	119
14.985691785812378	-1	127
15.201369524002075	-1	119
16.917987823486328	-1	134
19.31344771385193	-1	119
21.43010973930359	-1	119
21.58486294746399	-1	119
21.624334573745728	-1	119
30.413203477859497	-1	605
