0.09841465950012207	-1	605
0.19128084182739258	1	4098
0.19360947608947754	-1	168
0.19378972053527832	-1	1037
0.28333473205566406	1	662
0.37941718101501465	1	2271
0.38003063201904297	-1	112
0.4349212646484375	-1	605
0.47057580947875977	-1	605
0.476198673248291	1	2944
0.4801971912384033	1	989
0.4882192611694336	-1	214
0.4889094829559326	-1	452
0.5024075508117676	1	1596
0.5029542446136475	1	2282
0.5099663734436035	1	435
0.5166192054748535	-1	214
0.530663013458252	1	258
0.5470302104949951	1	314
0.6097476482391357	-1	605
0.6099560260772705	1	18652
0.6143360137939453	-1	602
0.6506152153015137	1	2944
0.652510404586792	1	1136
0.6611008644104004	-1	214
0.6617729663848877	-1	464
0.69024658203125	1	17224
0.7024655342102051	1	258
0.7430753707885742	1	1124
0.7764561176300049	-1	491
0.78194260597229	1	4272
0.7828307151794434	1	8271
0.7835683822631836	1	9586
0.7869095802307129	1	10735
0.8120689392089844	1	5848
0.8140811920166016	1	7288
0.8170492649078369	1	14114
0.8212530612945557	1	858
1.0449588298797607	1	6917
1.1072423458099365	1	906
1.840672492980957	-1	605
2.3902270793914795	1	235
2.3908212184906006	-1	139
2.393568992614746	-1	520
2.9751017093658447	-1	455
3.019395112991333	1	2024
3.019591808319092	1	790
3.0370068550109863	-1	638
3.055217742919922	-1	605
3.0561745166778564	-1	605
3.0569465160369873	-1	605
3.0579378604888916	-1	605
3.0588741302490234	-1	605
3.061809539794922	-1	605
3.0695624351501465	1	5557
3.0702784061431885	1	8252
3.071284294128418	1	10735
3.0737991333007812	1	12972
3.073805332183838	1	4184
3.0747246742248535	1	182
3.0750067234039307	1	4278
3.075291872024536	1	4278
3.0754880905151367	1	1428
3.075885057449341	1	2938
3.0761189460754395	1	4278
3.0768909454345703	-1	168
3.080580711364746	1	4278
3.0813424587249756	-1	258
3.0813851356506348	-1	336
3.0849905014038086	-1	202
3.085116386413574	-1	188
3.0851800441741943	-1	192
3.085247755050659	-1	199
3.085322618484497	-1	199
3.0860538482666016	-1	168
3.086618423461914	1	375
3.0868210792541504	1	437
3.086880683898926	-1	168
3.087103843688965	-1	258
3.0871212482452393	-1	338
3.0871970653533936	-1	258
3.0872137546539307	-1	337
3.087271213531494	-1	200
3.0874013900756836	-1	119
3.089035987854004	-1	168
3.0898077487945557	-1	168
3.0900514125823975	-1	199
3.090114116668701	-1	203
3.090388536453247	-1	258
3.0904183387756348	-1	337
3.0913479328155518	-1	616
3.091515064239502	-1	258
3.091540813446045	-1	341
3.0920863151550293	-1	168
3.092332363128662	-1	458
3.0925545692443848	-1	258
3.0925791263580322	-1	337
3.093575954437256	-1	616
3.098937511444092	1	119
3.098937511444092	1	375
3.099374771118164	1	2968
3.099634885787964	1	724
3.100299596786499	-1	119
3.106616735458374	1	2968
3.106827974319458	1	437
3.106920003890991	1	724
3.107125759124756	-1	119
3.1072254180908203	-1	119
3.1078693866729736	1	724
3.1080496311187744	-1	119
3.1107733249664307	1	375
3.110919713973999	1	437
3.112251043319702	-1	119
3.1129162311553955	1	2799
3.1134119033813477	1	5166
3.1153173446655273	-1	127
3.1162540912628174	-1	112
3.118332624435425	1	119
3.121342658996582	1	119
3.1219353675842285	1	32856
3.124606132507324	1	190
3.1252713203430176	1	133
3.125558853149414	-1	139
3.126885414123535	1	235
3.127122402191162	1	119
3.1271657943725586	-1	626
3.1280970573425293	-1	139
3.1303133964538574	-1	624
3.137888193130493	1	32856
3.1379101276397705	1	18240
3.139709949493408	1	16359
3.139711856842041	1	32856
3.1422882080078125	1	2968
3.147207021713257	1	32856
3.150390863418579	1	4760
3.1547577381134033	1	417
3.1549670696258545	-1	127
3.155043601989746	-1	112
3.1628100872039795	1	7133
3.162977457046509	-1	127
3.163048028945923	-1	112
3.166856288909912	1	2523
3.1672911643981934	-1	127
3.167468547821045	-1	112
3.1707639694213867	1	3320
3.1709365844726562	-1	127
3.1713926792144775	-1	112
3.172308921813965	1	5848
3.174781322479248	1	4408
3.175875425338745	1	10168
3.1769027709960938	1	10168
3.1864705085754395	1	10438
3.187389373779297	1	4223
3.1878714561462402	1	6997
3.1891062259674072	1	2281
3.2025654315948486	-1	456
3.204960346221924	1	4117
3.209547758102417	1	3052
3.2096168994903564	1	32856
3.209678888320923	1	9080
3.2115445137023926	1	20248
3.2218711376190186	-1	605
3.2309415340423584	1	5848
3.2397069931030273	1	4278
3.2397332191467285	1	2968
3.240208387374878	1	4408
3.244483232498169	1	15928
3.2458596229553223	-1	168
3.2458786964416504	1	17368
3.2477684020996094	-1	258
3.2478325366973877	-1	344
3.248134136199951	-1	211
3.248901605606079	1	3453
3.2577600479125977	1	724
3.258195161819458	-1	119
3.258439302444458	1	4408
3.269604444503784	1	4408
3.2698984146118164	1	4408
3.2709908485412598	1	119
3.291398763656616	1	32856
3.291524648666382	1	32856
3.291698694229126	1	4760
3.292426824569702	1	19580
3.294410228729248	1	10808
3.300658702850342	1	8728
3.307727575302124	1	14488
3.312474250793457	1	2968
3.312856674194336	1	13048
3.31962513923645	1	4408
3.3348734378814697	1	28497
3.341207981109619	1	8728
3.3421518802642822	1	4408
3.3426918983459473	1	7288
3.3439626693725586	1	11608
3.347201108932495	1	8728
3.3476791381835938	1	2968
3.34816575050354	1	2968
3.378589153289795	1	32856
3.378760814666748	1	13400
3.3975701332092285	1	4408
3.398782730102539	1	5848
3.3995361328125	1	2968
3.4060559272766113	1	4408
3.406808614730835	1	7288
3.407926559448242	1	10168
3.4088640213012695	1	11608
3.409381866455078	1	1528
3.426466941833496	1	2968
3.4443798065185547	-1	214
3.4573776721954346	1	4108
3.457749605178833	1	2408
3.466787815093994	1	16481
3.469923973083496	-1	209
3.4707138538360596	-1	205
3.4788296222686768	-1	218
3.4828476905822754	1	4268
3.494511127471924	1	18583
3.4947962760925293	1	121
3.5161211490631104	-1	201
3.51663875579834	-1	205
3.5172815322875977	-1	201
3.5175869464874268	-1	201
3.517993211746216	-1	205
3.518155097961426	-1	201
3.51828670501709	-1	205
3.5255401134490967	-1	277
3.5272340774536133	1	1817
3.530073881149292	-1	207
3.5355732440948486	-1	605
3.5390563011169434	1	1413
3.5395991802215576	1	3327
3.5414273738861084	1	12297
3.5419440269470215	1	11480
3.545417547225952	1	840
3.5477492809295654	-1	605
3.550764799118042	-1	460
3.552309036254883	-1	227
3.5587992668151855	-1	756
3.5664401054382324	1	3148
3.5686278343200684	1	3036
3.5689289569854736	1	842
3.5696332454681396	1	435
3.5737125873565674	-1	214
3.573817014694214	-1	197
3.5741758346557617	-1	943
3.5815024375915527	1	156
3.5818896293640137	1	3722
3.583465814590454	1	435
3.5850212574005127	1	2829
3.585324287414551	-1	214
3.585487127304077	-1	1765
3.5959746837615967	1	286
3.603943347930908	1	314
3.6077880859375	-1	616
3.6173181533813477	1	314
3.6336429119110107	1	7737
3.642552375793457	1	190
3.643179178237915	1	133
3.643353223800659	-1	139
3.644397258758545	-1	832
3.649289608001709	1	406
3.6578986644744873	1	406
3.683682441711426	1	15796
3.7312798500061035	1	406
3.737151861190796	-1	586
3.757242202758789	-1	773
3.7658727169036865	1	32856
3.7659425735473633	1	32856
3.765963077545166	-1	192
3.766573429107666	1	32856
3.773017644882202	1	1376
3.7776360511779785	1	4066
3.778979539871216	1	6652
3.782625198364258	-1	197
3.79193115234375	1	4223
3.7925407886505127	1	3512
3.795410633087158	1	1354
3.8030574321746826	1	2944
3.8262524604797363	-1	127
3.8283116817474365	-1	127
3.828439235687256	-1	119
3.8286046981811523	-1	119
3.8287670612335205	-1	119
3.8304831981658936	-1	119
3.830643653869629	-1	119
3.8317458629608154	-1	119
3.831951379776001	-1	119
3.832639217376709	-1	112
3.833054304122925	-1	112
3.8534886837005615	1	12940
3.8662965297698975	-1	605
3.884155750274658	1	4108
3.884395122528076	1	258
3.913515567779541	1	32856
3.9284114837646484	-1	605
3.9490883350372314	1	32856
3.9491450786590576	1	11859
3.9500131607055664	-1	119
3.9801278114318848	1	1596
3.9806504249572754	1	2409
3.9829094409942627	1	426
3.9923815727233887	-1	214
3.996954917907715	-1	605
4.010681629180908	-1	168
4.011410236358643	-1	258
4.011509895324707	-1	346
4.01187539100647	-1	192
4.023558139801025	1	375
4.023887634277344	1	437
4.024198532104492	-1	119
4.03627610206604	1	119
4.036895275115967	1	2325
4.037940740585327	1	6714
4.043912887573242	1	258
4.045863628387451	1	1254
4.064615249633789	-1	638
4.069862365722656	-1	187
4.082285404205322	1	2322
4.094361066818237	-1	605
4.125403642654419	1	2578
4.131691217422485	1	1596
4.1321728229522705	1	2282
4.132889270782471	1	435
4.139888763427734	-1	214
4.141316890716553	-1	727
4.149154901504517	-1	605
4.174664497375488	1	314
4.181837320327759	1	156
4.1822829246521	1	3722
4.190855503082275	1	435
4.196525573730469	-1	214
4.196661472320557	-1	810
4.228078603744507	1	314
4.281447887420654	1	527
4.292876243591309	1	1516
4.293279647827148	1	433
4.301237344741821	-1	840
4.3376548290252686	1	2417
4.338696479797363	1	436
4.346156120300293	-1	214
4.347014427185059	-1	460
4.379316806793213	1	258
4.40978479385376	1	599
4.437483549118042	1	14368
4.4461729526519775	1	7228
4.452510118484497	1	11512
4.503663539886475	1	26600
4.51427149772644	1	27220
4.522940635681152	1	8656
4.578460931777954	1	10084
4.585585832595825	1	10084
4.606752395629883	1	45572
4.617502450942993	1	65535
4.617570161819458	1	21036
4.643315076828003	1	2345
4.65134072303772	1	20080
4.659394025802612	1	48120
4.668090581893921	1	30076
4.688574552536011	1	7228
4.712948560714722	1	65535
4.713048696517944	1	65535
4.713146209716797	1	65535
4.7132086753845215	1	20752
4.770882606506348	1	32856
4.770952939987183	1	14444
4.802608489990234	1	65535
4.802711486816406	1	65535
4.802814722061157	1	65535
4.802874326705933	1	65535
4.802931070327759	1	65535
4.80298924446106	1	65535
4.803049564361572	1	65535
4.803109169006348	1	65535
4.803167104721069	1	65535
4.803223133087158	1	65535
4.803253173828125	1	23748
4.810962438583374	1	5800
4.814157247543335	1	1516
4.861462831497192	1	65535
4.861535549163818	1	29976
4.8631110191345215	1	23260
4.865015029907227	1	8656
4.8710901737213135	1	27220
4.871619939804077	1	1781
4.871997356414795	-1	119
4.9343581199646	1	63287
4.940133333206177	-1	454
4.98103928565979	1	645
4.98213529586792	-1	455
5.023432731628418	1	674
5.026033401489258	-1	449
5.058889389038086	1	3452
5.196112871170044	-1	605
5.228501558303833	1	1516
5.294462203979492	1	2426
5.300591707229614	-1	214
5.301714897155762	-1	265
5.301790952682495	-1	334
5.331050634384155	1	327
5.331612586975098	-1	126
5.347726106643677	1	1050
5.351308822631836	-1	450
5.985687971115112	-1	605
6.017164707183838	1	2944
6.023880243301392	1	1136
6.0315001010894775	-1	214
6.0322020053863525	-1	460
6.061322450637817	1	258
6.090170860290527	1	922
6.101592540740967	-1	453
6.13394832611084	1	1113
6.143367528915405	-1	480
6.147821664810181	1	677
6.150285482406616	-1	455
6.173770427703857	1	867
6.18379807472229	1	3453
6.196028470993042	-1	605
6.215514659881592	1	12940
6.236077070236206	1	765
6.236565828323364	1	235
6.237187147140503	-1	139
6.2412073612213135	-1	509
6.261535167694092	1	50899
6.264695405960083	-1	456
6.297571659088135	1	710
6.303054332733154	-1	468
6.316289663314819	1	1765
6.333846569061279	1	3452
6.334783315658569	-1	209
6.374905347824097	1	546
6.391993522644043	-1	466
6.423144578933716	1	595
6.798022508621216	1	2410
6.802063465118408	-1	478
6.834911346435547	1	595
6.9184489250183105	1	585
6.921509742736816	-1	478
6.9527907371521	1	771
6.956103086471558	-1	477
6.989118337631226	1	900
7.305290222167969	1	5878
7.307098150253296	-1	130
7.334258556365967	1	2944
7.559298276901245	-1	449
7.60244607925415	1	1109
7.60735297203064	-1	476
7.607441663742065	-1	505
7.624028205871582	1	2984
7.650867700576782	1	1543
7.670708656311035	1	3772
7.673217535018921	1	15796
7.680461883544922	1	12940
7.697900295257568	1	2401
8.032931566238403	-1	542
8.063366651535034	1	756
8.258426666259766	-1	605
8.345758438110352	1	2944
8.34807562828064	1	1104
8.355064630508423	-1	214
8.355690956115723	-1	515
8.442289113998413	1	258
8.532516479492188	1	827
8.533910274505615	-1	420
8.62214970588684	1	5800
8.662863969802856	1	2546
8.92925214767456	-1	461
8.962358713150024	1	1121
8.976779699325562	-1	488
8.977027177810669	-1	517
9.009437322616577	1	1526
9.01833724975586	1	3771
9.018665790557861	1	2285
14.095845937728882	-1	127
14.140056848526001	-1	119
14.295967817306519	-1	119
14.352882146835327	-1	119
17.004820585250854	-1	119
17.640559434890747	-1	134
18.63823914527893	-1	119
19.023874044418335	-1	119
19.033213138580322	-1	119
32.17459201812744	-1	605
32.24963617324829	-1	605
32.27087688446045	1	4098
32.27793288230896	-1	168
32.27825307846069	-1	1037
32.340497732162476	1	3992
32.35275912284851	-1	214
32.3534197807312	-1	464
32.36958932876587	1	694
32.39152479171753	1	258
32.42868900299072	1	912
32.46209907531738	1	2271
32.4629967212677	-1	112
