0.09350848197937012	-1	605
0.18744206428527832	1	1516
0.18756818771362305	1	2670
0.1900312900543213	-1	168
0.1901857852935791	-1	1037
0.2791461944580078	1	694
0.3703572750091553	1	2271
0.3705120086669922	-1	112
0.575739860534668	-1	605
0.6242599487304688	1	2456
0.6414003372192383	-1	214
0.6884303092956543	1	346
0.7586991786956787	-1	449
0.8145482540130615	1	822
0.8948030471801758	-1	605
0.9547193050384521	1	5696
0.9572513103485107	-1	430
1.0141749382019043	1	354
1.0558946132659912	-1	621
1.1240592002868652	1	2445
1.438859224319458	-1	605
1.4773101806640625	1	2944
1.4785101413726807	1	989
1.484729528427124	-1	214
1.485473871231079	-1	452
1.5969250202178955	1	13619
1.6450262069702148	1	32856
1.6450963020324707	1	7941
2.166459083557129	-1	605
2.1956753730773926	1	1516
2.2234838008880615	1	2564
2.2298049926757812	-1	214
2.230288505554199	-1	464
2.2628626823425293	1	258
2.2925117015838623	1	1084
3.7927727699279785	-1	455
3.8564858436584473	-1	589
3.860687017440796	-1	491
3.8913819789886475	1	1658
3.9070017337799072	-1	605
3.932413101196289	1	4408
3.9457807540893555	1	235
3.946357488632202	-1	139
3.949096918106079	-1	520
3.9871578216552734	1	7757
4.011014223098755	-1	397
4.029316663742065	-1	119
4.0298380851745605	-1	119
4.069434642791748	1	4408
4.115028381347656	1	1581
4.115671396255493	-1	141
4.130396604537964	1	2726
4.130998611450195	-1	119
4.291311502456665	1	2344
4.338153839111328	1	14368
4.350013494491577	1	1516
4.367490530014038	1	8656
4.375108242034912	1	14368
4.443280458450317	1	20080
4.463764429092407	1	32856
4.463818550109863	1	4448
5.001962184906006	1	11777
5.0023581981658936	-1	119
5.214452505111694	-1	605
5.255210876464844	1	3845
5.262348175048828	-1	214
5.262799263000488	-1	458
5.616296291351318	1	258
5.655743360519409	1	596
5.693028688430786	1	9930
5.698072195053101	-1	605
5.6983866691589355	-1	456
5.732652425765991	1	2944
5.73412823677063	1	998
5.740454912185669	-1	214
5.741488695144653	1	597
5.741532564163208	-1	265
5.741593837738037	-1	334
5.772670269012451	1	327
5.7732648849487305	-1	126
5.80490779876709	1	5879
6.107327938079834	1	16581
6.147900819778442	-1	460
6.188472747802734	1	3453
6.2430033683776855	1	2944
6.303641319274902	1	32856
6.378138780593872	1	27244
6.383166313171387	1	8632
6.391493082046509	1	11512
6.392992734909058	1	8656
6.425686597824097	1	1516
6.429977178573608	1	20028
6.507008075714111	1	16532
6.522043228149414	1	46747
6.524747133255005	-1	460
6.566506385803223	1	3455
6.660213947296143	-1	605
6.6789634227752686	1	65535
6.6974403858184814	1	1516
6.733258962631226	1	52924
6.7737298011779785	1	10084
6.83388614654541	1	24364
6.85845160484314	1	65535
6.858520746231079	1	24588
6.881349563598633	1	2564
6.8870720863342285	-1	214
6.887588977813721	-1	460
6.924383878707886	1	258
6.940600156784058	1	65535
6.940665245056152	1	17448
6.9613306522369385	1	940
6.9683921337127686	1	37216
6.974890232086182	-1	453
6.997602701187134	1	48640
7.007950305938721	1	7228
7.013294696807861	1	1102
7.023005247116089	-1	480
7.059005498886108	1	24364
7.197153568267822	1	65535
7.197242975234985	1	65535
7.197284936904907	1	10532
7.234857559204102	1	52924
7.24309229850769	1	12940
7.27016544342041	1	21508
7.297040224075317	1	11512
7.305561542510986	1	1515
7.305599689483643	1	21508
7.340925455093384	1	12940
7.405515909194946	1	45784
7.410431861877441	1	7228
7.467986106872559	1	41500
7.5190510749816895	1	5800
7.527143955230713	1	52924
7.592382907867432	1	42928
7.700640439987183	1	28648
7.781639814376831	1	65535
7.781701564788818	1	24588
7.797986268997192	1	44356
7.808536529541016	1	14368
7.825175046920776	1	2944
7.867024898529053	1	22936
7.965932607650757	1	54352
8.007033824920654	1	32932
8.009361982345581	1	8656
8.030573844909668	1	32932
8.12852954864502	1	65535
8.1285982131958	1	17448
8.168005466461182	1	27220
8.184418201446533	1	22936
8.220713376998901	1	13278
8.231566667556763	-1	605
8.231852054595947	-1	454
8.273199558258057	1	594
8.286959171295166	1	1528
8.287306785583496	1	4256
8.288912296295166	-1	430
8.34280776977539	1	354
8.356512546539307	-1	877
8.429380178451538	1	637
8.439324855804443	-1	765
8.564997911453247	1	168
8.567794561386108	-1	455
8.671559572219849	1	1645
8.739322185516357	-1	605
8.792673349380493	1	1528
8.7931809425354	1	4256
8.795408964157104	-1	430
8.849348783493042	1	354
8.850066661834717	-1	797
8.958621263504028	1	989
9.042056560516357	-1	605
9.096678495407104	1	2453
9.110615968704224	-1	214
9.11361813545227	-1	605
9.151145219802856	1	235
9.151845693588257	-1	139
9.154710531234741	-1	509
9.164101600646973	1	346
9.26134443283081	-1	839
9.345046758651733	1	594
9.423799276351929	1	168
9.427625179290771	-1	449
9.471988916397095	1	596
9.512987852096558	1	1516
9.549489736557007	1	5334
9.552824258804321	-1	450
9.575417041778564	1	5848
9.677968740463257	1	2968
9.678252696990967	1	3360
9.776144027709961	-1	605
9.776890277862549	-1	605
9.779674768447876	-1	605
9.785741806030273	-1	605
9.787551641464233	1	2968
9.789150953292847	1	1528
9.79030442237854	1	2028
9.791337013244629	1	2028
9.798797845840454	1	6124
9.799635887145996	1	4184
9.801603078842163	-1	605
9.804128646850586	1	2028
9.819663524627686	1	4184
9.821245670318604	1	2028
9.845681428909302	1	706
9.848798274993896	-1	168
9.849700927734375	-1	258
9.849798202514648	-1	330
9.850130558013916	-1	191
9.852485179901123	-1	455
9.855986595153809	-1	168
9.856826782226562	-1	258
9.856924772262573	-1	311
9.859793901443481	1	740
9.860881328582764	-1	168
9.861823797225952	-1	258
9.861908435821533	-1	327
9.862436294555664	-1	119
9.866469621658325	1	678
9.869796991348267	1	150
9.870028734207153	-1	119
9.87100076675415	1	1559
9.871640920639038	1	399
9.872454643249512	1	445
9.872617721557617	1	10832
9.872892618179321	-1	119
9.879993438720703	1	119
9.882240772247314	1	13048
9.883139610290527	1	10527
9.883806943893433	1	119
9.884349346160889	1	13048
9.885796308517456	1	8728
9.891939640045166	1	2025
9.896716833114624	1	13271
9.897275924682617	1	10168
9.897353410720825	-1	127
9.897645950317383	-1	112
9.90460991859436	-1	168
9.907402992248535	-1	258
9.907522201538086	-1	320
9.925503969192505	1	740
9.92601990699768	-1	119
9.933703660964966	1	119
9.939016342163086	1	27988
9.939109802246094	1	1853
9.940367460250854	-1	127
9.940583944320679	-1	112
10.008323907852173	1	45784
10.029940128326416	-1	168
10.030814409255981	-1	258
10.031733751296997	-1	311
10.048189163208008	1	740
10.04862380027771	-1	119
10.063133001327515	1	119
10.065348148345947	1	4408
10.0664701461792	1	4408
10.084286212921143	1	32856
10.084410905838013	1	7033
10.084970951080322	-1	127
10.085221529006958	-1	112
10.196080207824707	-1	782
10.215163230895996	-1	246
10.232682704925537	1	4408
10.23370361328125	1	4408
10.235136270523071	1	4408
10.246155500411987	1	32856
10.246217012405396	1	1960
10.254047870635986	-1	271
10.263795614242554	1	1529
10.265835762023926	1	4408
10.304574966430664	-1	605
10.311026573181152	1	24935
10.316718101501465	1	23767
10.318772792816162	-1	456
10.319677352905273	1	4184
10.321235418319702	1	2028
10.363438606262207	1	739
11.325485229492188	-1	192
11.326107501983643	-1	257
11.33102822303772	-1	191
11.331410884857178	-1	188
11.331852197647095	-1	188
11.332185983657837	-1	188
11.33257007598877	-1	188
11.332953214645386	-1	188
11.333251953125	-1	188
11.333691596984863	-1	188
11.334028482437134	-1	188
11.334340333938599	-1	188
11.334742069244385	-1	188
11.335087776184082	-1	188
11.335392236709595	-1	188
11.33569884300232	-1	188
11.336036443710327	-1	188
11.336434841156006	-1	188
11.336946964263916	-1	188
11.337302684783936	-1	188
11.337644577026367	-1	188
11.337932825088501	-1	188
11.338257074356079	-1	188
11.338549137115479	-1	188
11.339441537857056	-1	188
11.340009212493896	-1	188
11.342072248458862	-1	198
11.343327045440674	-1	168
11.344265222549438	1	8728
11.344748497009277	-1	188
11.345033168792725	-1	188
11.345525026321411	-1	258
11.345607042312622	-1	297
11.345813989639282	1	17335
11.347379446029663	1	13048
11.351743459701538	-1	468
11.352130651473999	-1	188
11.352372646331787	-1	188
11.353204488754272	-1	188
11.35969066619873	1	4408
11.359807968139648	-1	188
11.36003565788269	-1	188
11.360304117202759	-1	188
11.360588788986206	-1	188
11.360790729522705	-1	188
11.361076593399048	-1	188
11.361288070678711	-1	188
11.369771480560303	1	740
11.370974779129028	-1	119
11.374857187271118	1	32856
11.374906539916992	-1	388
11.375002384185791	1	32856
11.380285501480103	1	32856
11.380291223526001	1	871
11.380849361419678	1	10408
11.393569231033325	1	6558
11.394330739974976	-1	605
11.39520263671875	1	596
11.396186113357544	1	7100
11.397067070007324	-1	605
11.406368494033813	-1	605
11.407484292984009	1	1528
11.411705255508423	-1	605
11.411950588226318	1	7399
11.412874221801758	1	2028
11.41608190536499	-1	168
11.418347358703613	-1	605
11.418392896652222	1	1528
11.418549060821533	-1	258
11.418577432632446	-1	313
11.4196035861969	1	6124
11.419785976409912	-1	605
11.42000412940979	-1	180
11.420275926589966	-1	180
11.420340061187744	1	2028
11.420348167419434	-1	180
11.420466184616089	-1	181
11.422049522399902	-1	605
11.423890113830566	-1	181
11.423969745635986	-1	179
11.425570487976074	-1	168
11.425866842269897	-1	258
11.425893783569336	-1	314
11.425982236862183	-1	181
11.427177906036377	-1	605
11.427284479141235	1	740
11.427788972854614	-1	168
11.428362131118774	-1	182
11.428475141525269	-1	182
11.428539037704468	-1	189
11.428850650787354	-1	119
11.429100275039673	-1	258
11.429128408432007	-1	312
11.430121660232544	-1	605
11.430879831314087	1	4184
11.43123483657837	-1	605
11.43191647529602	-1	181
11.4330313205719	1	1528
11.433167457580566	-1	605
11.434163808822632	1	2968
11.434967756271362	1	20613
11.438161849975586	1	2028
11.438161849975586	1	740
11.438471794128418	1	2028
11.439018487930298	1	3244
11.440969228744507	-1	119
11.441899538040161	-1	168
11.442355394363403	-1	258
11.442379713058472	-1	325
11.443162679672241	1	17340
11.44378137588501	1	6124
11.443958282470703	-1	605
11.444301843643188	1	4184
11.444803953170776	-1	168
11.445444822311401	-1	168
11.445794582366943	1	2028
11.445805072784424	-1	258
11.445826768875122	-1	313
11.445953845977783	-1	258
11.445980548858643	-1	312
11.447864770889282	-1	168
11.448085308074951	-1	258
11.44809865951538	-1	312
11.448371171951294	1	2968
11.44838833808899	-1	168
11.448889017105103	-1	258
11.448903560638428	-1	313
11.448995590209961	-1	182
11.449036121368408	-1	180
11.44907021522522	-1	180
11.449191808700562	-1	180
11.453374147415161	1	7319
11.453374147415161	1	2028
11.45354676246643	1	6124
11.454582929611206	1	4184
11.455426692962646	1	740
11.4560546875	1	756
11.4560546875	1	2028
11.456776142120361	-1	119
11.45848536491394	1	32856
11.45913290977478	1	740
11.460211277008057	-1	119
11.46030068397522	1	119
11.460717678070068	-1	168
11.461704969406128	-1	119
11.463205337524414	-1	605
11.463605880737305	-1	258
11.463631868362427	-1	326
11.464125156402588	-1	168
11.464702367782593	-1	168
11.465785503387451	-1	258
11.465816736221313	-1	313
11.465938091278076	-1	258
11.4659583568573	-1	313
11.46751356124878	-1	605
11.46890902519226	-1	605
11.469660997390747	1	4184
11.469677925109863	1	678
11.46979308128357	1	150
11.470543384552002	-1	119
11.47292423248291	1	2028
11.473721742630005	1	32856
11.4746732711792	-1	168
11.474963903427124	1	119
11.475001335144043	-1	258
11.475022077560425	-1	325
11.479036092758179	1	32856
11.47993516921997	1	383
11.48007345199585	1	119
11.481995582580566	-1	1037
11.482111692428589	-1	185
11.482696294784546	-1	192
11.48527455329895	1	445
11.4854576587677	-1	119
11.48637056350708	1	740
11.486562013626099	1	1528
11.487073421478271	-1	119
11.487657308578491	1	756
11.48768138885498	1	2028
11.488040447235107	1	740
11.489328145980835	-1	119
11.489523887634277	-1	119
11.490211009979248	-1	168
11.49051833152771	-1	258
11.49054217338562	-1	312
11.490638017654419	-1	182
11.490710973739624	-1	181
11.490774154663086	-1	180
11.49085259437561	-1	180
11.491106033325195	-1	179
11.491162776947021	-1	180
11.491626977920532	1	740
11.491945743560791	-1	119
11.492615222930908	1	6124
11.493051528930664	-1	605
11.49391484260559	1	32856
11.493936538696289	1	11726
11.494279861450195	-1	127
11.494392395019531	-1	112
11.495421171188354	-1	168
11.495741605758667	-1	258
11.495765209197998	-1	314
11.495903491973877	1	10199
11.496591806411743	1	32856
11.498827457427979	-1	605
11.500523328781128	-1	185
11.507792949676514	1	772
11.508062601089478	-1	119
11.508085012435913	1	4184
11.508783102035522	1	32856
11.5100257396698	1	2028
11.51753854751587	1	1765
11.518937110900879	1	1950
11.519029140472412	1	8404
11.519054174423218	-1	168
11.51920223236084	1	32856
11.519893169403076	1	119
11.522753953933716	1	10135
11.524251461029053	-1	258
11.524285316467285	-1	311
11.527419328689575	1	119
11.527569770812988	1	32856
11.527592182159424	1	3320
11.52763032913208	1	2514
11.528713941574097	1	740
11.528912544250488	-1	119
11.529891967773438	1	32856
11.539061784744263	1	14857
11.540572881698608	1	5879
11.540898323059082	1	10168
11.543046474456787	1	8728
11.544342279434204	-1	760
11.546217441558838	1	12914
11.548601150512695	1	5069
11.549853324890137	1	1162
11.54995322227478	1	2968
11.550971031188965	1	1555
11.552593231201172	-1	119
11.557650804519653	1	32856
11.562937498092651	1	18808
11.562953233718872	1	32856
11.562975883483887	1	1880
11.563972473144531	1	904
11.564072847366333	-1	127
11.564183235168457	-1	112
11.564688444137573	1	32856
11.564995288848877	1	119
11.56674337387085	1	4408
11.567866802215576	1	32856
11.568105220794678	1	740
11.568265199661255	-1	119
11.571025848388672	1	17368
11.580724716186523	1	2968
11.580851316452026	1	342
11.581204414367676	-1	188
11.582942724227905	1	17368
11.584028005599976	-1	258
11.584064960479736	-1	314
11.590457677841187	1	2407
11.59094500541687	1	20248
11.59494948387146	1	119
11.595008850097656	-1	214
11.595182180404663	1	5848
11.59730076789856	1	10168
11.598941564559937	1	13435
11.599149465560913	-1	127
11.599241971969604	-1	112
11.60010027885437	1	21473
11.600330114364624	1	1528
11.600430965423584	-1	127
11.600520372390747	-1	112
11.600540399551392	1	2503
11.601267099380493	-1	127
11.601354598999023	-1	112
11.606299638748169	-1	701
11.607006788253784	1	10168
11.607014656066895	1	26008
11.607972860336304	1	32856
11.607981443405151	1	20600
11.608521938323975	1	32856
11.608943462371826	1	6752
11.610504627227783	1	32856
11.610529899597168	1	7698
11.61071252822876	-1	127
11.610801935195923	-1	112
11.610956192016602	1	30606
11.61109972000122	-1	127
11.61116337776184	-1	112
11.611667394638062	1	5848
11.613858461380005	1	1528
11.614143371582031	1	150
11.614211559295654	1	20681
11.614289999008179	-1	119
11.614521026611328	-1	127
11.614596843719482	-1	112
11.619771480560303	1	32856
11.620943784713745	1	2968
11.625021696090698	1	600
11.627670526504517	-1	605
11.634712934494019	-1	605
11.642518997192383	1	119
11.642890453338623	-1	605
11.643935203552246	-1	605
11.647122144699097	1	32856
11.647146463394165	1	10520
11.65506625175476	1	30536
11.667098999023438	1	17040
11.66712760925293	1	21815
11.668352127075195	1	32856
11.668867588043213	-1	127
11.669106245040894	-1	112
11.669445514678955	1	13400
11.67560863494873	1	6417
11.67652940750122	1	15928
11.67700481414795	-1	605
11.681438207626343	-1	605
11.682852268218994	1	32856
11.682948112487793	1	15218
11.686395406723022	-1	181
11.686644315719604	1	32856
11.686648607254028	1	3672
11.687938690185547	1	3402
11.68850326538086	-1	127
11.690879106521606	-1	605
11.691083431243896	1	27448
11.692819595336914	-1	605
11.692967653274536	-1	112
11.695203304290771	-1	605
11.696513175964355	1	1021
11.696921825408936	1	6124
11.697320222854614	1	6417
11.697343826293945	-1	605
11.69987440109253	-1	605
11.70088505744934	1	32856
11.701330661773682	1	6417
11.701960802078247	1	13400
11.703461408615112	-1	181
11.70637059211731	-1	466
11.707906723022461	1	21823
11.708244323730469	-1	181
11.711214780807495	-1	168
11.711485147476196	-1	258
11.711503267288208	-1	315
11.712594747543335	1	4184
11.712722063064575	1	4184
11.712819337844849	1	2028
11.713148593902588	1	588
11.714878559112549	-1	168
11.715266942977905	-1	258
11.715513229370117	-1	316
11.717046022415161	1	415
11.717780590057373	-1	168
11.718290328979492	-1	258
11.7183358669281	-1	315
11.722400188446045	1	740
11.722400188446045	1	6124
11.72398328781128	-1	119
11.725528717041016	-1	168
11.725844144821167	-1	258
11.725865840911865	-1	315
11.73034143447876	-1	605
11.73210620880127	1	119
11.73215651512146	1	740
11.732266902923584	-1	119
11.73461103439331	1	740
11.735006093978882	-1	119
11.74181318283081	-1	265
11.741849184036255	-1	369
11.745431423187256	1	6417
11.746330976486206	-1	181
11.746598482131958	-1	265
11.746618509292603	-1	370
11.746751546859741	-1	126
11.747148752212524	-1	265
11.747172117233276	-1	368
11.747432947158813	1	119
11.747446775436401	1	740
11.747600555419922	-1	119
11.749367475509644	1	119
11.749385356903076	1	2917
11.750627040863037	-1	478
11.753397226333618	1	6417
11.753454446792603	1	415
11.754767894744873	-1	181
11.7559814453125	-1	265
11.75601077079773	-1	369
11.758533000946045	1	415
11.758702993392944	-1	126
11.772950649261475	1	119
11.77492904663086	1	7259
11.776758432388306	1	1566
11.790853500366211	1	2968
11.791004657745361	1	11564
11.791128635406494	1	415
11.791727542877197	-1	127
11.792064666748047	-1	112
11.792909622192383	-1	126
11.79500126838684	1	17126
11.795696020126343	-1	127
11.7962064743042	-1	112
11.799291372299194	1	6417
11.80302095413208	1	2407
11.803748607635498	-1	181
11.804148197174072	1	126
11.80421781539917	1	415
11.815004587173462	1	7567
11.81898546218872	1	862
11.820547103881836	-1	214
11.823039770126343	-1	127
11.824586391448975	1	6417
11.825119495391846	-1	265
11.826244831085205	-1	372
11.829080820083618	-1	126
11.830585956573486	-1	112
11.83092975616455	1	2169
11.835035800933838	1	1516
11.836671352386475	1	1769
11.841080904006958	-1	181
11.847075700759888	1	2045
11.851491451263428	1	1566
11.860292434692383	-1	214
11.861954689025879	-1	265
11.862028360366821	-1	368
11.864768028259277	-1	432
11.881180763244629	1	415
11.881318092346191	1	415
11.881552457809448	-1	126
11.899065494537354	1	822
11.917776346206665	1	415
11.91913628578186	-1	126
11.926403284072876	1	346
11.941321849822998	1	126
11.959609985351562	1	126
11.983051776885986	1	2062
11.984338283538818	-1	134
11.987488031387329	-1	119
11.997019529342651	-1	265
11.997129440307617	-1	369
11.997349739074707	1	1516
12.024003744125366	1	1988
12.046648502349854	1	1092
12.046714782714844	1	2817
12.062305688858032	1	4372
12.131414890289307	1	2944
12.223029136657715	1	18652
12.311076879501343	1	8656
12.355076789855957	1	273
14.007930994033813	-1	126
14.011533498764038	-1	134
14.012173175811768	-1	265
14.0122811794281	-1	462
14.012491226196289	-1	789
14.014602661132812	-1	119
14.01518726348877	-1	126
14.035212278366089	-1	478
14.073665380477905	1	4009
14.075889110565186	1	771
14.076001405715942	1	126
14.077502012252808	-1	477
14.082326650619507	1	1517
14.085121393203735	1	806
14.108264207839966	-1	189
14.116229057312012	1	900
14.12274956703186	1	3251
14.188927412033081	-1	605
14.232115030288696	1	3582
15.235519647598267	-1	209
15.235766172409058	-1	130
15.251285791397095	-1	449
15.272630453109741	1	4372
15.290289878845215	1	1108
15.299442768096924	-1	605
15.307417631149292	-1	476
15.307867527008057	-1	505
15.345463037490845	1	1511
15.348976850509644	1	1516
15.349781513214111	1	1769
15.352402925491333	-1	214
15.35267162322998	-1	1222
15.399294376373291	1	346
15.409764766693115	-1	168
15.411530494689941	-1	258
15.411646366119385	-1	417
15.447968244552612	1	746
15.449853897094727	1	630
15.489569902420044	1	159
15.49004578590393	-1	119
15.49006462097168	1	2787
15.507535219192505	-1	171
15.523494482040405	-1	234
15.567585468292236	1	1558
15.609549283981323	1	4408
15.609959602355957	1	4016
15.641331195831299	1	32856
15.641373634338379	1	4733
15.652862548828125	-1	322
15.695414304733276	1	5295
15.69707179069519	1	8728
15.739145278930664	1	32475
15.85234808921814	-1	605
15.888187408447266	1	2968
15.892060995101929	1	415
15.897619485855103	-1	214
15.930733442306519	1	415
15.944133520126343	-1	460
15.944861650466919	-1	119
16.036390781402588	-1	265
16.036510944366455	-1	395
16.037313222885132	-1	126
16.048041343688965	-1	605
16.070462703704834	1	474
16.132301807403564	1	2944
16.135316133499146	1	1104
16.140631198883057	-1	214
16.141223907470703	-1	515
16.141422033309937	-1	491
16.14503836631775	-1	172
16.155112981796265	-1	171
16.17391324043274	-1	605
16.17411518096924	1	395
16.18602681159973	1	1461
16.21039366722107	-1	246
16.211787462234497	1	3295
16.216096878051758	-1	214
16.21675682067871	-1	265
16.226576805114746	1	2687
16.229045391082764	1	258
16.236852169036865	-1	172
16.24031090736389	-1	172
16.242902994155884	-1	165
16.25070858001709	1	415
16.251065969467163	-1	126
16.268691301345825	1	5724
16.284534692764282	1	126
16.28998827934265	-1	645
16.310933351516724	1	18808
16.31269669532776	1	8728
16.31762957572937	1	21688
16.318385124206543	1	15928
16.318610906600952	1	827
16.320470094680786	-1	420
16.325942039489746	1	240
16.32622003555298	-1	139
16.327420473098755	-1	616
16.345508337020874	-1	605
16.35292911529541	1	23128
16.35335659980774	1	8772
16.37954568862915	-1	605
16.385429859161377	1	3582
16.386863231658936	-1	168
16.387203693389893	-1	258
16.387229204177856	-1	316
16.404132843017578	1	2169
16.42760133743286	1	630
16.434001684188843	-1	605
16.435832738876343	1	499
16.43914532661438	1	2968
16.446931838989258	1	6206
16.45194673538208	-1	461
16.45504927635193	1	1809
16.457907915115356	-1	214
16.468959093093872	1	3039
16.469048500061035	-1	119
16.49614667892456	1	2968
16.505794763565063	1	2407
16.5103440284729	-1	214
16.510939598083496	1	7286
16.511329889297485	-1	265
16.511373281478882	-1	687
16.51897883415222	1	415
16.523008823394775	-1	265
16.52306079864502	-1	597
16.523438930511475	-1	126
16.524943113327026	-1	837
16.550050497055054	-1	335
16.55871605873108	1	147
16.571380138397217	1	415
16.57160449028015	-1	126
16.5825035572052	1	126
16.62305188179016	1	682
16.63211464881897	1	126
16.64390277862549	1	287
16.645068168640137	1	126
16.663336515426636	-1	1065
16.67503809928894	1	256
16.713581085205078	1	541
17.185847282409668	-1	605
17.19230556488037	-1	605
17.237146854400635	1	5696
17.239518404006958	-1	430
17.241737842559814	1	1528
17.241989374160767	1	4252
17.243374586105347	-1	430
17.291029930114746	1	354
17.291029930114746	1	354
17.291537046432495	-1	1021
17.29179573059082	-1	1149
17.35967445373535	1	413
17.35967445373535	1	1261
17.639124870300293	-1	605
17.698405504226685	1	4566
17.710948944091797	-1	214
17.76782536506653	1	415
17.806126832962036	-1	265
17.8062264919281	-1	376
17.80633044242859	-1	686
17.807175636291504	-1	126
17.861704349517822	1	139
17.90304684638977	1	817
17.92322301864624	-1	309
18.012083292007446	1	331
18.687705278396606	-1	141
18.824724197387695	1	1110
19.24465823173523	-1	488
19.508023023605347	1	1544
21.398010730743408	-1	127
21.49301767349243	-1	127
21.542018175125122	-1	127
21.570741415023804	-1	127
21.62407112121582	-1	127
21.64865803718567	-1	127
21.64936065673828	-1	127
21.71260714530945	-1	141
21.72149419784546	-1	127
21.74684476852417	-1	127
21.804489374160767	-1	134
21.82417869567871	-1	134
21.845579147338867	-1	134
21.875633239746094	-1	134
22.33543086051941	-1	119
24.028412342071533	-1	134
24.089541912078857	-1	119
24.09949493408203	-1	134
24.131186485290527	-1	119
24.136078357696533	-1	127
25.584330320358276	-1	134
26.19031310081482	-1	134
26.299899101257324	-1	134
26.369455575942993	-1	127
26.42027258872986	-1	119
26.520079135894775	-1	127
26.57235360145569	-1	119
26.650233030319214	-1	134
26.728100538253784	-1	119
