0.10232138633728027	-1	605
0.19968056678771973	1	4098
0.20905470848083496	-1	168
0.2096402645111084	-1	1037
0.29814696311950684	1	662
0.3948345184326172	-1	605
0.49395108222961426	1	3992
0.49635958671569824	-1	214
0.4971187114715576	-1	464
0.5915062427520752	-1	605
0.6683957576751709	1	3843
0.6752378940582275	-1	181
0.7059488296508789	1	415
0.8761744499206543	1	1516
1.2770020961761475	1	1283
1.278125524520874	-1	119
1.2789547443389893	1	843
1.27998948097229	-1	112
1.2871630191802979	-1	265
1.2872402667999268	-1	340
1.287461519241333	-1	126
1.3418490886688232	-1	605
1.3492116928100586	1	5658
1.366563320159912	-1	605
1.384939432144165	1	2944
1.4081473350524902	1	13048
1.4082415103912354	1	235
1.4091355800628662	-1	139
1.4118096828460693	-1	491
1.4659323692321777	1	7288
1.5225493907928467	1	5848
1.579526424407959	1	8728
1.6202332973480225	1	11608
1.6694304943084717	1	989
1.6765873432159424	-1	214
1.6772210597991943	-1	452
1.708181619644165	1	23128
1.7820756435394287	1	11608
1.852229118347168	1	5848
1.8962457180023193	1	4921
1.985447883605957	1	767
2.0100293159484863	1	1516
2.0168466567993164	1	22936
2.045182704925537	1	22145
2.3889265060424805	-1	605
3.7344307899475098	1	869
3.772733211517334	1	906
4.7536749839782715	1	235
4.754266977310181	-1	139
4.757048845291138	-1	520
4.809993267059326	-1	455
4.910303592681885	-1	605
4.919573783874512	-1	605
4.920892953872681	-1	605
4.9227519035339355	-1	605
4.92406964302063	-1	605
4.925804853439331	-1	605
4.9262635707855225	1	3578
4.927370071411133	-1	605
4.933744668960571	-1	605
4.935003757476807	-1	605
4.936438798904419	1	3578
4.936908006668091	-1	605
4.938258409500122	-1	605
4.939527750015259	-1	605
4.961821794509888	1	3582
4.963073015213013	1	5164
4.964330673217773	1	5164
4.966809988021851	1	3582
4.968266248703003	-1	168
4.9686853885650635	-1	168
4.969969272613525	-1	258
4.9700047969818115	-1	318
4.9701244831085205	-1	258
4.970144987106323	-1	319
4.971588373184204	-1	168
4.971863031387329	-1	258
4.971905708312988	-1	293
4.975551128387451	1	5164
4.976006984710693	1	5164
4.977982521057129	1	2968
4.978096961975098	1	2284
4.981518507003784	1	3582
4.98179292678833	1	3582
4.984575510025024	-1	168
4.9849255084991455	-1	258
4.984966278076172	-1	318
4.987712144851685	-1	168
4.988218069076538	-1	168
4.988860845565796	-1	258
4.9888832569122314	-1	288
4.989021062850952	-1	258
4.989042043685913	-1	320
4.9893975257873535	-1	168
4.989836931228638	-1	168
4.99013876914978	-1	258
4.9901580810546875	-1	318
4.990272045135498	-1	258
4.990293741226196	-1	387
5.002590894699097	1	630
5.0069053173065186	1	630
5.007438659667969	1	159
5.007502794265747	-1	119
5.011293649673462	1	2220
5.011509656906128	-1	127
5.011595249176025	-1	112
5.013990163803101	1	701
5.015568256378174	-1	119
5.016402006149292	1	7082
5.0263378620147705	1	630
5.028587102890015	1	701
5.028807878494263	-1	119
5.02884316444397	1	630
5.031141519546509	1	8546
5.031141519546509	1	359
5.0318474769592285	1	359
5.0318474769592285	1	359
5.036181926727295	1	159
5.036259174346924	-1	119
5.037811517715454	1	2968
5.047459125518799	-1	168
5.048302173614502	-1	258
5.048369884490967	-1	365
5.053399085998535	1	598
5.060429811477661	1	159
5.0604987144470215	-1	119
5.065140724182129	1	4771
5.066351652145386	1	159
5.066408395767212	-1	119
5.066864967346191	1	159
5.066952228546143	-1	119
5.068320274353027	1	1974
5.068488597869873	-1	127
5.068567276000977	-1	112
5.069277763366699	1	2968
5.072143793106079	1	9061
5.072360277175903	-1	127
5.072518348693848	-1	112
5.0729851722717285	1	32856
5.073957681655884	1	430
5.074059009552002	-1	119
5.0765814781188965	1	159
5.07666277885437	-1	119
5.080020904541016	1	718
5.080557107925415	1	4408
5.080622434616089	-1	127
5.080806255340576	-1	112
5.084288597106934	-1	605
5.087264776229858	-1	168
5.087634563446045	-1	258
5.087687730789185	-1	1064
5.106325626373291	1	32856
5.11222767829895	1	2222
5.112769365310669	-1	127
5.11303448677063	-1	112
5.120548248291016	1	32856
5.132953643798828	1	3582
5.1376259326934814	-1	168
5.138484239578247	-1	258
5.138556957244873	1	32856
5.138558864593506	-1	448
5.139984846115112	1	359
5.142340660095215	1	32856
5.164285182952881	1	7137
5.164785146713257	-1	127
5.165114879608154	-1	112
5.174260854721069	1	359
5.1750664710998535	1	32856
5.175147771835327	1	6200
5.180595874786377	1	65535
5.183906078338623	1	2024
5.185160398483276	1	630
5.18520712852478	1	159
5.185710906982422	-1	119
5.203068256378174	1	4408
5.217190265655518	1	2968
5.22016978263855	1	65535
5.222980260848999	1	790
5.226020336151123	1	159
5.2262656688690186	-1	119
5.230810642242432	1	4408
5.2367939949035645	1	8728
5.264261484146118	1	46819
5.272204160690308	1	18808
5.272834539413452	1	11608
5.273674488067627	1	32856
5.2749927043914795	1	6281
5.275503873825073	-1	127
5.275859117507935	-1	112
5.311757802963257	1	6748
5.433531045913696	-1	458
5.444451808929443	-1	168
5.445197582244873	-1	258
5.445258617401123	-1	361
5.452165603637695	-1	460
5.455233812332153	1	598
5.4657371044158936	1	159
5.465895414352417	-1	119
5.467483758926392	1	2968
5.467747211456299	1	3381
5.468108415603638	-1	127
5.468270301818848	-1	112
5.475329160690308	1	596
5.49428915977478	1	911
5.514298677444458	1	9930
5.515245199203491	-1	456
5.556265592575073	1	597
5.593677520751953	-1	605
5.647512435913086	-1	605
5.649775743484497	1	2968
5.656856060028076	1	2407
5.6891865730285645	1	2968
5.691872596740723	1	415
5.885610818862915	1	128
5.889595031738281	1	16581
5.925529479980469	1	3582
6.682575702667236	-1	214
6.740610122680664	1	415
7.060895204544067	1	917
7.103111028671265	1	4372
7.1460044384002686	1	32856
7.149530410766602	1	12940
7.260873317718506	1	22936
7.700790882110596	-1	214
7.701127767562866	-1	460
7.701352596282959	-1	453
7.702685832977295	-1	168
7.704336643218994	-1	258
7.7061121463775635	1	28913
7.706140995025635	-1	452
7.7391746044158936	1	359
7.739495038986206	1	359
7.744037628173828	1	415
7.74568772315979	1	2025
7.746944904327393	1	912
7.756448984146118	-1	605
7.759957313537598	-1	605
7.776350498199463	1	159
7.776567459106445	-1	119
7.781840801239014	1	4408
7.790899038314819	1	2968
7.793347120285034	1	415
7.8004186153411865	1	2968
7.800764560699463	1	28648
7.80134654045105	1	415
7.814853668212891	1	2968
7.816378355026245	1	13048
7.840625286102295	1	4048
7.844203233718872	1	12940
7.879701137542725	1	32856
8.066286087036133	1	289
10.731392621994019	-1	214
10.772636413574219	1	415
11.730783939361572	1	30552
11.730800867080688	1	32856
11.730874061584473	1	32856
11.73144006729126	1	32856
11.731449842453003	1	20655
11.732982873916626	-1	127
11.735841035842896	-1	265
11.736545324325562	-1	288
11.775748252868652	1	126
11.814037799835205	1	436
12.752905130386353	-1	214
12.75379991531372	-1	483
12.75503134727478	-1	126
12.756621837615967	-1	460
12.75692105293274	-1	480
12.757189750671387	-1	509
12.757755041122437	-1	185
12.759490728378296	-1	170
12.759949684143066	-1	181
12.761902570724487	-1	112
12.764654397964478	-1	134
12.765014171600342	-1	265
12.765585899353027	-1	265
12.765885353088379	-1	422
12.766153335571289	-1	185
12.76645541191101	-1	160
12.768211841583252	-1	126
12.76832890510559	-1	126
12.794566869735718	1	5848
12.797953605651855	1	549
12.801805019378662	1	126
12.801960468292236	1	1528
12.802354097366333	1	1517
12.80359959602356	1	4408
12.80387830734253	1	2027
12.805078744888306	1	754
12.805101871490479	1	1736
12.80588150024414	1	3579
12.818376541137695	-1	605
12.823899984359741	1	126
12.83414363861084	-1	605
12.834624290466309	1	5704
12.835834503173828	-1	605
12.839620113372803	-1	605
12.842307567596436	-1	605
12.842581987380981	1	341
12.848405838012695	-1	605
12.849700689315796	-1	645
12.851558208465576	-1	605
12.853092908859253	1	2944
12.855128049850464	1	998
12.859683275222778	-1	214
12.860170364379883	-1	265
12.860193490982056	-1	334
12.86308765411377	-1	605
12.866858005523682	1	2968
12.86888337135315	1	415
12.868995904922485	1	1528
12.869118452072144	1	1528
12.87055516242981	-1	214
12.870742082595825	-1	265
12.870762825012207	-1	442
12.8711838722229	1	415
12.873117446899414	-1	214
12.873441696166992	-1	265
12.873467922210693	-1	524
12.880271196365356	1	256
12.880271196365356	1	6488
12.880451440811157	1	1462
12.884340286254883	-1	214
12.89009952545166	1	240
12.890345096588135	-1	139
12.891121625900269	-1	576
12.89138674736023	1	1528
12.892219305038452	1	2138
12.89357876777649	-1	168
12.89384651184082	-1	258
12.893868923187256	-1	342
12.89768648147583	-1	605
12.905482530593872	1	415
12.906124591827393	-1	126
12.906790733337402	1	2968
12.909547567367554	1	346
12.910000085830688	1	157
12.91027045249939	-1	126
12.914103269577026	-1	605
12.914991855621338	1	2406
12.918322324752808	1	431
12.924503326416016	1	3842
12.925996780395508	1	2968
12.927808046340942	-1	214
12.932383298873901	1	2406
12.934731006622314	1	399
12.935866832733154	1	343
12.936580181121826	1	343
12.937600135803223	-1	181
12.938674688339233	-1	265
12.938753604888916	-1	420
12.942060232162476	1	3741
12.94420337677002	1	399
12.95565390586853	-1	214
12.956281185150146	-1	265
12.956377744674683	-1	408
12.95703411102295	-1	265
12.957114696502686	-1	410
12.958972692489624	-1	126
12.959634065628052	-1	265
12.959808349609375	-1	421
12.960997581481934	1	65535
12.961490154266357	-1	134
12.96371078491211	1	2944
12.967371463775635	1	415
12.972806215286255	-1	214
12.97417140007019	-1	119
12.974497318267822	-1	126
12.980159282684326	1	568
12.980505466461182	-1	119
12.981953144073486	1	346
12.98204755783081	1	1528
12.982966899871826	1	7592
12.98313570022583	1	157
12.992789268493652	-1	214
12.993014097213745	1	126
12.993218660354614	-1	126
12.999379873275757	1	126
13.011484622955322	1	606
13.012004852294922	1	346
13.016151189804077	1	415
13.017046689987183	-1	126
13.017213582992554	-1	459
13.027368783950806	1	415
13.034587144851685	-1	547
13.037733316421509	1	30076
13.039245367050171	1	126
13.040174722671509	1	421
13.04110860824585	-1	605
13.044833660125732	-1	265
13.044937133789062	-1	424
13.045660495758057	-1	126
13.051530838012695	1	7228
13.057917356491089	1	147
13.061699151992798	1	18652
13.078012228012085	1	126
13.078712940216064	1	544
13.080226421356201	1	3263
13.082015991210938	1	3578
13.082051753997803	1	126
13.089372873306274	-1	168
13.090527057647705	-1	258
13.09064531326294	-1	330
13.104855298995972	1	11512
13.124186992645264	1	1337
13.124186992645264	1	1104
13.125712156295776	1	598
13.125746726989746	1	21508
13.128586530685425	-1	134
13.130279064178467	-1	119
13.130799770355225	-1	181
13.135659217834473	-1	198
13.145569801330566	-1	198
13.145850658416748	-1	199
13.147342443466187	-1	198
13.147541999816895	-1	198
13.149782419204712	-1	182
13.150557041168213	-1	182
13.152431011199951	-1	182
13.152978420257568	-1	182
13.153410911560059	-1	182
13.154016733169556	1	7228
13.160171508789062	1	159
13.160267114639282	-1	119
13.1624276638031	1	4448
13.168328523635864	1	3282
13.177741765975952	-1	198
13.191627502441406	1	258
13.203729152679443	1	2091
13.207904815673828	-1	605
13.208687782287598	1	1951
13.208823919296265	1	1471
13.212793827056885	1	4996
13.21321177482605	1	2407
13.21343469619751	1	5110
13.213558673858643	1	908
13.215196132659912	1	40072
13.215420246124268	1	2509
13.220843076705933	1	3578
13.220843076705933	1	5948
13.222772121429443	-1	126
13.227546453475952	-1	168
13.227893114089966	-1	258
13.227915287017822	-1	320
13.230070352554321	-1	244
13.232333898544312	-1	189
13.233336210250854	-1	209
13.233479976654053	1	598
13.234208583831787	-1	189
13.235377788543701	-1	247
13.235490560531616	-1	244
13.235857486724854	-1	245
13.235950946807861	-1	180
13.23604416847229	-1	245
13.236254930496216	-1	245
13.23634648323059	-1	205
13.236436128616333	-1	248
13.236504793167114	-1	189
13.23709750175476	-1	191
13.240352153778076	1	159
13.24051547050476	-1	119
13.241856098175049	-1	605
13.242775917053223	1	11452
13.248080492019653	1	4408
13.248920440673828	1	5673
13.283179521560669	1	22254
13.284140348434448	1	12071
13.284269094467163	1	15928
13.288367509841919	1	26462
13.289336204528809	1	15054
13.296273708343506	1	13353
13.299863338470459	-1	214
13.300801038742065	-1	265
13.300830602645874	-1	368
13.329368591308594	1	8728
13.330236673355103	1	9749
13.331816911697388	1	11608
13.336811304092407	1	51206
13.339617013931274	1	2944
13.340532302856445	1	65535
13.34173583984375	1	60161
13.34567141532898	1	415
13.346988201141357	-1	126
13.349976778030396	1	65535
13.35006856918335	1	3168
13.355086088180542	1	10168
13.367367506027222	1	65535
13.376449584960938	1	47226
13.384190320968628	1	2986
13.389472246170044	1	126
13.398420095443726	-1	176
13.429144382476807	-1	449
13.433262586593628	-1	649
13.43350625038147	1	4965
13.452965259552002	1	707
13.46644401550293	1	238
13.467220544815063	-1	139
13.469766616821289	1	1098
13.471161365509033	-1	265
13.471242189407349	-1	450
13.48935842514038	-1	476
13.489668369293213	-1	505
13.498219728469849	1	157
13.498447895050049	-1	126
13.518680572509766	1	65535
13.518758535385132	1	17448
13.526861906051636	-1	605
13.52851390838623	1	1532
13.53131628036499	1	597
13.533721923828125	1	21508
13.538296937942505	-1	179
13.558388948440552	1	3578
13.564692497253418	-1	168
13.565542221069336	-1	258
13.565627336502075	-1	302
13.574243307113647	1	1582
13.578039646148682	1	9484
13.578652143478394	1	27220
13.586215496063232	1	598
13.607017993927002	1	159
13.607212543487549	-1	119
13.607909917831421	1	7029
13.608585596084595	1	21508
13.617022275924683	1	973
13.65447449684143	-1	326
13.675879716873169	-1	260
13.696640253067017	1	265
13.707331895828247	1	384
13.707940340042114	-1	134
13.708170890808105	-1	134
13.70824384689331	-1	134
13.708307266235352	-1	134
13.708377361297607	-1	134
13.7084379196167	-1	134
13.70850157737732	-1	127
13.709146738052368	-1	134
13.709229707717896	-1	127
13.709391832351685	-1	127
13.709578037261963	-1	127
13.710062026977539	-1	134
13.710545539855957	-1	127
13.711044311523438	-1	134
13.71146559715271	-1	127
13.711522102355957	-1	134
13.71157193183899	-1	127
13.711620092391968	-1	127
13.711658000946045	-1	134
13.711770057678223	-1	119
13.71205735206604	-1	119
13.712369441986084	-1	119
13.71307373046875	-1	119
13.71328353881836	-1	119
13.713492393493652	-1	119
13.713935136795044	-1	119
13.714781999588013	-1	112
13.714977025985718	-1	119
13.71520185470581	-1	112
13.715372085571289	-1	119
13.715848684310913	-1	112
13.71606993675232	-1	112
13.716223955154419	-1	119
13.716395139694214	-1	112
13.717288494110107	-1	119
13.717483043670654	-1	119
13.717647314071655	-1	112
13.718091249465942	-1	119
13.718271732330322	-1	112
13.719129085540771	-1	112
13.719263792037964	-1	119
13.770211458206177	-1	605
13.781397104263306	1	44356
13.786899089813232	-1	605
13.805662870407104	1	5164
13.815845012664795	-1	605
13.817148685455322	-1	168
13.81850790977478	-1	258
13.818585634231567	-1	318
13.818866729736328	-1	182
13.819118738174438	-1	183
13.819559812545776	-1	183
13.8242027759552	1	32932
13.828456163406372	1	3741
13.829282760620117	-1	605
13.836719751358032	1	14368
13.838618755340576	-1	214
13.84561014175415	1	2944
13.84885311126709	1	1136
13.850804805755615	1	359
13.851396083831787	1	359
13.855224370956421	-1	214
13.855713844299316	-1	460
13.875723361968994	1	10084
13.879024744033813	1	346
13.8817777633667	1	2968
13.883727073669434	1	258
13.886228561401367	1	159
13.886945009231567	-1	119
13.887127876281738	1	8728
13.888222694396973	1	2407
13.901923418045044	-1	214
13.91556715965271	1	940
13.928184747695923	1	28888
13.944231033325195	1	21508
13.953807353973389	1	346
13.95457935333252	1	8728
13.955672264099121	1	157
13.956571817398071	1	6473
13.969289541244507	-1	449
13.988195419311523	1	1516
14.011549472808838	1	542
14.02370572090149	-1	265
14.023815155029297	-1	492
14.024193286895752	-1	126
14.03035855293274	1	35788
14.033911943435669	-1	605
14.072216987609863	1	18652
14.076419353485107	1	126
14.078744888305664	1	1098
14.079708814620972	1	126
14.119056701660156	1	2944
14.120997905731201	1	1104
14.128023386001587	-1	214
14.128701210021973	-1	515
14.134187936782837	1	28648
14.176453828811646	-1	294
14.178481817245483	-1	295
14.18203353881836	-1	183
14.182494878768921	-1	182
14.182617425918579	-1	182
14.183192014694214	-1	183
14.183690547943115	-1	183
14.188606023788452	-1	528
14.214590787887573	1	258
14.218980312347412	1	7228
14.222126722335815	-1	605
14.235390186309814	1	663
14.236002445220947	1	126
14.238721370697021	1	11512
14.25232458114624	1	3295
14.259578943252563	-1	214
14.28577971458435	1	1396
14.286429643630981	1	415
14.294147729873657	1	4947
14.30164647102356	1	827
14.305667877197266	-1	420
14.311405658721924	-1	265
14.311879634857178	-1	649
14.31226921081543	-1	126
14.317879915237427	1	45784
14.338318347930908	-1	198
14.338816165924072	1	126
14.33945608139038	-1	198
14.339976787567139	-1	198
14.340107679367065	-1	197
14.340558767318726	-1	194
14.349766492843628	1	4408
14.349974870681763	1	4242
14.350289821624756	1	2393
14.351779460906982	1	5369
14.352041721343994	1	1528
14.352251768112183	1	1937
14.360146045684814	1	17224
14.36840558052063	-1	605
14.380233764648438	1	329
14.391856670379639	1	6453
14.412851572036743	1	3582
14.417491674423218	-1	168
14.418190956115723	-1	258
14.418267011642456	-1	320
14.418671607971191	-1	373
14.43523645401001	1	1931
14.436178207397461	1	1922
14.457150936126709	1	630
14.472155809402466	1	60064
14.507193565368652	1	10039
14.50746750831604	-1	119
14.516252517700195	1	22936
14.537225723266602	1	3411
14.537601232528687	1	2944
14.53861141204834	1	2730
14.550084590911865	1	19267
14.566478490829468	1	21508
14.623031377792358	-1	188
14.623537063598633	-1	422
14.656229257583618	-1	461
14.665189743041992	1	1120
14.72132158279419	1	23128
14.721853017807007	1	1330
14.726165056228638	1	55780
14.756406307220459	-1	348
14.765402793884277	1	24364
14.770191669464111	1	10084
14.797855615615845	1	8728
14.79842472076416	1	4581
14.826388120651245	-1	328
14.840233325958252	1	20080
14.869104623794556	1	2968
14.86957836151123	1	3594
14.884204864501953	1	5800
14.887763261795044	-1	254
14.931128740310669	1	2423
14.94575810432434	-1	196
14.97396445274353	1	48640
14.98523235321045	1	911
15.002263069152832	1	912
15.072633504867554	1	25792
15.087689638137817	1	57208
15.089720487594604	-1	605
15.096359252929688	-1	605
15.125424146652222	1	4184
15.126209497451782	1	4071
15.129518747329712	-1	214
15.130561828613281	-1	265
15.130599975585938	-1	511
15.160719394683838	1	415
15.161030769348145	-1	126
15.191602945327759	1	126
15.20563554763794	1	3842
15.210538387298584	-1	181
15.232229471206665	1	389
15.238351106643677	1	415
15.25412893295288	-1	265
15.25417709350586	-1	558
15.254401922225952	-1	126
15.261579990386963	1	297
15.268141984939575	-1	488
15.270410776138306	1	24364
15.282909154891968	1	126
15.312212705612183	1	34360
15.313718318939209	-1	605
15.324255228042603	1	4408
15.33431601524353	1	5132
15.342237710952759	1	1555
15.35410189628601	1	235
15.355117797851562	-1	139
15.356197595596313	1	20080
15.360045194625854	-1	517
15.362261295318604	-1	215
15.363494157791138	-1	123
15.38554859161377	1	24364
15.4027578830719	1	3883
15.402931213378906	1	3099
15.406160593032837	1	8656
15.426250696182251	1	2343
15.455491542816162	1	5800
15.459512710571289	-1	605
15.465185642242432	1	15796
15.470303535461426	-1	605
15.500154495239258	1	21508
15.502862453460693	1	2968
15.505462646484375	1	415
15.512977361679077	-1	214
15.513871431350708	-1	265
15.516185998916626	1	2968
15.517996549606323	1	415
15.525019407272339	-1	214
15.526397943496704	-1	265
15.526513576507568	-1	850
15.555145025253296	1	415
15.55571985244751	-1	126
15.565930128097534	1	415
15.566500663757324	-1	126
15.595691680908203	1	126
15.60614800453186	1	475
15.606453657150269	-1	645
15.64454436302185	1	5800
15.651211977005005	1	240
15.652013301849365	-1	139
15.654578924179077	-1	792
15.675208568572998	1	3713
15.728727102279663	1	21508
15.781288862228394	1	499
15.78571081161499	-1	798
15.857743501663208	1	5800
15.8781156539917	1	10084
15.895407438278198	-1	605
15.933374881744385	1	2944
15.948522567749023	1	24364
15.996289014816284	1	35788
16.040506839752197	1	2944
16.073437452316284	1	19019
16.07416605949402	-1	119
16.1323664188385	-1	605
16.16288685798645	1	1516
16.20555281639099	1	2417
16.213501453399658	-1	214
16.21410083770752	-1	454
16.215574979782104	1	998
16.22244095802307	-1	214
16.223385095596313	-1	265
16.223453760147095	-1	385
16.247815132141113	1	258
16.265215396881104	1	327
16.265850067138672	-1	126
16.281997680664062	1	645
16.285776615142822	-1	455
16.31833791732788	1	674
16.321543216705322	-1	449
16.381045818328857	1	7270
16.38408899307251	-1	450
16.605717658996582	1	421
16.65567946434021	-1	184
16.702874660491943	1	3056
16.71076226234436	-1	172
16.713438749313354	-1	246
16.754460334777832	1	10168
16.7550630569458	1	13048
16.75589895248413	1	10168
16.800457000732422	1	12876
16.844197034835815	1	5780
16.891040086746216	-1	506
16.89194655418396	-1	467
16.903373956680298	-1	507
16.9044189453125	-1	367
16.92620611190796	1	677
16.92934775352478	1	214
16.93259835243225	-1	605
16.933561325073242	-1	455
16.955442190170288	1	191
16.97491955757141	1	13353
16.975110054016113	1	597
16.988953590393066	-1	214
16.99172854423523	-1	605
17.007699012756348	-1	605
17.019585132598877	1	415
17.02017045021057	1	1516
17.03912878036499	1	3582
17.047646522521973	-1	168
17.048956155776978	-1	258
17.049405097961426	-1	316
17.05285930633545	-1	265
17.052937746047974	-1	449
17.053140878677368	-1	296
17.053436279296875	-1	126
17.05387806892395	1	32856
17.053946018218994	1	17300
17.068042993545532	1	2968
17.081347465515137	1	126
17.082475662231445	1	1809
17.082579612731934	1	4372
17.09740447998047	1	630
17.09826350212097	-1	214
17.124261379241943	1	1103
17.1350314617157	1	399
17.141340732574463	1	4655
17.14561891555786	-1	456
17.1630597114563	-1	386
17.165440320968628	1	159
17.16634202003479	1	4408
17.167149543762207	1	7082
17.167311668395996	-1	119
17.17496395111084	-1	265
17.1750807762146	-1	638
17.177383422851562	1	415
17.177577257156372	1	739
17.179216146469116	-1	126
17.183103322982788	-1	468
17.185152292251587	-1	297
17.18700385093689	-1	297
17.197398900985718	-1	184
17.2069993019104	1	3204
17.207016229629517	1	214
17.219112873077393	1	2024
17.22518014907837	-1	605
17.234151363372803	1	704
17.236363649368286	-1	304
17.23796534538269	1	3578
17.239288806915283	-1	168
17.2395076751709	-1	258
17.239521503448486	-1	318
17.24060368537903	1	126
17.245490550994873	1	1106
17.251945734024048	-1	183
17.25377130508423	1	598
17.264373064041138	1	159
17.264442682266235	-1	119
17.268035650253296	1	13048
17.284301280975342	1	682
17.292208909988403	1	32856
17.29228901863098	1	16280
17.33207130432129	1	1108
17.332246780395508	1	17211
17.332244873046875	1	325
17.36506175994873	-1	182
17.384208917617798	1	13332
17.866082668304443	1	546
17.869556188583374	-1	466
18.315897941589355	-1	605
18.376508235931396	1	4566
18.38739514350891	-1	214
18.44089102745056	-1	265
18.440974235534668	-1	376
18.441049814224243	-1	686
18.443734169006348	1	415
18.444507598876953	-1	126
18.500086307525635	1	139
18.50509262084961	1	818
18.522963285446167	-1	311
18.607311964035034	1	331
19.096095085144043	1	119
19.096585035324097	-1	119
19.401754140853882	1	2917
19.40658712387085	-1	478
19.43927788734436	1	1063
19.4430034160614	-1	478
19.475961923599243	1	771
19.480769872665405	-1	477
19.51135230064392	1	900
19.84964156150818	-1	214
19.882185697555542	-1	182
19.88873600959778	-1	186
19.89201045036316	1	5848
19.89242148399353	1	3571
19.928770542144775	1	3523
19.931612491607666	1	2307
21.91119623184204	-1	296
21.91961145401001	-1	506
21.921720266342163	-1	406
21.939903736114502	-1	401
21.948275089263916	1	214
21.97896695137024	1	1095
21.98428702354431	-1	183
21.993430614471436	1	4408
22.00058341026306	1	32856
22.000656604766846	1	20010
22.001208305358887	1	11035
22.022506952285767	1	1517
22.02369999885559	1	316
22.054905891418457	-1	506
22.05677819252014	-1	190
22.057459354400635	-1	190
22.058557271957397	-1	377
22.08318281173706	-1	605
22.088007926940918	1	191
22.09010601043701	-1	605
22.09949231147766	1	17368
22.100601196289062	1	16706
22.101437091827393	1	13048
22.102096796035767	1	1509
22.114160299301147	1	2968
22.115566968917847	1	415
22.11725950241089	-1	214
22.11748194694519	-1	265
22.117496728897095	-1	582
22.118608236312866	1	2968
22.120028972625732	1	415
22.121772527694702	-1	214
22.12199306488037	-1	265
22.122014045715332	-1	582
22.143770456314087	1	415
22.144314289093018	-1	126
22.157792568206787	1	415
22.158064603805542	-1	126
22.170462369918823	1	367
22.185969352722168	1	367
22.186559915542603	-1	134
22.18685030937195	-1	119
22.341361045837402	-1	199
22.347867012023926	-1	199
22.34967827796936	-1	199
22.350115060806274	-1	198
22.352181673049927	-1	195
22.4878830909729	1	1931
22.513731956481934	1	6045
24.41038417816162	-1	119
25.222388982772827	-1	134
25.34964346885681	-1	134
25.357589721679688	-1	119
25.609485149383545	-1	134
25.689863443374634	-1	119
25.801735877990723	-1	119
26.622657537460327	-1	134
26.823052644729614	-1	127
26.938002586364746	-1	296
26.941715478897095	-1	506
26.94516682624817	-1	377
26.965216636657715	-1	294
26.96629786491394	-1	339
26.966897010803223	-1	507
26.967464208602905	-1	190
26.968005418777466	-1	190
26.96982431411743	-1	377
26.971359729766846	1	214
26.993162393569946	1	214
26.997440576553345	1	1101
26.997440576553345	1	191
27.008784532546997	1	15242
27.018004894256592	-1	182
27.019563674926758	1	191
27.0292911529541	1	19374
27.029887199401855	1	15928
27.03137445449829	1	15928
27.03268074989319	1	8728
27.046509981155396	1	4408
27.088215827941895	1	11619
27.22334051132202	-1	134
27.22366762161255	-1	127
27.25001835823059	1	605
