0.10263371467590332	-1	605
0.19523167610168457	1	4098
0.19844675064086914	-1	168
0.1986556053161621	-1	1037
0.2881135940551758	1	678
0.3440554141998291	-1	605
0.42058610916137695	1	3841
0.4277219772338867	-1	181
0.4578084945678711	1	415
0.5358011722564697	-1	265
0.5358924865722656	-1	340
0.536125898361206	-1	126
0.5680146217346191	1	126
0.5687117576599121	1	12831
0.6009378433227539	1	11608
0.6021044254302979	1	14488
0.6294410228729248	1	4408
0.6327707767486572	1	32856
0.6543314456939697	1	8728
0.6611335277557373	1	32856
0.6617879867553711	1	4408
0.6621828079223633	1	4909
0.6668868064880371	1	2271
0.6675000190734863	-1	112
2.309549331665039	-1	605
2.342672348022461	1	1516
3.007704019546509	-1	605
3.0483345985412598	1	2944
3.078361988067627	-1	605
3.080526828765869	-1	605
3.0816848278045654	-1	605
3.083752393722534	-1	605
3.0848653316497803	-1	605
3.0864083766937256	-1	605
3.087812900543213	-1	605
3.089519739151001	-1	605
3.09114670753479	-1	605
3.0924859046936035	-1	605
3.093654155731201	-1	605
3.0948004722595215	-1	605
3.109255790710449	1	3578
3.1107752323150635	1	3578
3.124185562133789	1	1528
3.124824047088623	1	2142
3.124824047088623	1	3582
3.12520170211792	1	3582
3.1252965927124023	1	3582
3.126936912536621	1	2968
3.127167224884033	1	2284
3.1284704208374023	1	3582
3.1301050186157227	1	5164
3.130352735519409	1	5164
3.132641553878784	1	5164
3.132641553878784	1	5164
3.136977195739746	-1	168
3.1376490592956543	-1	258
3.140026569366455	-1	318
3.142301082611084	-1	168
3.146355152130127	-1	168
3.1480772495269775	-1	168
3.1484596729278564	-1	258
3.1484808921813965	-1	318
3.148620367050171	-1	258
3.1486432552337646	-1	452
3.14880108833313	-1	258
3.148822546005249	-1	1064
3.1493160724639893	-1	168
3.1496803760528564	-1	168
3.150036096572876	-1	168
3.150704860687256	-1	258
3.1507344245910645	-1	319
3.1508564949035645	-1	258
3.1508772373199463	-1	387
3.1510114669799805	-1	258
3.151275396347046	-1	320
3.1537094116210938	-1	168
3.1540467739105225	-1	258
3.154066562652588	-1	318
3.156498432159424	-1	168
3.1567559242248535	-1	258
3.1567749977111816	-1	365
3.1740524768829346	1	630
3.174070358276367	1	598
3.1809780597686768	1	630
3.1840479373931885	1	630
3.1863763332366943	1	630
3.1877732276916504	1	701
3.187891721725464	-1	119
3.187899589538574	1	359
3.1879966259002686	1	359
3.188148260116577	1	630
3.190742254257202	1	630
3.1948060989379883	1	159
3.1949000358581543	-1	119
3.201281785964966	1	4771
3.211963653564453	1	159
3.2120625972747803	-1	119
3.217427968978882	1	11608
3.217618942260742	1	159
3.217686176300049	-1	119
3.2187697887420654	1	1974
3.218986749649048	-1	127
3.2192232608795166	-1	112
3.2200284004211426	-1	168
3.220320224761963	-1	258
3.2203423976898193	-1	361
3.22113299369812	1	159
3.2211928367614746	-1	119
3.226877212524414	1	11608
3.2303080558776855	1	5071
3.2307732105255127	1	159
3.2310001850128174	-1	119
3.2310867309570312	1	5848
3.2329978942871094	1	159
3.2331464290618896	1	159
3.2333250045776367	-1	119
3.2334251403808594	-1	119
3.2337284088134766	1	2220
3.2338764667510986	-1	127
3.2339463233947754	-1	112
3.2346484661102295	1	5848
3.2350258827209473	1	159
3.2355058193206787	-1	119
3.236175775527954	-1	168
3.236416816711426	-1	258
3.236454725265503	-1	293
3.2365598678588867	1	8728
3.2421929836273193	-1	168
3.242530584335327	-1	258
3.242553234100342	-1	288
3.243966579437256	1	1136
3.2441155910491943	1	598
3.2643918991088867	1	6000
3.2671966552734375	1	159
3.2676477432250977	1	5594
3.267777681350708	1	786
3.2683699131011963	1	26008
3.2717840671539307	1	630
3.2723801136016846	1	28888
3.272382974624634	1	119
3.278393507003784	1	15928
3.2800164222717285	1	7288
3.28068208694458	1	27448
3.2813985347747803	1	630
3.296689510345459	1	2580
3.30613374710083	1	159
3.307070255279541	1	2968
3.30723237991333	1	4203
3.3115646839141846	1	2968
3.314363956451416	1	159
3.3158462047576904	1	688
3.3167178630828857	1	119
3.3218069076538086	1	4260
3.3218235969543457	1	20248
3.322974443435669	1	17368
3.356381893157959	1	17803
3.59424090385437	1	989
3.612478017807007	1	26072
4.256235837936401	-1	214
4.257824659347534	-1	464
4.265993595123291	-1	214
4.266431093215942	-1	119
4.267109632492065	-1	127
4.2682483196258545	1	6872
4.268265008926392	1	32856
4.268664121627808	1	32856
4.26868200302124	1	32856
4.268756866455078	1	32856
4.268787384033203	1	32856
4.268844842910767	1	32856
4.268860578536987	1	32856
4.269521236419678	1	15842
4.27177882194519	-1	127
4.273785591125488	-1	127
4.275033235549927	-1	127
4.2766172885894775	-1	119
4.277256011962891	-1	127
4.277478218078613	-1	127
4.278694152832031	-1	119
4.279497146606445	-1	127
4.2811479568481445	-1	112
4.281445026397705	-1	112
4.283747911453247	-1	112
4.283988952636719	-1	112
4.286675930023193	-1	112
4.287015676498413	-1	112
4.287275314331055	-1	112
4.288438320159912	-1	452
4.2886435985565186	1	258
4.304070472717285	1	258
4.319264650344849	1	1124
4.340898752212524	1	597
4.372964859008789	-1	491
4.382463216781616	1	2944
4.388581991195679	1	4372
4.409486532211304	-1	605
4.449026823043823	1	32856
4.449049234390259	1	2229
4.455128908157349	1	3582
4.456788778305054	-1	455
4.457148790359497	-1	168
4.457453966140747	-1	258
4.457482576370239	-1	448
4.461706638336182	1	1658
4.491684436798096	-1	605
4.493531227111816	1	2726
4.4946510791778564	1	630
4.494889736175537	-1	458
4.529518127441406	1	159
4.52959942817688	-1	119
4.531684875488281	1	1528
4.533146142959595	1	3452
4.537900447845459	-1	189
4.546778678894043	1	2968
4.5540525913238525	1	2408
4.558313369750977	-1	214
4.567110776901245	1	32856
4.576406717300415	1	7074
4.576850652694702	-1	181
4.578033208847046	-1	456
4.580007553100586	1	5848
4.580070734024048	-1	170
4.581683158874512	1	5511
4.582282543182373	-1	185
4.583482980728149	-1	605
4.589009046554565	-1	605
4.59739351272583	-1	605
4.603677988052368	-1	265
4.603703260421753	-1	423
4.6084864139556885	1	15387
4.6115758419036865	1	415
4.612494468688965	-1	126
4.616128206253052	1	1516
4.620657682418823	-1	605
4.62263298034668	1	2332
4.623183250427246	1	5315
4.624208688735962	1	119
4.624739408493042	1	4192
4.625094890594482	1	3928
4.625524997711182	1	4021
4.638010263442993	1	2968
4.64537501335144	1	2407
4.650930643081665	-1	214
4.660298585891724	1	3578
4.662344932556152	1	3429
4.664953708648682	-1	214
4.665448188781738	1	126
4.667123794555664	-1	265
4.66721510887146	-1	420
4.671163082122803	-1	605
4.676983118057251	1	1528
4.6777801513671875	-1	168
4.678507566452026	-1	258
4.678558826446533	-1	342
4.685597658157349	1	431
4.700518369674683	-1	265
4.700554847717285	-1	412
4.700754880905151	-1	126
4.708433389663696	1	256
4.709532260894775	1	598
4.709532260894775	1	2402
4.712294101715088	-1	181
4.712796926498413	-1	265
4.712826251983643	-1	408
4.71550440788269	1	346
4.715595245361328	1	157
4.715793609619141	-1	126
4.7238075733184814	1	14205
4.725803852081299	-1	460
4.727172613143921	1	2968
4.733409881591797	1	126
4.735743761062622	1	1191
4.737749338150024	1	346
4.737827777862549	1	157
4.739158391952515	1	159
4.740185737609863	-1	214
4.741638660430908	-1	126
4.741942405700684	1	497
4.742053747177124	-1	265
4.742080450057983	-1	420
4.74212121963501	-1	119
4.762889623641968	1	597
4.7633020877838135	1	1516
4.763775110244751	1	126
4.765757322311401	1	126
4.76984715461731	-1	605
4.776396751403809	1	420
4.7897326946258545	-1	605
4.793162822723389	1	346
4.79349422454834	1	157
4.79352879524231	-1	126
4.799978494644165	-1	605
4.808380126953125	1	3244
4.81245493888855	1	3295
4.81639552116394	-1	214
4.818614482879639	-1	181
4.819694995880127	-1	198
4.820333003997803	-1	197
4.820760011672974	-1	198
4.820866584777832	-1	199
4.8209593296051025	-1	198
4.821529865264893	1	1230
4.823291540145874	1	988
4.82902717590332	1	4408
4.829711198806763	1	1832
4.8334760665893555	1	3578
4.83835768699646	-1	214
4.838496208190918	-1	244
4.8386619091033936	-1	189
4.83875298500061	-1	189
4.838912010192871	-1	247
4.839005947113037	-1	244
4.839080333709717	-1	245
4.839192867279053	-1	180
4.839334964752197	-1	245
4.841144561767578	-1	245
4.841644287109375	-1	205
4.842001914978027	-1	248
4.842645883560181	-1	168
4.843246698379517	-1	189
4.8436431884765625	-1	258
4.843667268753052	-1	330
4.843777656555176	-1	191
4.844101428985596	-1	182
4.844350099563599	-1	182
4.844553709030151	-1	182
4.844637155532837	-1	182
4.844707489013672	-1	182
4.849583625793457	1	126
4.855302810668945	1	3313
4.857668876647949	1	415
4.861305475234985	-1	265
4.861333847045898	-1	288
4.861515760421753	-1	126
4.873619556427002	1	343
4.875174045562744	1	415
4.879487037658691	1	1425
4.879565954208374	-1	265
4.8796398639678955	-1	425
4.88008189201355	-1	126
4.881873369216919	1	2824
4.8822102546691895	1	735
4.882629156112671	1	5848
4.896481990814209	1	1337
4.8978400230407715	-1	134
4.898130178451538	-1	119
4.9042181968688965	1	346
4.904816627502441	1	414
4.9053285121917725	-1	119
4.906505107879639	1	4479
4.916569471359253	1	32856
4.91744065284729	1	7288
4.918155908584595	1	126
4.919076681137085	1	5848
4.942639350891113	-1	198
4.942682981491089	1	15256
4.944429159164429	1	217
4.95276951789856	1	32856
4.952854633331299	1	32856
4.953994274139404	1	17376
4.957682371139526	1	32856
4.959103345870972	1	23128
5.002861261367798	1	1102
5.00717306137085	1	13048
5.0079872608184814	1	8728
5.009249925613403	1	65535
5.009411811828613	1	65535
5.009523153305054	1	18920
5.013128757476807	1	11512
5.042381525039673	1	2968
5.042694091796875	1	65535
5.0427350997924805	1	39192
5.044636249542236	-1	605
5.049319505691528	-1	530
5.081238031387329	-1	605
5.084548234939575	1	32856
5.084580183029175	1	54428
5.089667797088623	1	2968
5.089734077453613	1	418
5.094898223876953	1	415
5.096451997756958	-1	214
5.096601724624634	-1	265
5.112505912780762	-1	605
5.14458966255188	1	415
5.14458966255188	1	3295
5.145361661911011	-1	126
5.146974802017212	1	1528
5.14809250831604	1	9032
5.149388790130615	-1	605
5.157910108566284	-1	214
5.166752576828003	1	3578
5.1706788539886475	-1	214
5.172789096832275	-1	265
5.172922134399414	-1	505
5.173410892486572	-1	265
5.173523902893066	-1	368
5.179190158843994	-1	168
5.180049896240234	-1	258
5.180124044418335	-1	320
5.185320854187012	1	126
5.194312334060669	1	415
5.19486403465271	-1	126
5.198749542236328	1	598
5.2045886516571045	1	415
5.205354690551758	-1	126
5.213716506958008	1	159
5.213979244232178	-1	119
5.216202020645142	1	7288
5.220582723617554	-1	645
5.22751522064209	1	399
5.235973119735718	1	126
5.254562616348267	1	240
5.255927085876465	-1	139
5.256427049636841	1	16203
5.260804176330566	-1	614
5.2741780281066895	-1	176
5.275122880935669	-1	344
5.292701482772827	1	706
5.306063413619995	1	530
5.311253786087036	1	4965
5.329166650772095	-1	179
5.35758376121521	-1	605
5.362386465072632	1	499
5.365342617034912	1	1613
5.370088815689087	-1	506
5.370223522186279	-1	695
5.38600754737854	1	3578
5.391586780548096	-1	168
5.39270806312561	-1	258
5.392824172973633	-1	302
5.406940221786499	1	147
5.415911674499512	1	598
5.440678119659424	1	159
5.441728591918945	1	7029
5.4441235065460205	-1	605
5.444260358810425	-1	119
5.4776904582977295	-1	301
5.486019134521484	1	235
5.486979722976685	-1	139
5.492990493774414	-1	520
5.518761157989502	1	245
5.537249326705933	-1	134
5.538334369659424	-1	134
5.538405418395996	-1	134
5.5385496616363525	-1	134
5.538620948791504	-1	127
5.538709878921509	-1	134
5.538843393325806	-1	134
5.538886785507202	-1	127
5.539013624191284	-1	127
5.539505958557129	-1	134
5.539940357208252	-1	134
5.539997577667236	-1	134
5.540049314498901	-1	127
5.540086507797241	-1	127
5.5401201248168945	-1	127
5.540151596069336	-1	127
5.540213108062744	-1	127
5.540241956710815	-1	134
5.541180610656738	-1	119
5.541838645935059	-1	119
5.542002201080322	-1	112
5.543113946914673	-1	112
5.5432868003845215	-1	119
5.543443441390991	-1	119
5.543883562088013	-1	119
5.544869422912598	-1	119
5.545077323913574	-1	112
5.54524302482605	-1	112
5.545407056808472	-1	112
5.545599937438965	-1	112
5.5465850830078125	-1	119
5.546812057495117	-1	112
5.547001838684082	-1	112
5.547225713729858	-1	119
5.547659158706665	-1	119
5.547777414321899	-1	119
5.5479021072387695	-1	119
5.595659494400024	-1	605
5.60898494720459	-1	605
5.631945371627808	1	5164
5.637247323989868	-1	168
5.638179779052734	-1	258
5.638277530670166	-1	318
5.63880729675293	-1	182
5.639136075973511	-1	183
5.6404924392700195	-1	183
5.643712520599365	1	3741
5.644240379333496	-1	605
5.6521008014678955	-1	214
5.6698315143585205	1	630
5.685747861862183	1	346
5.695835113525391	1	2968
5.701983213424683	1	2406
5.70412540435791	1	159
5.705921649932861	1	5848
5.715599060058594	-1	214
5.715794801712036	-1	119
5.764810800552368	1	415
5.774611234664917	1	32856
5.774683952331543	1	11145
5.859859228134155	-1	449
5.89400839805603	1	542
5.9428839683532715	1	4372
6.351690053939819	-1	265
6.351781845092773	-1	489
6.352064847946167	-1	126
6.405395030975342	1	126
6.406545877456665	-1	605
6.408229827880859	1	1096
6.409174203872681	1	126
6.446824550628662	1	3582
6.450007677078247	-1	168
6.45055079460144	-1	258
6.450592994689941	-1	320
6.450798034667969	-1	373
6.486419200897217	-1	294
6.48791241645813	-1	294
6.4883873462677	1	630
6.49148154258728	-1	183
6.491798162460327	-1	182
6.4924845695495605	-1	182
6.492857217788696	-1	183
6.492953300476074	-1	183
6.498750686645508	-1	528
6.528439044952393	1	159
6.528506755828857	-1	119
6.53374457359314	1	9967
6.54894495010376	1	1425
6.552708387374878	1	668
6.557121276855469	1	4946
6.562219142913818	-1	198
6.562338352203369	-1	198
6.562408924102783	-1	198
6.562507629394531	-1	197
6.5625834465026855	-1	194
6.571351051330566	-1	605
6.576384544372559	1	19266
6.592144012451172	-1	188
6.592767715454102	-1	422
6.605643272399902	1	2968
6.6058313846588135	1	415
6.608292818069458	-1	214
6.627520561218262	1	5682
6.627801895141602	1	5848
6.629521131515503	1	5778
6.632246971130371	1	5273
6.635312795639038	1	1120
6.641839504241943	1	415
6.651103973388672	-1	265
6.651136159896851	-1	642
6.651256799697876	-1	126
6.673356771469116	1	3474
6.673930644989014	1	3140
6.6741554737091064	1	2968
6.67612624168396	1	1453
6.683387517929077	1	367
6.7164623737335205	1	18610
6.737236022949219	-1	348
6.782331228256226	1	5848
6.782787084579468	1	7460
6.809212923049927	-1	328
6.850107192993164	1	6474
6.870248556137085	-1	254
6.913238763809204	1	2423
6.9295265674591064	-1	196
6.972090721130371	1	911
7.082737445831299	-1	605
7.091209411621094	-1	605
7.113996744155884	1	2648
7.11792778968811	1	4070
7.1261279582977295	-1	214
7.127159595489502	-1	265
7.127223968505859	-1	510
7.161961793899536	1	415
7.1625707149505615	-1	126
7.194535255432129	1	126
7.28257942199707	1	385
7.331566095352173	1	3841
7.338135004043579	-1	181
7.372796297073364	1	415
7.38350248336792	-1	265
7.383582353591919	-1	557
7.383965253829956	-1	126
7.783352613449097	1	6629
7.804708003997803	1	33116
7.80555534362793	-1	119
7.834919691085815	1	21508
7.83572793006897	1	12940
7.920048236846924	1	126
7.937432527542114	1	32856
7.937516689300537	1	13016
7.969532489776611	1	9483
7.9761199951171875	1	2944
7.993135213851929	-1	215
7.994986295700073	-1	123
8.033484935760498	1	4408
8.034022331237793	1	2542
8.06537675857544	1	23528
8.104568719863892	-1	605
8.120831727981567	-1	605
8.141849040985107	1	3295
8.150039196014404	-1	214
8.150977373123169	-1	265
8.155953407287598	1	2968
8.158357381820679	1	415
8.164555788040161	-1	214
8.165274620056152	-1	265
8.165327548980713	-1	848
8.184736967086792	1	415
8.185336828231812	-1	126
8.1975576877594	1	415
8.198269844055176	-1	126
8.217267751693726	1	126
8.23221206665039	1	473
8.238410949707031	-1	645
8.282286167144775	1	240
8.282987356185913	-1	139
8.285694360733032	-1	792
8.405672550201416	1	499
8.410965204238892	-1	798
8.479079961776733	-1	605
8.484026193618774	-1	184
8.519207239151001	1	1516
8.524779558181763	1	3087
8.555503845214844	1	2564
8.567305088043213	-1	214
8.568122148513794	-1	460
8.587811946868896	-1	246
8.588656902313232	-1	172
8.605745553970337	1	258
8.62726879119873	1	5697
8.667389631271362	1	5848
8.672423362731934	1	32856
8.672548770904541	1	7640
8.694464921951294	-1	605
8.705305099487305	1	4344
8.722183465957642	-1	605
8.73823857307434	1	3582
8.740469694137573	-1	168
8.740952968597412	-1	258
8.740992784500122	-1	316
8.778040647506714	1	2968
8.785703182220459	1	630
8.792051792144775	1	1809
8.804617404937744	-1	214
8.82833743095398	1	159
8.828650951385498	-1	119
8.829375982284546	1	4408
8.85274076461792	-1	265
8.852859735488892	-1	633
8.859670400619507	1	415
8.860554695129395	-1	126
8.87272572517395	1	10166
8.913110733032227	1	126
8.92138147354126	-1	301
8.921391248703003	1	681
8.944815158843994	1	3209
8.945064544677734	-1	119
9.060415506362915	1	310
9.063494205474854	1	126
9.57878828048706	-1	506
9.580867052078247	-1	499
9.594525575637817	-1	506
9.595584869384766	-1	371
9.612935304641724	1	214
9.613125562667847	-1	605
9.645690679550171	1	191
9.650842428207397	1	4408
9.651463508605957	1	392
9.654352188110352	-1	214
9.68660306930542	1	415
9.696904182434082	-1	265
9.696964979171753	-1	450
9.6971116065979	-1	297
9.697345733642578	-1	126
9.730984449386597	1	126
9.77245283126831	1	1113
9.780062198638916	1	398
9.790107011795044	-1	184
9.798497915267944	-1	423
9.803587436676025	-1	605
9.803739786148071	-1	297
9.80668568611145	-1	297
9.807014226913452	-1	1764
9.816120386123657	1	3578
9.817278146743774	-1	168
9.817538976669312	-1	258
9.817559957504272	-1	318
9.824220180511475	1	704
9.824220180511475	1	598
9.831827402114868	1	214
9.832005500793457	1	159
9.832602977752686	-1	119
9.834140539169312	1	10168
9.843469619750977	1	191
9.847879886627197	1	32856
9.84807014465332	1	11960
9.870367527008057	1	1116
9.88611912727356	-1	183
9.886171579360962	1	7970
9.928396940231323	1	16529
9.932322025299072	1	1115
9.947479009628296	-1	182
9.955487251281738	1	4155
9.95690107345581	1	4945
9.99163293838501	-1	605
10.053073406219482	1	4566
10.062066078186035	-1	214
10.11034083366394	-1	265
10.110459804534912	-1	376
10.110814094543457	-1	686
10.119943141937256	1	415
10.120672702789307	-1	126
10.181325912475586	1	139
10.224480628967285	1	817
10.292919635772705	-1	310
10.390515565872192	1	331
10.551807880401611	-1	605
10.581248760223389	1	2944
10.583282709121704	1	998
10.5926194190979	-1	214
10.594399452209473	-1	265
10.594484806060791	-1	334
10.621930599212646	1	327
10.62269377708435	-1	126
10.893547058105469	1	119
10.893933296203613	-1	119
11.523532152175903	1	5838
11.56450891494751	1	131
12.28802752494812	1	951
12.459468841552734	-1	453
12.50015139579773	1	1102
12.51102066040039	-1	480
12.544902563095093	-1	218
12.550925254821777	1	1516
12.559816598892212	-1	605
12.576961040496826	-1	182
12.581818342208862	1	11302
12.586969375610352	-1	186
12.616558313369751	1	2401
12.65173864364624	1	3429
13.058640003204346	1	235
13.05978775024414	-1	139
13.06646728515625	-1	605
13.066658973693848	-1	509
13.099602937698364	1	1516
13.221163034439087	1	2417
13.22784972190857	-1	214
13.22860074043274	-1	460
13.268044471740723	1	258
13.299938201904297	1	3455
13.395333528518677	1	4372
13.440297365188599	1	1765
13.447221755981445	1	8656
13.503046989440918	1	32856
13.503131866455078	1	20156
13.532187938690186	-1	449
13.563844919204712	1	28296
13.568559646606445	1	21860
13.573124885559082	1	10084
13.576698780059814	1	11512
13.578854084014893	1	20080
13.613640069961548	1	1069
13.625955581665039	-1	476
13.62624454498291	-1	505
13.667492389678955	1	5200
13.66823673248291	1	1541
13.721023082733154	1	15796
13.740887641906738	1	65535
13.741038084030151	1	65535
13.741117715835571	1	65535
13.74122166633606	1	65535
13.754396677017212	1	11512
13.774889707565308	1	54984
13.789314270019531	1	973
13.81012487411499	1	12940
13.812588214874268	1	8024
13.813085794448853	1	40072
13.824770212173462	1	20080
13.832255840301514	1	47212
13.847240924835205	1	8656
13.848810195922852	1	21508
13.85649061203003	1	5800
13.85969877243042	1	10084
13.870133399963379	-1	542
13.909318923950195	1	756
13.9133141040802	1	61492
13.95643162727356	1	24364
14.020311832427979	-1	605
14.061542749404907	1	65535
14.06159257888794	1	65535
14.061638355255127	1	65535
14.061698198318481	1	65535
14.06174349784851	1	65535
14.061788558959961	1	65535
14.061840772628784	1	65535
14.063095092773438	1	50068
14.10668134689331	1	2944
14.110852479934692	1	1104
14.118932485580444	-1	214
14.1196608543396	-1	515
14.20524525642395	1	258
14.292437076568604	1	827
14.295619487762451	-1	420
14.381585121154785	1	3597
14.400899410247803	1	65535
14.40102243423462	1	65535
14.401113986968994	1	5187
14.41516923904419	-1	454
14.42470932006836	1	4778
14.445202827453613	-1	461
14.490715503692627	1	1121
14.502775192260742	-1	488
14.503046751022339	-1	517
14.547911405563354	1	915
14.564823150634766	-1	199
14.56983995437622	-1	199
14.57362699508667	-1	199
14.575371026992798	-1	198
14.576964616775513	-1	195
14.587350130081177	1	5141
14.59644865989685	-1	297
14.60180377960205	-1	506
14.602026462554932	-1	372
14.617724895477295	-1	399
14.634482145309448	1	214
14.660658359527588	1	1106
14.665587186813354	-1	183
14.685600996017456	1	22861
14.68714427947998	1	22878
14.689634323120117	1	1544
14.689742088317871	1	20248
14.694840431213379	1	1528
14.695136785507202	1	5255
14.709468364715576	1	674
14.7123281955719	1	1517
14.714229345321655	1	362
14.735072612762451	-1	455
14.736096858978271	1	1922
14.745060682296753	-1	507
14.745505809783936	-1	190
14.745603322982788	-1	190
14.747471570968628	-1	372
14.768163442611694	1	674
14.769233465194702	-1	449
14.778634071350098	-1	605
14.785122632980347	1	191
14.786269187927246	-1	605
14.792410612106323	1	2005
14.805618047714233	1	2968
14.806861400604248	1	415
14.80855417251587	-1	214
14.808746814727783	-1	265
14.808767795562744	-1	623
14.824498891830444	1	3295
14.833731174468994	-1	214
14.83400583267212	1	7270
14.834112405776978	1	415
14.835721492767334	-1	265
14.835853815078735	-1	577
14.836442470550537	1	4107
14.836880207061768	-1	126
14.842725992202759	-1	450
14.854181051254272	1	2968
14.856313467025757	1	4408
14.86494755744934	1	367
14.872008323669434	1	415
14.874206781387329	-1	126
14.896722078323364	1	24246
14.905837535858154	1	367
14.907368183135986	-1	134
14.907877922058105	-1	119
16.438048839569092	1	706
16.441808700561523	-1	455
16.629401206970215	1	17224
16.68493914604187	1	1516
16.76929759979248	1	7228
16.81113839149475	1	11512
17.298945665359497	-1	134
17.986676692962646	-1	134
18.23544216156006	-1	134
18.429312229156494	-1	119
18.722561597824097	-1	127
18.883562326431274	-1	127
19.61600613594055	-1	297
19.618648052215576	-1	506
19.62341809272766	-1	372
19.638892650604248	-1	291
19.642229318618774	-1	337
19.642930507659912	-1	507
19.64350128173828	-1	190
19.64407730102539	-1	190
19.646071434020996	-1	372
19.659621953964233	1	214
19.670331954956055	1	214
19.68497395515442	1	1113
19.686235427856445	1	4408
19.68796992301941	1	3713
19.689658641815186	1	11366
19.690794467926025	-1	182
19.691370010375977	-1	456
19.6929292678833	1	191
19.69726800918579	1	191
19.697288036346436	1	5586
19.698912620544434	1	9294
19.70375895500183	1	20872
19.705813884735107	1	22254
19.70628309249878	1	5489
19.72278380393982	1	739
19.72377061843872	-1	468
19.727991104125977	1	7288
19.7294819355011	1	12575
19.793731927871704	1	3910
19.794920444488525	-1	466
19.82816219329834	1	2917
19.833645582199097	-1	478
19.84561800956726	-1	134
19.86711597442627	1	595
20.205368995666504	-1	134
20.209917306900024	1	585
20.212375164031982	-1	478
20.245940685272217	1	771
20.249297380447388	-1	477
20.283607482910156	1	871
20.40726351737976	-1	134
20.53706455230713	-1	738
20.582334518432617	1	338
20.583727836608887	-1	168
20.58655333518982	-1	258
20.58663821220398	-1	372
20.70380997657776	1	159
20.70398998260498	-1	119
20.705404043197632	1	1446
21.567588806152344	-1	134
24.398392915725708	-1	119
24.60168147087097	-1	119
24.62917709350586	-1	191
24.635693550109863	-1	505
24.640510320663452	-1	371
24.65906548500061	-1	337
24.662925958633423	-1	291
24.66409158706665	1	2968
24.66431474685669	-1	190
24.66576313972473	-1	190
24.665871143341064	1	10168
24.666954517364502	-1	507
24.668045043945312	1	12815
24.670937299728394	-1	372
24.673859357833862	1	214
24.684057235717773	1	214
24.70212197303772	1	4115
24.70472478866577	1	16794
24.704724073410034	-1	119
24.70611834526062	1	191
24.70814824104309	1	191
24.727654457092285	-1	134
24.735153913497925	1	4168
24.737266302108765	1	8728
24.738420009613037	1	7250
