0.09504985809326172	-1	605
0.1896369457244873	1	4098
0.1989426612854004	-1	168
0.19938206672668457	-1	1037
0.3478357791900635	-1	605
0.40375542640686035	1	3876
0.4071314334869385	-1	181
0.40869593620300293	-1	454
0.4623391628265381	1	362
0.8975021839141846	1	694
0.8975024223327637	1	15031
0.9889812469482422	1	2271
0.989436149597168	-1	112
1.4591634273529053	-1	605
1.4978060722351074	1	2944
1.5015764236450195	1	1136
1.5082268714904785	-1	214
1.5089659690856934	-1	464
1.5490422248840332	1	258
1.8905389308929443	1	1113
3.696345806121826	-1	491
3.733604669570923	-1	605
3.7390241622924805	1	1658
3.740811824798584	-1	605
3.7415316104888916	-1	605
3.7450504302978516	-1	605
3.753889799118042	-1	605
3.7666618824005127	-1	605
3.768110990524292	1	3382
3.7681190967559814	1	3382
3.7682392597198486	1	3382
3.771308422088623	-1	181
3.774740219116211	-1	181
3.7782959938049316	-1	181
3.786240577697754	-1	605
3.8854286670684814	1	399
3.8854286670684814	1	3382
3.8856277465820312	1	399
3.886030435562134	1	399
3.886592388153076	1	2944
3.886593818664551	1	3388
3.8890745639801025	-1	181
3.890979051589966	-1	181
3.8914694786071777	-1	570
3.925590991973877	1	399
3.954432249069214	1	378
4.037465810775757	1	14368
4.109228610992432	1	5319
4.172462224960327	1	235
4.17302680015564	-1	139
4.175879001617432	-1	520
4.2248523235321045	1	989
4.2319395542144775	-1	214
4.232559442520142	-1	452
4.273853778839111	1	258
4.3156821727752686	-1	265
4.31578254699707	-1	345
4.317079782485962	-1	231
4.317382335662842	-1	218
4.317620515823364	-1	200
4.317866325378418	-1	204
4.318100214004517	-1	203
4.318348169326782	-1	204
4.318586826324463	-1	168
4.318807601928711	-1	190
4.319453239440918	1	917
4.319626569747925	1	6309
4.320211887359619	-1	179
4.320569276809692	-1	126
4.322247743606567	-1	265
4.323483943939209	-1	348
4.326637029647827	-1	265
4.3266966342926025	-1	312
4.331454038619995	1	10084
4.35937237739563	1	126
4.371688604354858	1	10084
4.380653381347656	1	6705
4.387999773025513	1	126
4.387999773025513	1	126
4.392275094985962	1	2253
4.394304513931274	1	17224
4.430236339569092	1	19355
4.431772708892822	1	6859
4.441197395324707	1	2968
4.444013833999634	1	2968
4.453286170959473	1	7228
4.468267917633057	1	32856
4.468317747116089	1	10797
4.4823079109191895	1	32856
4.5553672313690186	1	1516
4.602258205413818	1	25792
5.329437017440796	-1	178
5.329659938812256	-1	167
5.330385684967041	-1	126
5.330939054489136	-1	134
5.331261396408081	-1	265
5.331326484680176	-1	334
5.331424713134766	-1	126
5.333437204360962	-1	134
5.3366289138793945	-1	177
5.3369832038879395	-1	170
5.337196588516235	-1	460
5.337466239929199	-1	177
5.3383660316467285	-1	119
5.338674783706665	-1	119
5.3424177169799805	-1	126
5.349090337753296	-1	262
5.356291770935059	-1	213
5.35653829574585	-1	201
5.356637001037598	1	28632
5.356653690338135	1	32856
5.356709957122803	1	32856
5.356773614883423	1	28031
5.357609510421753	-1	217
5.3612284660339355	-1	212
5.377575635910034	1	2215
5.38303279876709	1	24129
5.384977340698242	-1	134
5.385350704193115	-1	455
5.385762691497803	-1	119
5.388890027999878	1	517
5.390657424926758	1	950
5.394772291183472	1	19374
5.398161888122559	1	7288
5.425714015960693	-1	289
5.427184581756592	-1	218
5.4272894859313965	-1	220
5.427435874938965	-1	204
5.427523374557495	-1	204
5.429083824157715	-1	453
5.473615407943726	1	20248
5.47565484046936	-1	212
5.47567343711853	1	15928
5.476088285446167	-1	213
5.477005958557129	-1	282
5.478889226913452	-1	211
5.479672193527222	-1	211
5.480402946472168	-1	178
5.481412172317505	-1	179
5.482126712799072	-1	178
5.482253789901733	-1	178
5.48280930519104	1	2726
5.483613967895508	-1	458
5.494910001754761	1	8728
5.4952123165130615	1	21508
5.495718240737915	-1	605
5.496472597122192	-1	605
5.497180461883545	-1	605
5.497924327850342	-1	605
5.499727249145508	-1	605
5.500667095184326	-1	605
5.505959987640381	-1	605
5.506745338439941	-1	605
5.507515907287598	-1	605
5.50834321975708	-1	605
5.538228750228882	1	49048
5.550351142883301	1	901
5.554511308670044	-1	203
5.560606241226196	1	4365
5.562149286270142	1	4365
5.562389135360718	1	14488
5.56320595741272	1	4365
5.5634191036224365	1	4365
5.5636608600616455	1	4365
5.563942909240723	-1	214
5.564523458480835	-1	265
5.56455135345459	-1	328
5.567678928375244	-1	214
5.568498849868774	1	3452
5.569060564041138	1	4365
5.571150302886963	1	23128
5.571817398071289	-1	214
5.576000213623047	1	14488
5.576369285583496	1	13205
5.576518535614014	-1	214
5.579928874969482	-1	214
5.58009147644043	-1	193
5.580827951431274	-1	170
5.581284761428833	-1	281
5.581509351730347	-1	178
5.582634210586548	-1	265
5.5826685428619385	-1	328
5.585341930389404	-1	214
5.585493326187134	-1	265
5.585511922836304	-1	341
5.585600852966309	-1	265
5.585615634918213	-1	341
5.5856993198394775	-1	265
5.5857155323028564	-1	342
5.58684229850769	-1	265
5.586861848831177	-1	328
5.588811159133911	1	3870
5.58940863609314	1	15928
5.5894083976745605	1	3870
5.589885473251343	1	415
5.590009689331055	1	3870
5.590699911117554	-1	181
5.591118812561035	-1	126
5.59199595451355	-1	181
5.593157529830933	1	23128
5.5936596393585205	1	415
5.5936596393585205	1	3870
5.593972444534302	-1	181
5.594196796417236	1	289
5.5951313972473145	-1	126
5.595327138900757	-1	265
5.595351696014404	-1	341
5.595493316650391	-1	265
5.595521450042725	-1	341
5.595655679702759	-1	265
5.596216917037964	-1	342
5.597607135772705	-1	181
5.598533391952515	-1	265
5.598593711853027	-1	341
5.600490570068359	1	415
5.60098123550415	1	23128
5.6016645431518555	-1	126
5.607866287231445	1	415
5.607906103134155	1	415
5.608130693435669	-1	126
5.60828971862793	-1	126
5.6104209423065186	1	5646
5.61189603805542	1	346
5.612010478973389	1	157
5.615317344665527	-1	126
5.616045713424683	-1	456
5.619487524032593	1	4408
5.621179103851318	1	4408
5.625281810760498	1	126
5.632296800613403	1	19221
5.642165184020996	1	126
5.650223970413208	1	126
5.650278806686401	1	65535
5.65116286277771	1	11608
5.661024808883667	1	126
5.663394451141357	1	126
5.66619873046875	1	19113
5.674228191375732	1	15928
5.686200141906738	1	17941
5.686635971069336	-1	605
5.690702676773071	1	415
5.690959692001343	1	415
5.690974473953247	-1	126
5.691123723983765	-1	126
5.693414926528931	1	415
5.693561792373657	-1	126
5.702958345413208	1	415
5.703152179718018	-1	126
5.709802627563477	-1	652
5.713367462158203	1	24568
5.729511737823486	1	14488
5.749622106552124	1	32856
5.749647855758667	1	11960
5.749776363372803	1	5848
5.758889675140381	1	5848
5.775545120239258	1	65535
5.775601387023926	1	21024
5.781970262527466	1	32856
5.78204345703125	1	27800
5.782628536224365	1	26008
5.7843711376190186	1	4807
5.797353506088257	1	4881
5.805803298950195	1	19977
5.820180892944336	1	15609
5.820816278457642	1	2922
5.821220636367798	1	2976
5.822263956069946	-1	134
5.822623014450073	-1	119
5.823659658432007	1	126
5.825211048126221	1	32856
5.834656000137329	1	9490
5.835059404373169	1	238
5.836038827896118	1	32856
5.836100816726685	1	844
5.836714744567871	1	15928
5.840859889984131	-1	134
5.841482639312744	-1	139
5.843621730804443	1	13048
5.846354961395264	1	126
5.847900867462158	-1	480
5.848082065582275	-1	119
5.848738193511963	-1	134
5.849246978759766	-1	265
5.84934139251709	-1	362
5.849537372589111	-1	509
5.849992036819458	-1	119
5.855056285858154	1	20248
5.8577563762664795	1	11608
5.866267919540405	1	25353
5.867283582687378	-1	134
5.8674938678741455	-1	119
5.8791234493255615	1	14488
5.881360054016113	1	20248
5.898787975311279	1	8455
5.899764537811279	1	12297
5.899777412414551	-1	134
5.900338172912598	-1	119
5.900608062744141	1	5848
5.902580499649048	1	15928
5.904381275177002	1	32856
5.905421257019043	1	3320
5.90812087059021	1	15928
5.908462047576904	1	1765
5.9090330600738525	1	14488
5.909300088882446	1	1544
5.9097678661346436	1	4104
5.910475015640259	1	1528
5.911253213882446	1	157
5.911529302597046	-1	134
5.911815166473389	-1	119
5.912140130996704	-1	126
5.914287090301514	1	10168
5.915869951248169	1	17368
5.920371770858765	1	14488
5.925947427749634	1	11608
5.932887315750122	1	13048
5.93645715713501	-1	460
5.958340167999268	1	20013
5.971279859542847	1	10732
5.971439599990845	1	17368
5.972195625305176	-1	134
5.9726479053497314	-1	119
5.973505735397339	1	14488
5.973795652389526	1	5208
5.979808568954468	1	20248
5.988677978515625	1	21688
6.041428804397583	1	126
6.041462182998657	1	18808
6.047463893890381	1	14488
6.0550758838653564	1	17368
6.0719146728515625	1	32856
6.071962594985962	1	6536
6.072345018386841	-1	134
6.0724194049835205	-1	119
6.075515270233154	1	1342
6.077075004577637	1	17368
6.094013214111328	-1	605
6.10279107093811	1	17368
6.107389450073242	1	10168
6.140218019485474	1	20248
6.140285968780518	1	2025
6.141931772232056	1	21688
6.162151336669922	1	1528
6.164116144180298	1	23128
6.168671131134033	1	8728
6.169641733169556	1	2944
6.173332214355469	1	9746
6.251671075820923	-1	202
6.252712726593018	-1	203
6.252934217453003	-1	201
6.294764995574951	1	32856
6.302189826965332	1	2541
6.317511081695557	1	982
6.318317890167236	1	3011
6.3342883586883545	1	5800
6.359348297119141	-1	605
6.365655422210693	-1	204
6.380120515823364	-1	206
6.380345821380615	-1	200
6.3804357051849365	-1	219
6.408998489379883	1	32856
6.415654182434082	1	17224
6.416445970535278	1	3388
6.417354583740234	-1	181
6.417566776275635	-1	669
6.424756765365601	-1	605
6.425688982009888	-1	605
6.426579236984253	-1	605
6.427395582199097	-1	605
6.427966356277466	1	1528
6.4281957149505615	-1	605
6.428855895996094	-1	605
6.430082321166992	1	1626
6.4342029094696045	1	2060
6.434321403503418	-1	134
6.434741020202637	-1	119
6.451000452041626	1	2092
6.45294451713562	1	22619
6.457855701446533	1	3084
6.4613707065582275	-1	152
6.461640357971191	-1	258
6.4616615772247314	-1	301
6.493580102920532	1	362
6.497031211853027	1	998
6.4992852210998535	-1	214
6.499635219573975	-1	265
6.499654293060303	-1	334
6.535114049911499	1	3388
6.539508104324341	-1	181
6.5400214195251465	1	3388
6.540044784545898	1	3388
6.540044784545898	1	3388
6.5409462451934814	1	3388
6.543665647506714	-1	181
6.546594858169556	-1	181
6.54680871963501	-1	565
6.549583911895752	-1	181
6.550807237625122	-1	569
6.550952196121216	-1	562
6.554547071456909	-1	181
6.555140018463135	-1	566
6.555784225463867	-1	563
6.581391334533691	1	258
6.581814527511597	1	3388
6.583736896514893	-1	181
6.584172248840332	-1	562
6.603318452835083	1	668
6.6035215854644775	-1	119
6.606226444244385	-1	188
6.60686469078064	-1	189
6.607600927352905	-1	189
6.609405279159546	-1	189
6.61099648475647	-1	214
6.61496114730835	1	157
6.615244626998901	-1	126
6.617071628570557	1	311
6.618072271347046	1	4410
6.622047185897827	1	32856
6.622091293334961	1	32856
6.622106552124023	1	1083
6.622384548187256	1	17376
6.626111268997192	1	8095
6.629733562469482	1	7274
6.6312575340271	1	126
6.658299922943115	1	1559
6.673531532287598	1	362
6.673539876937866	1	362
6.711437463760376	-1	449
6.717151880264282	1	7667
6.717591762542725	1	2906
6.736162185668945	1	362
6.7362916469573975	1	362
6.73641562461853	1	7288
6.736813068389893	1	7228
6.73739767074585	1	3407
6.739761829376221	1	362
6.741089105606079	1	362
6.744434356689453	1	8536
6.745469570159912	1	174
6.746022939682007	1	17224
6.827325820922852	1	7848
6.82780122756958	1	1553
6.828003168106079	1	594
6.827561855316162	1	588
6.828779220581055	1	590
6.829066753387451	1	585
6.829245090484619	-1	560
6.8295674324035645	-1	127
6.829605579376221	1	588
6.829726219177246	1	24364
6.866281747817993	-1	586
6.883956432342529	-1	193
6.884356737136841	-1	790
6.895590543746948	1	17046
6.89622163772583	1	8728
6.897526502609253	1	8728
6.9008119106292725	1	26008
6.904057502746582	1	8728
6.905430316925049	1	7288
6.907345533370972	1	8728
6.90871262550354	1	8728
6.9129087924957275	1	588
6.9217634201049805	-1	582
6.92276406288147	1	2559
6.922778606414795	-1	583
6.939928293228149	-1	580
6.9432384967803955	-1	579
7.04160475730896	1	594
7.042346239089966	-1	577
7.048908948898315	1	442
7.048908948898315	1	587
7.0491180419921875	1	590
7.049278497695923	1	586
7.0496826171875	1	588
7.054643154144287	1	10826
7.082900762557983	-1	586
7.087713956832886	-1	582
7.090853929519653	-1	583
7.092813491821289	-1	580
7.095399856567383	-1	579
7.105052947998047	1	1098
7.114568471908569	-1	476
7.114829778671265	-1	505
7.1462390422821045	1	586
7.155822515487671	-1	577
7.159180641174316	1	585
7.159210443496704	1	597
7.165708780288696	1	590
7.166763067245483	1	3772
7.174205780029297	1	586
7.174209356307983	1	588
7.244974136352539	1	587
7.250900983810425	-1	509
7.308000087738037	1	6157
7.331728935241699	-1	134
7.331845760345459	-1	127
7.33204197883606	-1	134
7.332408905029297	-1	134
7.332525014877319	-1	134
7.332667589187622	-1	119
7.334242820739746	-1	119
7.334561109542847	-1	119
7.334813833236694	-1	119
7.335084438323975	-1	119
7.3395304679870605	-1	119
7.339797258377075	-1	119
7.341627597808838	-1	119
7.34196400642395	-1	119
7.342691659927368	-1	119
7.343627452850342	-1	119
7.343992710113525	-1	119
7.344376564025879	-1	119
7.344789266586304	-1	112
7.364562749862671	-1	605
7.406762361526489	-1	605
7.464661598205566	1	3388
7.465474605560303	1	2977
7.468852758407593	-1	181
7.530844211578369	1	362
7.563328742980957	-1	613
7.572309970855713	1	1532
7.573073387145996	-1	119
7.622351408004761	1	812
7.623033285140991	-1	119
7.6748363971710205	-1	605
7.682495832443237	-1	152
7.683406829833984	-1	258
7.6834940910339355	-1	288
7.696370363235474	1	3382
7.698911428451538	-1	181
7.714696645736694	1	399
7.765409231185913	-1	265
7.765524864196777	-1	406
7.765821218490601	-1	126
7.769702434539795	1	668
7.770168304443359	-1	119
7.787863492965698	1	11646
7.8013670444488525	1	1866
7.8071653842926025	1	3215
7.809040784835815	-1	119
7.827638864517212	1	1960
7.828118085861206	1	1478
7.828951358795166	1	1516
7.829385042190552	1	1478
7.830126047134399	1	1516
7.830591201782227	1	1516
7.83211088180542	1	1516
7.832823753356934	1	1516
7.837517023086548	1	1421
7.841241121292114	1	2944
7.869016408920288	-1	605
7.882236480712891	1	2062
7.882455825805664	-1	127
7.882776737213135	-1	112
7.907986640930176	1	2944
8.004494905471802	-1	736
8.062999725341797	1	30961
8.06368613243103	-1	119
8.12824296951294	1	300
8.12964391708374	-1	152
8.133538246154785	-1	258
8.13362455368042	-1	674
8.190531730651855	1	989
8.200442790985107	-1	214
8.201136589050293	-1	460
8.222888946533203	1	668
8.223318338394165	-1	119
8.290894269943237	1	119
8.334527492523193	1	623
8.335200309753418	-1	127
8.518988847732544	1	12193
8.56754732131958	1	32856
8.567579984664917	1	17300
8.606038331985474	1	4372
8.650923252105713	1	1516
8.655572414398193	1	5800
8.720378875732422	1	32856
8.720447063446045	1	11588
8.727106809616089	1	25792
8.802523136138916	1	32856
8.834645986557007	1	14368
8.85245943069458	1	30076
8.87678861618042	1	24364
8.902989864349365	1	54352
8.904542207717896	1	21508
8.925771474838257	1	8656
8.939278602600098	1	10084
9.00812578201294	1	22936
9.018868923187256	1	65535
9.01894760131836	1	6024
9.049459218978882	1	10084
9.063387632369995	-1	605
9.092123985290527	1	1516
9.162343978881836	1	51496
9.197164535522461	1	65535
9.197250843048096	1	16020
9.22102689743042	1	5800
9.279728412628174	1	61492
9.372283697128296	1	17224
9.385435581207275	1	42928
9.39565372467041	1	2426
9.403339147567749	-1	214
9.404642343521118	-1	265
9.404723167419434	-1	334
9.503880739212036	1	65535
9.5281081199646	1	45784
9.53526782989502	1	14368
9.561211824417114	1	2944
9.571483135223389	1	14368
9.595394134521484	1	10084
9.65494990348816	1	54352
9.66855525970459	1	8656
9.722336292266846	1	41500
9.76632022857666	1	25792
9.813241481781006	1	58636
9.854344367980957	1	37216
9.886322021484375	1	5800
9.888828039169312	1	1516
9.891460180282593	1	21508
9.947405815124512	1	48640
9.949735164642334	1	14368
10.022697687149048	1	27220
10.064439535140991	1	65535
10.06455945968628	1	7452
10.103806972503662	1	12940
10.149813413619995	1	24364
10.188119649887085	1	17591
10.219189643859863	-1	454
10.254898071289062	1	6119
10.255141019821167	-1	126
10.255419731140137	-1	134
10.255576610565186	-1	119
10.257705211639404	1	674
10.259468793869019	-1	455
10.3008713722229	1	674
10.305426597595215	-1	449
10.345917701721191	1	6308
10.386526346206665	1	1050
10.389877557754517	-1	450
10.453307151794434	-1	605
10.492820739746094	1	244
10.49382758140564	-1	139
10.497756719589233	-1	265
10.497825622558594	-1	334
10.531761884689331	1	157
10.532031297683716	-1	126
10.681260824203491	1	706
10.685308933258057	-1	455
10.73115873336792	1	2025
10.914539813995361	1	4410
10.991196155548096	1	1558
11.116682767868042	-1	605
11.14082670211792	1	28648
11.162118434906006	1	1516
11.222998857498169	1	32335
11.22699236869812	-1	456
11.31468653678894	1	739
11.318904399871826	1	2564
11.319060325622559	-1	468
11.326338768005371	-1	214
11.326984643936157	-1	542
11.355820894241333	1	258
11.35929536819458	1	596
11.442315578460693	1	755
11.65481948852539	-1	605
11.689979791641235	1	1516
11.784127950668335	1	3960
11.788005113601685	-1	214
11.788382768630981	-1	515
11.891896486282349	1	258
11.977681398391724	1	827
11.980730295181274	-1	420
12.00054383277893	1	1974
12.00400710105896	-1	466
12.073732376098633	1	8287
12.093823194503784	-1	461
12.144153833389282	1	1110
12.15613341331482	-1	488
12.270060777664185	-1	605
12.31225061416626	1	2888
12.315343856811523	-1	478
12.315617084503174	1	235
12.31629467010498	-1	139
12.319729566574097	-1	517
12.528700351715088	1	1515
12.528700351715088	1	5939
13.22865629196167	1	1092
13.234706163406372	-1	478
13.291730165481567	1	742
13.295394897460938	-1	477
13.340481281280518	1	900
13.686663150787354	-1	260
13.73619270324707	1	383
17.82024335861206	-1	134
18.353127241134644	-1	127
22.093750953674316	-1	119
22.551031589508057	-1	119
22.55130124092102	-1	119
23.361745595932007	-1	119
23.755630493164062	-1	134
29.944804906845093	-1	605
30.028462648391724	1	4098
30.03149652481079	-1	168
30.03169846534729	-1	1037
30.116178512573242	1	678
