0.0	-1	1125
0.0	-1	1125
0.8153283596038818	-1	611
1.1089141368865967	-1	611
1.1196763515472412	-1	611
1.1208367347717285	-1	1125
1.1208367347717285	-1	1125
1.3744993209838867	-1	611
1.374901533126831	-1	611
1.8111371994018555	-1	611
1.8185703754425049	-1	611
1.9075100421905518	-1	611
1.9075157642364502	-1	611
1.9078361988067627	-1	611
1.9706971645355225	-1	1256
1.9706971645355225	-1	1256
1.971980333328247	-1	1125
1.971980333328247	-1	1125
2.7388830184936523	-1	1256
2.7388830184936523	-1	1256
2.738891124725342	-1	1256
2.738891124725342	-1	1256
2.7393085956573486	-1	611
2.748194694519043	-1	1125
2.748194694519043	-1	1125
3.0446534156799316	-1	1256
3.0446534156799316	-1	1256
3.0524861812591553	-1	705
3.0534045696258545	-1	611
3.065419912338257	-1	611
3.660031318664551	-1	611
3.6600449085235596	-1	1256
3.6600449085235596	-1	1256
3.6600501537323	-1	1256
3.6600501537323	-1	1256
3.660360336303711	-1	611
3.6711266040802	-1	1125
3.6711266040802	-1	1125
3.6822474002838135	-1	611
4.2732994556427	-1	611
4.5810630321502686	-1	1256
4.5810630321502686	-1	1256
4.587986707687378	-1	1235
4.587986707687378	-1	1235
4.589487791061401	-1	611
4.609044790267944	-1	611
4.617087364196777	-1	611
4.634598255157471	-1	1125
4.634598255157471	-1	1125
5.503177165985107	-1	1256
5.503177165985107	-1	1256
5.50747537612915	-1	1180
5.50747537612915	-1	1180
5.509304046630859	-1	611
5.5209667682647705	-1	611
5.657364130020142	-1	611
6.4237236976623535	-1	611
6.614838123321533	-1	611
6.6153459548950195	-1	611
7.337066173553467	-1	1125
7.337066173553467	-1	1125
7.340189218521118	-1	611
7.3514556884765625	-1	611
7.959933280944824	-1	611
8.26778531074524	-1	1125
8.26778531074524	-1	1125
8.272756814956665	-1	1125
8.272756814956665	-1	1125
8.286344766616821	-1	1125
8.286344766616821	-1	1125
8.40529727935791	-1	611
8.409125089645386	-1	611
8.411133766174316	-1	1125
8.411133766174316	-1	1125
8.81097960472107	-1	611
8.816479206085205	-1	611
8.822810173034668	-1	1125
8.822810173034668	-1	1125
8.846340894699097	-1	1256
8.846340894699097	-1	1256
8.846728563308716	-1	1125
8.846728563308716	-1	1125
8.954297542572021	-1	1256
8.954297542572021	-1	1256
9.497068881988525	-1	611
9.497086524963379	-1	1256
9.497086524963379	-1	1256
9.49709177017212	-1	1256
9.49709177017212	-1	1256
9.497097253799438	-1	1256
9.497097253799438	-1	1256
9.497495889663696	-1	611
9.503593683242798	-1	682
9.506876468658447	-1	1125
9.506876468658447	-1	1125
9.80466628074646	-1	1256
9.80466628074646	-1	1256
9.811968803405762	-1	611
10.113607406616211	-1	1256
10.113607406616211	-1	1256
10.11524772644043	-1	611
10.132117986679077	-1	1154
10.132117986679077	-1	1154
10.133105754852295	-1	1125
10.133105754852295	-1	1125
10.138662338256836	-1	611
10.240655660629272	-1	1154
10.240655660629272	-1	1154
10.241075277328491	-1	1125
10.241075277328491	-1	1125
10.251409769058228	-1	611
10.727096319198608	-1	611
10.727109432220459	-1	1256
10.727109432220459	-1	1256
10.727116823196411	-1	1256
10.727116823196411	-1	1256
10.72711968421936	-1	1256
10.72711968421936	-1	1256
10.727468967437744	-1	611
10.73531985282898	-1	1256
10.73531985282898	-1	1256
10.739694118499756	-1	611
11.035240888595581	-1	1256
11.035240888595581	-1	1256
11.035512447357178	-1	611
11.143855333328247	-1	1256
11.143855333328247	-1	1256
11.143882751464844	-1	910
11.21322250366211	-1	910
11.213234663009644	-1	1256
11.213234663009644	-1	1256
11.213250398635864	-1	1256
11.213250398635864	-1	1256
11.235147953033447	-1	1125
11.235147953033447	-1	1125
11.247724771499634	-1	611
11.302154541015625	-1	1256
11.302154541015625	-1	1256
11.33260464668274	-1	1256
11.33260464668274	-1	1256
11.440707206726074	-1	1256
11.440707206726074	-1	1256
11.460126399993896	-1	1256
11.460126399993896	-1	1256
11.460241794586182	-1	611
11.481722831726074	-1	928
11.488218069076538	-1	1256
11.488218069076538	-1	1256
11.813981294631958	-1	611
11.821608781814575	-1	1256
11.821608781814575	-1	1256
11.821651697158813	-1	1256
11.821651697158813	-1	1256
11.82166337966919	-1	1146
11.82166337966919	-1	1146
11.821670770645142	-1	910
11.821674346923828	-1	1256
11.821674346923828	-1	1256
11.821677923202515	-1	1256
11.821677923202515	-1	1256
11.823493719100952	-1	1516
11.823493719100952	-1	1516
11.826985836029053	-1	1219
11.826985836029053	-1	1219
11.836985111236572	-1	1125
11.836985111236572	-1	1125
11.91547441482544	-1	1256
11.91547441482544	-1	1256
11.980848550796509	-1	983
11.980997562408447	-1	611
12.09230351448059	-1	1256
12.09230351448059	-1	1256
12.112343788146973	-1	1256
12.112343788146973	-1	1256
12.112364530563354	-1	1256
12.112364530563354	-1	1256
12.199411153793335	-1	1256
12.199411153793335	-1	1256
12.199424505233765	-1	910
12.199874639511108	-1	611
12.216771364212036	-1	512
12.216774463653564	-1	1256
12.216774463653564	-1	1256
12.261352062225342	-1	1256
12.261352062225342	-1	1256
12.265964269638062	-1	1256
12.265964269638062	-1	1256
12.267646789550781	-1	611
12.277225017547607	-1	1256
12.277225017547607	-1	1256
12.278372764587402	-1	928
12.28699254989624	-1	1256
12.28699254989624	-1	1256
12.297029733657837	-1	1256
12.297029733657837	-1	1256
12.29797649383545	-1	1256
12.29797649383545	-1	1256
12.29959750175476	-1	611
12.314729928970337	-1	1256
12.314729928970337	-1	1256
12.318500280380249	-1	1256
12.318500280380249	-1	1256
12.318646669387817	-1	611
12.334403991699219	-1	1256
12.334403991699219	-1	1256
12.341414213180542	-1	1256
12.341414213180542	-1	1256
12.475374698638916	-1	910
12.475540399551392	-1	611
12.483959913253784	-1	611
12.491301536560059	-1	1256
12.491301536560059	-1	1256
12.522286415100098	-1	611
12.813806772232056	-1	1125
12.813806772232056	-1	1125
12.820565462112427	-1	1256
12.820565462112427	-1	1256
12.820582866668701	-1	1256
12.820582866668701	-1	1256
12.820586919784546	-1	1256
12.820586919784546	-1	1256
12.82059359550476	-1	1146
12.82059359550476	-1	1146
12.835024356842041	-1	689
12.835050821304321	-1	611
12.839062452316284	-1	1516
12.839062452316284	-1	1516
12.847142219543457	-1	705
12.885160446166992	-1	1256
12.885160446166992	-1	1256
12.936208009719849	-1	1256
12.936208009719849	-1	1256
13.182293176651001	-1	1057
13.182293176651001	-1	1057
13.814374208450317	-1	1125
13.814374208450317	-1	1125
14.299180269241333	-1	611
14.311877489089966	-1	1256
14.311877489089966	-1	1256
14.311915159225464	-1	1256
14.311915159225464	-1	1256
14.311924457550049	-1	1256
14.311924457550049	-1	1256
14.311941146850586	-1	928
14.311947584152222	-1	1256
14.311947584152222	-1	1256
14.31195616722107	-1	1256
14.31195616722107	-1	1256
14.311973571777344	-1	1256
14.311973571777344	-1	1256
14.311978578567505	-1	516
14.314101934432983	-1	1256
14.314101934432983	-1	1256
14.31412959098816	-1	928
14.314131259918213	-1	1256
14.314131259918213	-1	1256
14.314133882522583	-1	1256
14.314133882522583	-1	1256
14.314135074615479	-1	1256
14.314135074615479	-1	1256
14.31413984298706	-1	1256
14.31413984298706	-1	1256
14.31414532661438	-1	1256
14.31414532661438	-1	1256
14.31867504119873	-1	611
14.32356858253479	-1	1516
14.32356858253479	-1	1516
14.336522579193115	-1	1516
14.336522579193115	-1	1516
14.37895393371582	-1	611
14.719692945480347	-1	1154
14.719692945480347	-1	1154
14.720067262649536	-1	611
14.731443643569946	-1	1125
14.731443643569946	-1	1125
14.815269947052002	-1	611
14.900771379470825	-1	1256
14.900771379470825	-1	1256
14.90081787109375	-1	1256
14.90081787109375	-1	1256
14.901179790496826	-1	1256
14.901179790496826	-1	1256
14.901241540908813	-1	611
14.902116537094116	-1	1256
14.902116537094116	-1	1256
14.92052435874939	-1	1256
14.92052435874939	-1	1256
14.920691967010498	-1	611
14.942525148391724	-1	1256
14.942525148391724	-1	1256
14.960786581039429	-1	910
14.961769104003906	-1	611
14.980868339538574	-1	910
15.001699686050415	-1	910
15.001705884933472	-1	1256
15.001705884933472	-1	1256
15.001789808273315	-1	611
15.018468379974365	-1	1256
15.018468379974365	-1	1256
15.05675745010376	-1	1256
15.05675745010376	-1	1256
15.05678129196167	-1	910
15.056786060333252	-1	1256
15.056786060333252	-1	1256
15.05678939819336	-1	910
15.076513767242432	-1	1256
15.076513767242432	-1	1256
15.07652473449707	-1	910
15.076526880264282	-1	1256
15.076526880264282	-1	1256
15.076527833938599	-1	982
15.076828718185425	-1	1256
15.076828718185425	-1	1256
15.076832294464111	-1	910
15.09602975845337	-1	1256
15.09602975845337	-1	1256
15.09604001045227	-1	910
15.098734140396118	-1	1256
15.098734140396118	-1	1256
15.098737478256226	-1	948
15.098739624023438	-1	1256
15.098739624023438	-1	1256
15.098740339279175	-1	910
15.107356786727905	-1	1256
15.107356786727905	-1	1256
15.1073637008667	-1	910
15.142428159713745	-1	1256
15.142428159713745	-1	1256
15.14268445968628	-1	611
15.199176788330078	-1	1256
15.199176788330078	-1	1256
15.199190378189087	-1	1256
15.199190378189087	-1	1256
15.199206113815308	-1	1256
15.199206113815308	-1	1256
15.19920802116394	-1	1256
15.19920802116394	-1	1256
15.199215412139893	-1	1256
15.199215412139893	-1	1256
15.217211961746216	-1	1256
15.217211961746216	-1	1256
15.217236518859863	-1	1256
15.217236518859863	-1	1256
15.217239141464233	-1	1256
15.217239141464233	-1	1256
15.217240571975708	-1	1256
15.217240571975708	-1	1256
15.217242002487183	-1	1256
15.217242002487183	-1	1256
15.217242956161499	-1	1256
15.217242956161499	-1	1256
15.217244625091553	-1	1256
15.217244625091553	-1	1256
15.21724796295166	-1	1256
15.21724796295166	-1	1256
15.217350244522095	-1	611
15.2390775680542	-1	1256
15.2390775680542	-1	1256
15.239089488983154	-1	1256
15.239089488983154	-1	1256
15.239105224609375	-1	1256
15.239105224609375	-1	1256
15.239106893539429	-1	1256
15.239106893539429	-1	1256
15.239108324050903	-1	1256
15.239108324050903	-1	1256
15.239109516143799	-1	1256
15.239109516143799	-1	1256
15.239110469818115	-1	1256
15.239110469818115	-1	1256
15.23911190032959	-1	1256
15.23911190032959	-1	1256
15.239112854003906	-1	1256
15.239112854003906	-1	1256
15.239113807678223	-1	1256
15.239113807678223	-1	1256
15.239331722259521	-1	611
15.250878810882568	-1	611
15.260554313659668	-1	1256
15.260554313659668	-1	1256
15.261012077331543	-1	611
15.641757249832153	-1	1256
15.641757249832153	-1	1256
15.641772985458374	-1	1256
15.641772985458374	-1	1256
15.641776084899902	-1	1256
15.641776084899902	-1	1256
15.641782522201538	-1	1256
15.641782522201538	-1	1256
15.64706540107727	-1	621
16.05360460281372	-1	611
16.986912727355957	-1	1125
16.986912727355957	-1	1125
16.989511251449585	-1	611
17.62166142463684	-1	1256
17.62166142463684	-1	1256
17.62170934677124	-1	928
17.62755298614502	-1	1256
17.62755298614502	-1	1256
17.63936734199524	-1	1256
17.63936734199524	-1	1256
17.63953471183777	-1	611
17.65798854827881	-1	1256
17.65798854827881	-1	1256
17.65799355506897	-1	910
17.6770658493042	-1	910
17.697843313217163	-1	910
17.697969913482666	-1	611
17.71424126625061	-1	1256
17.71424126625061	-1	1256
17.727413177490234	-1	1256
17.727413177490234	-1	1256
17.74579358100891	-1	1256
17.74579358100891	-1	1256
17.745920658111572	-1	611
17.754149198532104	-1	1256
17.754149198532104	-1	1256
17.766076803207397	-1	611
17.772324562072754	-1	1256
17.772324562072754	-1	1256
17.792724132537842	-1	1256
17.792724132537842	-1	1256
17.792747259140015	-1	910
17.79305863380432	-1	611
17.802692413330078	-1	1516
17.802692413330078	-1	1516
17.813618421554565	-1	910
17.82117199897766	-1	611
17.83260178565979	-1	1256
17.83260178565979	-1	1256
17.833275318145752	-1	1125
17.833275318145752	-1	1125
17.840860843658447	-1	611
17.847203254699707	-1	1256
17.847203254699707	-1	1256
17.850629091262817	-1	910
17.85193634033203	-1	1256
17.85193634033203	-1	1256
17.863407850265503	-1	611
17.86816382408142	-1	1256
17.86816382408142	-1	1256
17.88552165031433	-1	1256
17.88552165031433	-1	1256
17.88553738594055	-1	910
17.89408802986145	-1	910
17.9034423828125	-1	910
17.90359354019165	-1	611
17.91169023513794	-1	910
17.917109727859497	-1	611
17.92304229736328	-1	1256
17.92304229736328	-1	1256
17.924999475479126	-1	1256
17.924999475479126	-1	1256
17.94144558906555	-1	1256
17.94144558906555	-1	1256
17.942933320999146	-1	1256
17.942933320999146	-1	1256
17.947067975997925	-1	1170
17.947067975997925	-1	1170
18.00104022026062	-1	611
18.001879930496216	-1	611
18.01477360725403	-1	611
18.13304877281189	-1	611
18.40458583831787	-1	611
18.712937593460083	-1	1154
18.712937593460083	-1	1154
18.713223934173584	-1	611
18.72283101081848	-1	611
18.779727458953857	-1	1256
18.779727458953857	-1	1256
18.820940732955933	-1	611
18.859338521957397	-1	1256
18.859338521957397	-1	1256
18.86045002937317	-1	611
18.875782012939453	-1	611
19.327962398529053	-1	611
19.328248262405396	-1	611
19.378849744796753	-1	611
19.37912154197693	-1	611
19.44928526878357	-1	1256
19.44928526878357	-1	1256
19.56898546218872	-1	1256
19.56898546218872	-1	1256
19.570488214492798	-1	1125
19.570488214492798	-1	1125
19.58341383934021	-1	1516
19.58341383934021	-1	1516
19.626744508743286	-1	611
19.64143705368042	-1	889
19.64408588409424	-1	611
19.6483895778656	-1	1516
19.6483895778656	-1	1516
19.651855945587158	-1	1219
19.651855945587158	-1	1219
19.668776273727417	-1	611
19.81874990463257	-1	611
20.115760326385498	-1	611
21.06342101097107	-1	611
21.722885847091675	-1	611
21.734676361083984	-1	611
21.734691381454468	-1	1256
21.734691381454468	-1	1256
21.73470115661621	-1	1256
21.73470115661621	-1	1256
21.73470401763916	-1	1256
21.73470401763916	-1	1256
21.734708070755005	-1	1256
21.734708070755005	-1	1256
21.734740257263184	-1	1256
21.734740257263184	-1	1256
21.737196445465088	-1	556
21.737201690673828	-1	946
21.73720359802246	-1	1256
21.73720359802246	-1	1256
21.7443630695343	-1	611
21.74448323249817	-1	1516
21.74448323249817	-1	1516
21.749269485473633	-1	1256
21.749269485473633	-1	1256
21.759487867355347	-1	910
21.776514768600464	-1	1342
21.776514768600464	-1	1342
21.8067843914032	-1	1154
21.8067843914032	-1	1154
21.806809902191162	-1	1516
21.806809902191162	-1	1516
21.806820154190063	-1	1219
21.806820154190063	-1	1219
21.818835496902466	-1	1516
21.818835496902466	-1	1516
21.827600479125977	-1	1516
21.827600479125977	-1	1516
21.835070610046387	-1	1516
21.835070610046387	-1	1516
22.386265516281128	-1	611
22.386655569076538	-1	611
22.492839336395264	-1	1256
22.492839336395264	-1	1256
22.52153491973877	-1	1256
22.52153491973877	-1	1256
22.52155303955078	-1	1256
22.52155303955078	-1	1256
22.52327013015747	-1	611
22.53673553466797	-1	1256
22.53673553466797	-1	1256
22.538164615631104	-1	1256
22.538164615631104	-1	1256
22.538593769073486	-1	1125
22.538593769073486	-1	1125
22.5563383102417	-1	611
22.56737494468689	-1	1516
22.56737494468689	-1	1516
22.585325002670288	-1	828
22.70674967765808	-1	611
22.75429677963257	-1	1256
22.75429677963257	-1	1256
22.777650594711304	-1	910
22.777894735336304	-1	611
22.778396129608154	-1	946
22.7990939617157	-1	1256
22.7990939617157	-1	1256
22.799094915390015	-1	910
22.79910397529602	-1	1256
22.79910397529602	-1	1256
22.842820167541504	-1	611
22.854169845581055	-1	1256
22.854169845581055	-1	1256
22.867348432540894	-1	1256
22.867348432540894	-1	1256
22.91977334022522	-1	611
22.93109369277954	-1	1516
22.93109369277954	-1	1516
22.946296215057373	-1	686
22.946319341659546	-1	1231
22.946319341659546	-1	1231
23.01328444480896	-1	1256
23.01328444480896	-1	1256
23.013314485549927	-1	910
23.01373791694641	-1	1256
23.01373791694641	-1	1256
23.0137460231781	-1	910
23.037575244903564	-1	1256
23.037575244903564	-1	1256
23.037587881088257	-1	512
23.037590980529785	-1	1256
23.037590980529785	-1	1256
23.0375919342041	-1	910
23.037594318389893	-1	1256
23.037594318389893	-1	1256
23.037595748901367	-1	928
23.054962396621704	-1	910
23.055774450302124	-1	1256
23.055774450302124	-1	1256
23.07468056678772	-1	1256
23.07468056678772	-1	1256
23.074691772460938	-1	910
23.074697256088257	-1	1256
23.074697256088257	-1	1256
23.184980630874634	-1	611
23.193392753601074	-1	1256
23.193392753601074	-1	1256
23.193411827087402	-1	1256
23.193411827087402	-1	1256
23.193435430526733	-1	1256
23.193435430526733	-1	1256
23.193438053131104	-1	1256
23.193438053131104	-1	1256
23.197359323501587	-1	1516
23.197359323501587	-1	1516
23.197377681732178	-1	705
23.202622652053833	-1	1256
23.202622652053833	-1	1256
23.2026469707489	-1	1256
23.2026469707489	-1	1256
23.202651500701904	-1	1256
23.202651500701904	-1	1256
23.202653408050537	-1	1256
23.202653408050537	-1	1256
23.20265483856201	-1	1256
23.20265483856201	-1	1256
23.202656984329224	-1	1256
23.202656984329224	-1	1256
23.20265817642212	-1	1256
23.20265817642212	-1	1256
23.230133056640625	-1	611
23.246057748794556	-1	611
23.2554988861084	-1	611
23.29982876777649	-1	611
23.31114912033081	-1	611
23.374674558639526	-1	1256
23.374674558639526	-1	1256
23.3747079372406	-1	910
23.374844789505005	-1	611
23.3983211517334	-1	1256
23.3983211517334	-1	1256
23.398353576660156	-1	910
23.39835810661316	-1	1256
23.39835810661316	-1	1256
23.398359537124634	-1	910
23.398361206054688	-1	1256
23.398361206054688	-1	1256
23.398362159729004	-1	910
23.402028799057007	-1	611
23.415474891662598	-1	611
23.415746927261353	-1	1256
23.415746927261353	-1	1256
23.443124055862427	-1	611
23.455273628234863	-1	611
23.467811584472656	-1	611
23.484394550323486	-1	928
23.48439931869507	-1	1256
23.48439931869507	-1	1256
23.484400987625122	-1	910
23.48440384864807	-1	1256
23.48440384864807	-1	1256
23.484405279159546	-1	910
23.50532341003418	-1	1256
23.50532341003418	-1	1256
23.505335807800293	-1	910
23.506556749343872	-1	1256
23.506556749343872	-1	1256
23.506564378738403	-1	982
23.506576538085938	-1	1256
23.506576538085938	-1	1256
23.506577968597412	-1	910
23.506580352783203	-1	1256
23.506580352783203	-1	1256
23.5065815448761	-1	910
23.526087284088135	-1	1256
23.526087284088135	-1	1256
23.526121377944946	-1	910
23.526683568954468	-1	1256
23.526683568954468	-1	1256
23.52670693397522	-1	910
23.526714086532593	-1	1256
23.526714086532593	-1	1256
23.52721643447876	-1	910
23.527225017547607	-1	1256
23.527225017547607	-1	1256
23.527239084243774	-1	910
23.544064044952393	-1	1256
23.544064044952393	-1	1256
23.544092893600464	-1	910
23.544099807739258	-1	1256
23.544099807739258	-1	1256
23.54423427581787	-1	611
23.544398069381714	-1	1256
23.544398069381714	-1	1256
23.54559636116028	-1	1256
23.54559636116028	-1	1256
23.54560661315918	-1	910
23.54562544822693	-1	1256
23.54562544822693	-1	1256
23.546090602874756	-1	910
23.566261053085327	-1	1138
23.566261053085327	-1	1138
23.566280841827393	-1	1256
23.566280841827393	-1	1256
23.56628441810608	-1	910
23.567606687545776	-1	1256
23.567606687545776	-1	1256
23.567671060562134	-1	910
23.567790508270264	-1	1256
23.567790508270264	-1	1256
23.567872285842896	-1	1146
23.567872285842896	-1	1146
23.58234453201294	-1	1256
23.58234453201294	-1	1256
23.58236336708069	-1	910
23.58275580406189	-1	1256
23.58275580406189	-1	1256
23.582763671875	-1	910
23.584405183792114	-1	1256
23.584405183792114	-1	1256
23.58441972732544	-1	964
23.584444999694824	-1	1256
23.584444999694824	-1	1256
23.584546327590942	-1	611
23.58460569381714	-1	910
23.61703324317932	-1	611
23.62799835205078	-1	1256
23.62799835205078	-1	1256
23.628005981445312	-1	910
23.62801170349121	-1	1256
23.62801170349121	-1	1256
23.628013849258423	-1	910
23.62801718711853	-1	1256
23.62801718711853	-1	1256
23.628018856048584	-1	910
23.62802219390869	-1	1256
23.62802219390869	-1	1256
23.628023862838745	-1	910
23.628027200698853	-1	1256
23.628027200698853	-1	1256
23.628028631210327	-1	604
23.628031253814697	-1	1256
23.628031253814697	-1	1256
23.62803292274475	-1	910
23.62822151184082	-1	611
23.639139652252197	-1	1256
23.639139652252197	-1	1256
23.639153242111206	-1	910
23.647223949432373	-1	1256
23.647223949432373	-1	1256
23.647240161895752	-1	910
23.647258043289185	-1	1256
23.647258043289185	-1	1256
23.647260904312134	-1	1256
23.647260904312134	-1	1256
23.647262811660767	-1	792
23.66524648666382	-1	902
23.6652991771698	-1	1256
23.6652991771698	-1	1256
23.74187207221985	-1	611
23.777193069458008	-1	1154
23.777193069458008	-1	1154
23.84332537651062	-1	1516
23.84332537651062	-1	1516
23.85527229309082	-1	1516
23.85527229309082	-1	1516
23.85529065132141	-1	705
24.633015155792236	-1	611
25.259289264678955	-1	611
25.283940076828003	-1	611
25.342943906784058	-1	1256
25.342943906784058	-1	1256
25.35036015510559	-1	1235
25.35036015510559	-1	1235
25.379897832870483	-1	1154
25.379897832870483	-1	1154
25.863397121429443	-1	611
25.934278964996338	-1	1125
25.934278964996338	-1	1125
26.085182428359985	-1	1256
26.085182428359985	-1	1256
26.08521604537964	-1	1256
26.08521604537964	-1	1256
26.085219621658325	-1	535
26.086701154708862	-1	1125
26.086701154708862	-1	1125
26.091442108154297	-1	1125
26.091442108154297	-1	1125
26.098146438598633	-1	1516
26.098146438598633	-1	1516
26.401658296585083	-1	611
27.014770984649658	-1	611
27.014800786972046	-1	1256
27.014800786972046	-1	1256
27.014814376831055	-1	928
27.01481604576111	-1	1256
27.01481604576111	-1	1256
27.014819145202637	-1	1146
27.014819145202637	-1	1146
27.014822721481323	-1	1256
27.014822721481323	-1	1256
27.01482582092285	-1	928
27.014852285385132	-1	1256
27.014852285385132	-1	1256
27.016188621520996	-1	1146
27.016188621520996	-1	1146
27.016194343566895	-1	1256
27.016194343566895	-1	1256
27.01744031906128	-1	611
27.02698826789856	-1	1516
27.02698826789856	-1	1516
27.029555797576904	-1	1516
27.029555797576904	-1	1516
27.034541368484497	-1	1139
27.034541368484497	-1	1139
27.05653691291809	-1	1125
27.05653691291809	-1	1125
27.070092916488647	-1	1125
27.070092916488647	-1	1125
27.083190202713013	-1	1125
27.083190202713013	-1	1125
27.633549213409424	-1	1256
27.633549213409424	-1	1256
27.633568048477173	-1	1256
27.633568048477173	-1	1256
27.63357639312744	-1	928
27.63357925415039	-1	1256
27.63357925415039	-1	1256
27.633580684661865	-1	1128
27.633580684661865	-1	1128
27.63370680809021	-1	611
27.646560668945312	-1	1516
27.646560668945312	-1	1516
27.701880931854248	-1	611
27.825899839401245	-1	1516
27.825899839401245	-1	1516
27.84864091873169	-1	1256
27.84864091873169	-1	1256
27.849061965942383	-1	611
27.859681606292725	-1	1516
27.859681606292725	-1	1516
27.85969853401184	-1	705
27.870667934417725	-1	1128
27.870667934417725	-1	1128
27.870763063430786	-1	611
27.879419803619385	-1	1516
27.879419803619385	-1	1516
27.884150743484497	-1	1219
27.884150743484497	-1	1219
27.88601303100586	-1	1256
27.88601303100586	-1	1256
27.88603663444519	-1	1256
27.88603663444519	-1	1256
27.89945387840271	-1	1516
27.89945387840271	-1	1516
28.800352096557617	-1	1096
28.800352096557617	-1	1096
28.807711362838745	-1	1154
28.807711362838745	-1	1154
28.815317630767822	-1	1516
28.815317630767822	-1	1516
28.82650327682495	-1	611
28.82651996612549	-1	1256
28.82651996612549	-1	1256
28.827462911605835	-1	1256
28.827462911605835	-1	1256
28.82746386528015	-1	910
28.827489852905273	-1	611
28.842882871627808	-1	766
28.842906951904297	-1	1256
28.842906951904297	-1	1256
28.845524311065674	-1	611
28.85575556755066	-1	1516
28.85575556755066	-1	1516
28.855764389038086	-1	1219
28.855764389038086	-1	1219
28.86496376991272	-1	1256
28.86496376991272	-1	1256
28.865778923034668	-1	611
28.904759407043457	-1	721
29.164915561676025	-1	1256
29.164915561676025	-1	1256
29.16495704650879	-1	1256
29.16495704650879	-1	1256
29.165282726287842	-1	611
29.226061820983887	-1	1256
29.226061820983887	-1	1256
29.226081609725952	-1	928
29.226428985595703	-1	1256
29.226428985595703	-1	1256
29.227044820785522	-1	611
29.241997003555298	-1	1125
29.241997003555298	-1	1125
29.24433660507202	-1	1256
29.24433660507202	-1	1256
29.251664638519287	-1	611
29.267371892929077	-1	1256
29.267371892929077	-1	1256
29.267502784729004	-1	611
29.362682342529297	-1	1256
29.362682342529297	-1	1256
29.362685441970825	-1	1256
29.362685441970825	-1	1256
29.362790822982788	-1	611
29.381338596343994	-1	1256
29.381338596343994	-1	1256
29.398369789123535	-1	1256
29.398369789123535	-1	1256
29.398385286331177	-1	1146
29.398385286331177	-1	1146
29.41600728034973	-1	1256
29.41600728034973	-1	1256
29.416439533233643	-1	611
29.435099124908447	-1	1256
29.435099124908447	-1	1256
29.439346313476562	-1	1125
29.439346313476562	-1	1125
29.783703804016113	-1	1256
29.783703804016113	-1	1256
29.783720016479492	-1	1256
29.783720016479492	-1	1256
29.783721208572388	-1	910
29.783930778503418	-1	611
29.802295923233032	-1	1256
29.802295923233032	-1	1256
29.802298307418823	-1	1256
29.802298307418823	-1	1256
29.802846431732178	-1	611
29.81470537185669	-1	1516
29.81470537185669	-1	1516
29.8222758769989	-1	750
29.960103750228882	-1	1154
29.960103750228882	-1	1154
29.960532426834106	-1	611
30.034220933914185	-1	1256
30.034220933914185	-1	1256
30.124675512313843	-1	1256
30.124675512313843	-1	1256
30.126463890075684	-1	611
30.13531804084778	-1	611
30.135467052459717	-1	1256
30.135467052459717	-1	1256
30.1593599319458	-1	1516
30.1593599319458	-1	1516
30.206746578216553	-1	1256
30.206746578216553	-1	1256
30.35103487968445	-1	611
30.363194704055786	-1	1516
30.363194704055786	-1	1516
30.383156776428223	-1	1516
30.383156776428223	-1	1516
30.386530876159668	-1	1516
30.386530876159668	-1	1516
30.394386529922485	-1	1516
30.394386529922485	-1	1516
30.40027642250061	-1	1516
30.40027642250061	-1	1516
30.412475109100342	-1	791
30.471648454666138	-1	1256
30.471648454666138	-1	1256
30.471680641174316	-1	1256
30.471680641174316	-1	1256
30.533647060394287	-1	611
30.54406714439392	-1	750
30.558645725250244	-1	1125
30.558645725250244	-1	1125
30.56658935546875	-1	1125
30.56658935546875	-1	1125
30.57484722137451	-1	611
31.00089716911316	-1	1256
31.00089716911316	-1	1256
31.000934839248657	-1	1256
31.000934839248657	-1	1256
31.00093960762024	-1	1256
31.00093960762024	-1	1256
31.001745462417603	-1	611
31.025720596313477	-1	1256
31.025720596313477	-1	1256
31.025726318359375	-1	1256
31.025726318359375	-1	1256
31.025733709335327	-1	1256
31.025733709335327	-1	1256
31.025748014450073	-1	1125
31.025748014450073	-1	1125
31.036641597747803	-1	611
31.036651134490967	-1	1256
31.036651134490967	-1	1256
31.03665781021118	-1	1256
31.03665781021118	-1	1256
31.037577390670776	-1	1256
31.037577390670776	-1	1256
31.04276728630066	-1	611
31.04788589477539	-1	1256
31.04788589477539	-1	1256
31.071864366531372	-1	1256
31.071864366531372	-1	1256
31.072657823562622	-1	1256
31.072657823562622	-1	1256
31.09954810142517	-1	1256
31.09954810142517	-1	1256
31.152528762817383	-1	1256
31.152528762817383	-1	1256
31.152565956115723	-1	1256
31.152565956115723	-1	1256
31.152567625045776	-1	910
31.15257430076599	-1	910
31.15277886390686	-1	611
31.152817249298096	-1	1256
31.152817249298096	-1	1256
31.165873527526855	-1	611
31.1787850856781	-1	1256
31.1787850856781	-1	1256
31.195756435394287	-1	1256
31.195756435394287	-1	1256
31.21540927886963	-1	1256
31.21540927886963	-1	1256
31.21989941596985	-1	540
31.23488140106201	-1	910
31.2742178440094	-1	910
31.274226427078247	-1	1256
31.274226427078247	-1	1256
31.27435064315796	-1	611
31.274892330169678	-1	910
31.292583227157593	-1	1256
31.292583227157593	-1	1256
31.31094217300415	-1	1256
31.31094217300415	-1	1256
31.318350315093994	-1	1256
31.318350315093994	-1	1256
31.335124015808105	-1	1256
31.335124015808105	-1	1256
31.348737001419067	-1	1256
31.348737001419067	-1	1256
31.34895944595337	-1	611
31.36817240715027	-1	1256
31.36817240715027	-1	1256
31.36835765838623	-1	611
31.372066020965576	-1	1256
31.372066020965576	-1	1256
31.372081518173218	-1	910
31.388110637664795	-1	1256
31.388110637664795	-1	1256
31.423624515533447	-1	611
31.447664976119995	-1	1256
31.447664976119995	-1	1256
31.44790768623352	-1	1256
31.44790768623352	-1	1256
31.45067024230957	-1	1256
31.45067024230957	-1	1256
31.467244386672974	-1	1256
31.467244386672974	-1	1256
31.467482566833496	-1	611
31.487457513809204	-1	1256
31.487457513809204	-1	1256
31.49334454536438	-1	1256
31.49334454536438	-1	1256
31.53740882873535	-1	1256
31.53740882873535	-1	1256
31.537434339523315	-1	1054
31.537434339523315	-1	1054
31.55701971054077	-1	1256
31.55701971054077	-1	1256
31.575247049331665	-1	1256
31.575247049331665	-1	1256
31.576618909835815	-1	1256
31.576618909835815	-1	1256
31.593896627426147	-1	1256
31.593896627426147	-1	1256
31.620532989501953	-1	1256
31.620532989501953	-1	1256
31.620917081832886	-1	611
31.63085150718689	-1	1256
31.63085150718689	-1	1256
31.6313374042511	-1	611
31.634625911712646	-1	1256
31.634625911712646	-1	1256
31.63841700553894	-1	910
31.653428077697754	-1	910
31.673457622528076	-1	1256
31.673457622528076	-1	1256
31.674068927764893	-1	611
33.15113306045532	-1	910
33.15165305137634	-1	910
33.152135372161865	-1	910
33.15311145782471	-1	910
33.1531286239624	-1	910
33.153549671173096	-1	611
33.156341791152954	-1	1256
33.156341791152954	-1	1256
33.161799907684326	-1	1256
33.161799907684326	-1	1256
33.16290020942688	-1	1256
33.16290020942688	-1	1256
33.16343569755554	-1	1256
33.16343569755554	-1	1256
33.16400194168091	-1	1256
33.16400194168091	-1	1256
33.164536476135254	-1	1256
33.164536476135254	-1	1256
33.16507935523987	-1	1256
33.16507935523987	-1	1256
33.16553616523743	-1	611
33.19879674911499	-1	540
33.19882154464722	-1	611
33.20313048362732	-1	1256
33.20313048362732	-1	1256
33.20314884185791	-1	910
33.204190254211426	-1	611
33.22877359390259	-1	1256
33.22877359390259	-1	1256
33.245887994766235	-1	1256
33.245887994766235	-1	1256
33.26748776435852	-1	910
33.28516697883606	-1	910
33.28870940208435	-1	1256
33.28870940208435	-1	1256
33.28871703147888	-1	548
33.306262493133545	-1	928
33.323514461517334	-1	1256
33.323514461517334	-1	1256
33.323660135269165	-1	611
33.340850830078125	-1	1256
33.340850830078125	-1	1256
33.34096813201904	-1	611
33.34900617599487	-1	1256
33.34900617599487	-1	1256
33.350752115249634	-1	611
33.36238193511963	-1	910
33.424073934555054	-1	896
33.42442202568054	-1	611
33.425278425216675	-1	1256
33.425278425216675	-1	1256
33.42529630661011	-1	1256
33.42529630661011	-1	1256
33.42530012130737	-1	1256
33.42530012130737	-1	1256
33.43567085266113	-1	1125
33.43567085266113	-1	1125
33.44253921508789	-1	1256
33.44253921508789	-1	1256
33.44254398345947	-1	632
33.442546367645264	-1	1256
33.442546367645264	-1	1256
33.46411752700806	-1	1256
33.46411752700806	-1	1256
33.478554487228394	-1	611
33.48377084732056	-1	1256
33.48377084732056	-1	1256
33.49003553390503	-1	611
33.50065803527832	-1	611
33.531282901763916	-1	611
33.5429151058197	-1	1516
33.5429151058197	-1	1516
33.54977631568909	-1	1342
33.54977631568909	-1	1342
33.81951832771301	-1	1516
33.81951832771301	-1	1516
33.829662799835205	-1	1256
33.829662799835205	-1	1256
33.829691648483276	-1	1256
33.829691648483276	-1	1256
33.82970070838928	-1	1256
33.82970070838928	-1	1256
33.82970952987671	-1	1256
33.82970952987671	-1	1256
33.8332941532135	-1	828
33.83461403846741	-1	1256
33.83461403846741	-1	1256
33.834633111953735	-1	1256
33.834633111953735	-1	1256
33.83493375778198	-1	1256
33.83493375778198	-1	1256
33.84319615364075	-1	611
33.877013206481934	-1	1256
33.877013206481934	-1	1256
33.877026081085205	-1	1256
33.877026081085205	-1	1256
33.87727904319763	-1	611
33.89685010910034	-1	1256
33.89685010910034	-1	1256
33.91874599456787	-1	1256
33.91874599456787	-1	1256
33.919097661972046	-1	1256
33.919097661972046	-1	1256
33.919103384017944	-1	910
33.93463659286499	-1	658
34.38665747642517	-1	1256
34.38665747642517	-1	1256
34.386690855026245	-1	1256
34.386690855026245	-1	1256
34.38669514656067	-1	1256
34.38669514656067	-1	1256
34.38670206069946	-1	1256
34.38670206069946	-1	1256
34.38695049285889	-1	611
34.38738441467285	-1	1256
34.38738441467285	-1	1256
34.40491962432861	-1	1256
34.40491962432861	-1	1256
34.404951333999634	-1	1256
34.404951333999634	-1	1256
34.405086040496826	-1	611
34.422295808792114	-1	1256
34.422295808792114	-1	1256
34.424861669540405	-1	1256
34.424861669540405	-1	1256
34.44567036628723	-1	1256
34.44567036628723	-1	1256
34.46545672416687	-1	1256
34.46545672416687	-1	1256
34.46547746658325	-1	1256
34.46547746658325	-1	1256
34.465620040893555	-1	611
34.483556509017944	-1	1256
34.483556509017944	-1	1256
34.502469539642334	-1	1256
34.502469539642334	-1	1256
34.50484824180603	-1	1256
34.50484824180603	-1	1256
34.52394366264343	-1	1256
34.52394366264343	-1	1256
34.608104944229126	-1	1256
34.608104944229126	-1	1256
34.60811758041382	-1	910
34.60826539993286	-1	611
34.66161823272705	-1	784
34.663055181503296	-1	1256
34.663055181503296	-1	1256
34.663084268569946	-1	910
34.663087606430054	-1	1256
34.663087606430054	-1	1256
34.66309404373169	-1	1256
34.66309404373169	-1	1256
34.66329336166382	-1	611
34.678231954574585	-1	910
34.67823624610901	-1	1256
34.67823624610901	-1	1256
34.67824196815491	-1	910
34.69625663757324	-1	910
34.69638466835022	-1	611
34.69961452484131	-1	910
34.71476721763611	-1	910
34.71937012672424	-1	910
34.73608112335205	-1	910
34.73701024055481	-1	910
34.75365495681763	-1	910
34.754772424697876	-1	1256
34.754772424697876	-1	1256
34.7548463344574	-1	611
34.76765775680542	-1	1516
34.76765775680542	-1	1516
34.77195358276367	-1	1256
34.77195358276367	-1	1256
34.77196645736694	-1	558
34.77422332763672	-1	1256
34.77422332763672	-1	1256
34.77471089363098	-1	1256
34.77471089363098	-1	1256
34.78158092498779	-1	611
34.791749238967896	-1	910
34.792967557907104	-1	910
34.81403565406799	-1	1256
34.81403565406799	-1	1256
34.814072370529175	-1	1256
34.814072370529175	-1	1256
34.814075231552124	-1	946
34.81424832344055	-1	611
34.834720611572266	-1	910
34.836777210235596	-1	611
34.84910869598389	-1	1125
34.84910869598389	-1	1125
35.30962538719177	-1	910
35.3096399307251	-1	1256
35.3096399307251	-1	1256
35.30964159965515	-1	630
35.309654235839844	-1	1256
35.309654235839844	-1	1256
35.30965542793274	-1	910
35.31167650222778	-1	910
35.311712980270386	-1	910
35.311718702316284	-1	910
35.311721324920654	-1	910
35.311726331710815	-1	910
35.311965465545654	-1	611
35.312350034713745	-1	910
35.32173180580139	-1	1256
35.32173180580139	-1	1256
35.3217396736145	-1	1256
35.3217396736145	-1	1256
35.32174491882324	-1	1256
35.32174491882324	-1	1256
35.321746587753296	-1	1256
35.321746587753296	-1	1256
35.32174873352051	-1	1256
35.32174873352051	-1	1256
35.32175421714783	-1	1256
35.32175421714783	-1	1256
35.32179141044617	-1	1256
35.32179141044617	-1	1256
35.32302117347717	-1	1256
35.32302117347717	-1	1256
35.323078870773315	-1	1256
35.323078870773315	-1	1256
35.32314920425415	-1	1516
35.32314920425415	-1	1516
35.42951679229736	-1	1256
35.42951679229736	-1	1256
35.42955207824707	-1	1256
35.42955207824707	-1	1256
35.61428761482239	-1	611
35.62342715263367	-1	1125
35.62342715263367	-1	1125
35.62562799453735	-1	1256
35.62562799453735	-1	1256
35.64036202430725	-1	1256
35.64036202430725	-1	1256
35.64036726951599	-1	1256
35.64036726951599	-1	1256
35.64038419723511	-1	1256
35.64038419723511	-1	1256
35.64038610458374	-1	1256
35.64038610458374	-1	1256
35.64038801193237	-1	1256
35.64038801193237	-1	1256
35.64038920402527	-1	1256
35.64038920402527	-1	1256
35.64039063453674	-1	1256
35.64039063453674	-1	1256
35.64039206504822	-1	1256
35.64039206504822	-1	1256
35.64039325714111	-1	1256
35.64039325714111	-1	1256
35.64039468765259	-1	1256
35.64039468765259	-1	1256
35.64039587974548	-1	1256
35.64039587974548	-1	1256
35.64040446281433	-1	1256
35.64040446281433	-1	1256
35.64055800437927	-1	611
35.64711046218872	-1	1256
35.64711046218872	-1	1256
35.64714574813843	-1	1256
35.64714574813843	-1	1256
35.647231101989746	-1	1256
35.647231101989746	-1	1256
35.64723992347717	-1	1256
35.64723992347717	-1	1256
35.65015983581543	-1	1256
35.65015983581543	-1	1256
35.6501681804657	-1	1256
35.6501681804657	-1	1256
35.650184869766235	-1	1256
35.650184869766235	-1	1256
35.65018892288208	-1	1256
35.65018892288208	-1	1256
35.65019130706787	-1	1256
35.65019130706787	-1	1256
35.650193214416504	-1	1256
35.650193214416504	-1	1256
35.65019488334656	-1	1256
35.65019488334656	-1	1256
35.65019679069519	-1	1256
35.65019679069519	-1	1256
35.6501989364624	-1	1256
35.6501989364624	-1	1256
35.650200605392456	-1	1256
35.650200605392456	-1	1256
35.65020227432251	-1	1256
35.65020227432251	-1	1256
35.65020418167114	-1	1256
35.65020418167114	-1	1256
35.65021514892578	-1	1256
35.65021514892578	-1	1256
35.65159249305725	-1	1125
35.65159249305725	-1	1125
35.65414023399353	-1	1256
35.65414023399353	-1	1256
35.65415906906128	-1	1256
35.65415906906128	-1	1256
35.656901597976685	-1	1256
35.656901597976685	-1	1256
35.656914472579956	-1	1256
35.656914472579956	-1	1256
35.65691685676575	-1	1256
35.65691685676575	-1	1256
35.6569185256958	-1	1256
35.6569185256958	-1	1256
35.656919956207275	-1	1256
35.656919956207275	-1	1256
35.65692663192749	-1	1256
35.65692663192749	-1	1256
35.65956163406372	-1	1256
35.65956163406372	-1	1256
35.65958499908447	-1	1256
35.65958499908447	-1	1256
35.65961050987244	-1	1256
35.65961050987244	-1	1256
35.65961313247681	-1	1256
35.65961313247681	-1	1256
35.65961742401123	-1	1256
35.65961742401123	-1	1256
35.6596200466156	-1	1256
35.6596200466156	-1	1256
35.65962219238281	-1	1256
35.65962219238281	-1	1256
35.65963053703308	-1	1256
35.65963053703308	-1	1256
35.66222834587097	-1	1256
35.66222834587097	-1	1256
35.662240505218506	-1	1256
35.662240505218506	-1	1256
35.66225719451904	-1	1256
35.66225719451904	-1	1256
35.662259340286255	-1	1256
35.662259340286255	-1	1256
35.66226077079773	-1	1256
35.66226077079773	-1	1256
35.66226243972778	-1	1256
35.66226243972778	-1	1256
35.66226363182068	-1	1256
35.66226363182068	-1	1256
35.66226506233215	-1	1256
35.66226506233215	-1	1256
35.66226649284363	-1	1256
35.66226649284363	-1	1256
35.6624596118927	-1	611
35.68102312088013	-1	1256
35.68102312088013	-1	1256
35.68107557296753	-1	1256
35.68107557296753	-1	1256
35.68113422393799	-1	1256
35.68113422393799	-1	1256
35.681154012680054	-1	1256
35.681154012680054	-1	1256
35.68289923667908	-1	1256
35.68289923667908	-1	1256
35.68291759490967	-1	1256
35.68291759490967	-1	1256
35.68291997909546	-1	1256
35.68291997909546	-1	1256
35.68292164802551	-1	1256
35.68292164802551	-1	1256
35.68292307853699	-1	1256
35.68292307853699	-1	1256
35.68292474746704	-1	1256
35.68292474746704	-1	1256
35.68293023109436	-1	1256
35.68293023109436	-1	1256
35.68556308746338	-1	1256
35.68556308746338	-1	1256
35.68558144569397	-1	1256
35.68558144569397	-1	1256
35.68558478355408	-1	1256
35.68558478355408	-1	1256
35.685588121414185	-1	1256
35.685588121414185	-1	1256
35.685593366622925	-1	1256
35.685593366622925	-1	1256
35.68559741973877	-1	1256
35.68559741973877	-1	1256
35.68559980392456	-1	1256
35.68559980392456	-1	1256
35.68560266494751	-1	1256
35.68560266494751	-1	1256
35.68560576438904	-1	1256
35.68560576438904	-1	1256
35.68560981750488	-1	1256
35.68560981750488	-1	1256
35.6856164932251	-1	1256
35.6856164932251	-1	1256
35.68561840057373	-1	1256
35.68561840057373	-1	1256
35.68563771247864	-1	611
35.687016248703	-1	1256
35.687016248703	-1	1256
35.687026023864746	-1	1256
35.687026023864746	-1	1256
35.68703866004944	-1	1256
35.68703866004944	-1	1256
35.68704104423523	-1	1256
35.68704104423523	-1	1256
35.6870436668396	-1	1256
35.6870436668396	-1	1256
35.68704795837402	-1	1256
35.68704795837402	-1	1256
35.72040677070618	-1	1256
35.72040677070618	-1	1256
35.720420122146606	-1	1256
35.720420122146606	-1	1256
35.720438957214355	-1	1256
35.720438957214355	-1	1256
35.72044038772583	-1	1256
35.72044038772583	-1	1256
35.72044229507446	-1	1256
35.72044229507446	-1	1256
35.72044372558594	-1	1256
35.72044372558594	-1	1256
35.72044563293457	-1	1256
35.72044563293457	-1	1256
35.720449686050415	-1	1256
35.720449686050415	-1	1256
35.722158432006836	-1	1256
35.722158432006836	-1	1256
35.72216463088989	-1	1256
35.72216463088989	-1	1256
35.72217392921448	-1	1256
35.72217392921448	-1	1256
35.72217535972595	-1	1256
35.72217535972595	-1	1256
35.722177267074585	-1	1256
35.722177267074585	-1	1256
35.722179889678955	-1	1256
35.722179889678955	-1	1256
35.72532629966736	-1	1256
35.72532629966736	-1	1256
35.72533559799194	-1	1256
35.72533559799194	-1	1256
35.725348234176636	-1	1256
35.725348234176636	-1	1256
35.72534966468811	-1	1256
35.72534966468811	-1	1256
35.725351095199585	-1	1256
35.725351095199585	-1	1256
35.72535228729248	-1	1256
35.72535228729248	-1	1256
35.725353717803955	-1	1256
35.725353717803955	-1	1256
35.72535967826843	-1	1154
35.72535967826843	-1	1154
35.7253634929657	-1	1256
35.7253634929657	-1	1256
35.72536516189575	-1	1256
35.72536516189575	-1	1256
35.725377321243286	-1	1256
35.725377321243286	-1	1256
35.725383281707764	-1	1256
35.725383281707764	-1	1256
35.72538924217224	-1	1256
35.72538924217224	-1	1256
35.72542357444763	-1	1256
35.72542357444763	-1	1256
35.730287075042725	-1	1256
35.730287075042725	-1	1256
35.730417251586914	-1	1256
35.730417251586914	-1	1256
35.73043084144592	-1	1256
35.73043084144592	-1	1256
35.730433225631714	-1	1256
35.730433225631714	-1	1256
35.730435371398926	-1	1256
35.730435371398926	-1	1256
35.73043751716614	-1	1256
35.73043751716614	-1	1256
35.73509407043457	-1	1256
35.73509407043457	-1	1256
35.73509764671326	-1	1256
35.73509764671326	-1	1256
35.74681043624878	-1	1256
35.74681043624878	-1	1256
35.7468421459198	-1	1256
35.7468421459198	-1	1256
35.74684548377991	-1	1256
35.74684548377991	-1	1256
35.746854305267334	-1	1125
35.746854305267334	-1	1125
35.74686050415039	-1	1256
35.74686050415039	-1	1256
35.74686312675476	-1	1256
35.74686312675476	-1	1256
35.74686551094055	-1	1256
35.74686551094055	-1	1256
35.7468683719635	-1	1256
35.7468683719635	-1	1256
35.74687051773071	-1	1256
35.74687051773071	-1	1256
35.746872663497925	-1	1256
35.746872663497925	-1	1256
35.746875047683716	-1	1256
35.746875047683716	-1	1256
35.74687838554382	-1	1256
35.74687838554382	-1	1256
35.746880769729614	-1	1256
35.746880769729614	-1	1256
35.746883153915405	-1	1256
35.746883153915405	-1	1256
35.746885538101196	-1	1256
35.746885538101196	-1	1256
35.74689722061157	-1	1256
35.74689722061157	-1	1256
35.74732542037964	-1	1256
35.74732542037964	-1	1256
35.749839782714844	-1	1256
35.749839782714844	-1	1256
35.74992775917053	-1	1256
35.74992775917053	-1	1256
35.749932527542114	-1	1256
35.749932527542114	-1	1256
35.760095834732056	-1	1154
35.760095834732056	-1	1154
35.76010608673096	-1	1256
35.76010608673096	-1	1256
35.76010823249817	-1	1256
35.76010823249817	-1	1256
35.76011657714844	-1	1256
35.76011657714844	-1	1256
35.76278066635132	-1	1256
35.76278066635132	-1	1256
35.762795209884644	-1	1256
35.762795209884644	-1	1256
35.76281428337097	-1	1256
35.76281428337097	-1	1256
35.76281976699829	-1	1256
35.76281976699829	-1	1256
35.76282238960266	-1	1256
35.76282238960266	-1	1256
35.762829303741455	-1	1256
35.762829303741455	-1	1256
35.76283144950867	-1	1256
35.76283144950867	-1	1256
35.76283383369446	-1	1256
35.76283383369446	-1	1256
35.762842655181885	-1	1256
35.762842655181885	-1	1256
35.79200005531311	-1	1256
35.79200005531311	-1	1256
35.79201531410217	-1	1256
35.79201531410217	-1	1256
35.79203820228577	-1	1256
35.79203820228577	-1	1256
35.79204273223877	-1	1256
35.79204273223877	-1	1256
35.79204535484314	-1	1256
35.79204535484314	-1	1256
35.79204869270325	-1	1256
35.79204869270325	-1	1256
35.792051792144775	-1	1256
35.792051792144775	-1	1256
35.79205513000488	-1	1256
35.79205513000488	-1	1256
35.79205894470215	-1	1256
35.79205894470215	-1	1256
35.792062282562256	-1	1256
35.792062282562256	-1	1256
35.79206728935242	-1	1256
35.79206728935242	-1	1256
35.79206967353821	-1	1256
35.79206967353821	-1	1256
35.792080879211426	-1	1256
35.792080879211426	-1	1256
35.799346685409546	-1	1256
35.799346685409546	-1	1256
35.7993586063385	-1	1256
35.7993586063385	-1	1256
35.79937696456909	-1	1256
35.79937696456909	-1	1256
35.79938554763794	-1	1154
35.79938554763794	-1	1154
35.79938864707947	-1	1256
35.79938864707947	-1	1256
35.79939007759094	-1	1256
35.79939007759094	-1	1256
35.79939103126526	-1	1256
35.79939103126526	-1	1256
35.799392223358154	-1	1256
35.799392223358154	-1	1256
35.79939365386963	-1	1256
35.79939365386963	-1	1256
35.799400329589844	-1	1256
35.799400329589844	-1	1256
35.80421447753906	-1	1256
35.80421447753906	-1	1256
35.8042254447937	-1	1256
35.8042254447937	-1	1256
35.80423641204834	-1	1256
35.80423641204834	-1	1256
35.804238080978394	-1	1256
35.804238080978394	-1	1256
35.80423927307129	-1	1256
35.80423927307129	-1	1256
35.804240703582764	-1	1256
35.804240703582764	-1	1256
35.80424237251282	-1	1256
35.80424237251282	-1	1256
35.80424356460571	-1	1256
35.80424356460571	-1	1256
35.80424451828003	-1	887
35.81575679779053	-1	1516
35.81575679779053	-1	1516
36.84396266937256	-1	1256
36.84396266937256	-1	1256
36.93166995048523	-1	611
37.76060914993286	-1	1256
37.76060914993286	-1	1256
37.76065254211426	-1	928
37.76065468788147	-1	1256
37.76065468788147	-1	1256
37.76066184043884	-1	1256
37.76066184043884	-1	1256
37.76066589355469	-1	1146
37.76066589355469	-1	1146
37.76070952415466	-1	910
37.76266527175903	-1	910
37.762670040130615	-1	910
37.7626748085022	-1	1256
37.7626748085022	-1	1256
37.762794733047485	-1	611
37.763715982437134	-1	910
37.76374864578247	-1	982
37.77211141586304	-1	1256
37.77211141586304	-1	1256
37.77211809158325	-1	1256
37.77211809158325	-1	1256
37.77212429046631	-1	1256
37.77212429046631	-1	1256
37.77213001251221	-1	915
37.775633811950684	-1	1125
37.775633811950684	-1	1125
37.79827570915222	-1	910
37.79828715324402	-1	946
37.798295736312866	-1	910
37.816590785980225	-1	1256
37.816590785980225	-1	1256
37.831538915634155	-1	1516
37.831538915634155	-1	1516
37.838842153549194	-1	1256
37.838842153549194	-1	1256
37.83978271484375	-1	1256
37.83978271484375	-1	1256
37.84616184234619	-1	686
37.8463020324707	-1	1125
37.8463020324707	-1	1125
37.862767457962036	-1	1256
37.862767457962036	-1	1256
37.92344307899475	-1	1256
37.92344307899475	-1	1256
37.92406916618347	-1	1256
37.92406916618347	-1	1256
37.92588448524475	-1	1256
37.92588448524475	-1	1256
37.925907373428345	-1	1256
37.925907373428345	-1	1256
37.9477105140686	-1	1256
37.9477105140686	-1	1256
37.947747230529785	-1	910
37.94786047935486	-1	611
37.96668982505798	-1	1256
37.96668982505798	-1	1256
37.98813772201538	-1	1256
37.98813772201538	-1	1256
38.007949113845825	-1	1256
38.007949113845825	-1	1256
38.00870060920715	-1	1256
38.00870060920715	-1	1256
38.02953481674194	-1	1256
38.02953481674194	-1	1256
38.029730558395386	-1	1256
38.029730558395386	-1	1256
38.03041744232178	-1	1125
38.03041744232178	-1	1125
38.04922699928284	-1	1256
38.04922699928284	-1	1256
38.049628257751465	-1	1256
38.049628257751465	-1	1256
38.072733879089355	-1	1256
38.072733879089355	-1	1256
38.07274127006531	-1	1256
38.07274127006531	-1	1256
38.09297442436218	-1	1256
38.09297442436218	-1	1256
38.09298276901245	-1	1256
38.09298276901245	-1	1256
38.093151807785034	-1	611
38.115784645080566	-1	1256
38.115784645080566	-1	1256
38.11586022377014	-1	1256
38.11586022377014	-1	1256
38.11587858200073	-1	1256
38.11587858200073	-1	1256
38.13451671600342	-1	1256
38.13451671600342	-1	1256
38.1351854801178	-1	1256
38.1351854801178	-1	1256
38.157108306884766	-1	1256
38.157108306884766	-1	1256
38.15759229660034	-1	1256
38.15759229660034	-1	1256
38.16740036010742	-1	910
38.16750526428223	-1	1125
38.16750526428223	-1	1125
38.21497392654419	-1	910
38.235039949417114	-1	910
38.23569083213806	-1	910
38.255022287368774	-1	910
38.27148199081421	-1	1256
38.27148199081421	-1	1256
38.27618741989136	-1	1256
38.27618741989136	-1	1256
38.289856910705566	-1	910
38.29000926017761	-1	611
38.29545593261719	-1	1256
38.29545593261719	-1	1256
38.30923938751221	-1	1256
38.30923938751221	-1	1256
38.315014362335205	-1	1256
38.315014362335205	-1	1256
38.32729721069336	-1	1256
38.32729721069336	-1	1256
38.375906229019165	-1	721
38.424031257629395	-1	611
38.4244589805603	-1	611
38.4508855342865	-1	1256
38.4508855342865	-1	1256
38.450905561447144	-1	928
38.450908184051514	-1	1256
38.450908184051514	-1	1256
38.4752676486969	-1	1256
38.4752676486969	-1	1256
38.475290298461914	-1	1256
38.475290298461914	-1	1256
38.47550916671753	-1	1125
38.47550916671753	-1	1125
38.49417757987976	-1	611
38.49893236160278	-1	1256
38.49893236160278	-1	1256
38.49894428253174	-1	1256
38.49894428253174	-1	1256
38.988280296325684	-1	1256
38.988280296325684	-1	1256
38.98828387260437	-1	1256
38.98828387260437	-1	1256
38.98830008506775	-1	946
38.98831367492676	-1	910
38.9902880191803	-1	984
38.99030327796936	-1	1256
38.99030327796936	-1	1256
38.99030876159668	-1	1256
38.99030876159668	-1	1256
38.990309953689575	-1	928
38.990312576293945	-1	1256
38.990312576293945	-1	1256
38.9903199672699	-1	1256
38.9903199672699	-1	1256
38.99032759666443	-1	1256
38.99032759666443	-1	1256
38.99042201042175	-1	611
38.99477434158325	-1	964
38.99481749534607	-1	910
38.99481964111328	-1	1256
38.99481964111328	-1	1256
38.994826316833496	-1	1146
38.994826316833496	-1	1146
39.003262996673584	-1	1516
39.003262996673584	-1	1516
39.296950578689575	-1	928
39.2969605922699	-1	1256
39.2969605922699	-1	1256
39.296963691711426	-1	910
39.29698133468628	-1	946
39.296988010406494	-1	1256
39.296988010406494	-1	1256
39.29711031913757	-1	1125
39.29711031913757	-1	1125
39.29830598831177	-1	1256
39.29830598831177	-1	1256
39.29831671714783	-1	1256
39.29831671714783	-1	1256
39.298322677612305	-1	1256
39.298322677612305	-1	1256
39.31420373916626	-1	611
39.32006907463074	-1	1026
39.32006907463074	-1	1026
39.32019019126892	-1	611
39.4386305809021	-1	1256
39.4386305809021	-1	1256
39.43865418434143	-1	928
39.502156496047974	-1	1256
39.502156496047974	-1	1256
39.502196311950684	-1	1256
39.502196311950684	-1	1256
39.50220227241516	-1	621
39.52071666717529	-1	1256
39.52071666717529	-1	1256
39.520740032196045	-1	928
39.636929512023926	-1	1256
39.636929512023926	-1	1256
40.939841747283936	-1	1256
40.939841747283936	-1	1256
40.9405415058136	-1	1256
40.9405415058136	-1	1256
40.94054198265076	-1	910
40.940685749053955	-1	1125
40.940685749053955	-1	1125
40.981929779052734	-1	910
41.001808404922485	-1	1256
41.001808404922485	-1	1256
41.03482222557068	-1	922
42.48937106132507	-1	611
43.36090636253357	-1	1256
43.36090636253357	-1	1256
43.361188888549805	-1	928
43.361196517944336	-1	1256
43.361196517944336	-1	1256
43.361207008361816	-1	540
43.36120820045471	-1	1256
43.36120820045471	-1	1256
43.361212730407715	-1	1256
43.361212730407715	-1	1256
43.42866277694702	-1	1256
43.42866277694702	-1	1256
43.428781509399414	-1	611
43.42892599105835	-1	1256
43.42892599105835	-1	1256
43.44451904296875	-1	1256
43.44451904296875	-1	1256
43.4445321559906	-1	678
43.444533824920654	-1	1256
43.444533824920654	-1	1256
43.82282733917236	-1	1516
43.82282733917236	-1	1516
43.95158576965332	-1	611
45.13210988044739	-1	611
46.490920543670654	-1	611
47.28504395484924	-1	1256
47.28504395484924	-1	1256
47.28505992889404	-1	928
47.285061836242676	-1	1256
47.285061836242676	-1	1256
47.285067319869995	-1	1256
47.285067319869995	-1	1256
47.28507161140442	-1	1256
47.28507161140442	-1	1256
47.285076379776	-1	556
47.2852737903595	-1	1125
47.2852737903595	-1	1125
47.28582215309143	-1	910
47.904449462890625	-1	1256
47.904449462890625	-1	1256
47.90449786186218	-1	1256
47.90449786186218	-1	1256
47.904502630233765	-1	558
47.90450477600098	-1	1256
47.90450477600098	-1	1256
47.9045090675354	-1	928
47.90451121330261	-1	1256
47.90451121330261	-1	1256
49.146705627441406	-1	566
49.146838665008545	-1	611
52.83598494529724	-1	1516
52.83598494529724	-1	1516
54.46249437332153	-1	611
54.964030265808105	-1	611
54.96427917480469	-1	611
55.82933020591736	-1	1125
55.82933020591736	-1	1125
55.888941049575806	-1	611
55.88937044143677	-1	611
57.83710312843323	-1	611
58.1548969745636	-1	611
58.15786170959473	-1	611
58.3198401927948	-1	611
58.320284605026245	-1	611
58.485310316085815	-1	611
58.647207498550415	-1	611
58.647549629211426	-1	611
58.83196973800659	-1	1516
58.83196973800659	-1	1516
59.57884359359741	-1	611
59.57920694351196	-1	611
60.49875259399414	-1	611
61.961042165756226	-1	611
63.81988739967346	-1	1154
63.81988739967346	-1	1154
64.08948540687561	-1	611
64.35523271560669	-1	611
64.41568970680237	-1	611
64.41597294807434	-1	1125
64.41597294807434	-1	1125
64.79684901237488	-1	611
64.79689383506775	-1	1256
64.79689383506775	-1	1256
64.79691433906555	-1	928
64.79692077636719	-1	1256
64.79692077636719	-1	1256
64.79693937301636	-1	1256
64.79693937301636	-1	1256
64.79694271087646	-1	1256
64.79694271087646	-1	1256
64.92928695678711	-1	1256
64.92928695678711	-1	1256
65.01798510551453	-1	1256
65.01798510551453	-1	1256
65.01799392700195	-1	1256
65.01799392700195	-1	1256
65.03525424003601	-1	1256
65.03525424003601	-1	1256
65.03544282913208	-1	611
65.03726887702942	-1	1256
65.03726887702942	-1	1256
65.03728079795837	-1	1256
65.03728079795837	-1	1256
65.05849647521973	-1	1256
65.05849647521973	-1	1256
65.05852556228638	-1	1256
65.05852556228638	-1	1256
65.05852675437927	-1	784
65.18741774559021	-1	910
65.72920441627502	-1	1256
65.72920441627502	-1	1256
65.72926306724548	-1	1256
65.72926306724548	-1	1256
65.72926568984985	-1	1256
65.72926568984985	-1	1256
65.72927188873291	-1	1256
65.72927188873291	-1	1256
65.7294545173645	-1	1125
65.7294545173645	-1	1125
65.74651050567627	-1	1185
65.74651050567627	-1	1185
67.51812815666199	-1	611
67.94709324836731	-1	1516
67.94709324836731	-1	1516
69.40227150917053	-1	611
69.40228247642517	-1	611
70.01575970649719	-1	611
70.01616764068604	-1	611
70.05417943000793	-1	611
70.33731579780579	-1	611
70.33891439437866	-1	1125
70.33891439437866	-1	1125
70.63013958930969	-1	611
70.63044548034668	-1	611
71.24373483657837	-1	1256
71.24373483657837	-1	1256
71.25322222709656	-1	1151
71.25322222709656	-1	1151
71.31881427764893	-1	1154
71.31881427764893	-1	1154
71.32091474533081	-1	611
71.34646320343018	-1	1125
71.34646320343018	-1	1125
72.16758918762207	-1	1125
72.16758918762207	-1	1125
72.16796612739563	-1	611
72.29698514938354	-1	1154
72.29698514938354	-1	1154
72.30155229568481	-1	611
72.5186414718628	-1	611
73.39539957046509	-1	611
73.45293402671814	-1	611
73.94977807998657	-1	1516
73.94977807998657	-1	1516
74.23866558074951	-1	611
74.93235921859741	-1	611
74.9326491355896	-1	1516
74.9326491355896	-1	1516
74.9445960521698	-1	1342
74.9445960521698	-1	1342
75.86096906661987	-1	2098
75.86096906661987	-1	2098
75.86096906661987	-1	2098
75.86096906661987	-1	2098
75.86100387573242	-1	2116
75.86100387573242	-1	2116
75.86100387573242	-1	2116
75.86100387573242	-1	2116
75.86101531982422	-1	2098
75.86101531982422	-1	2098
75.86101531982422	-1	2098
75.86101531982422	-1	2098
75.86103343963623	-1	2557
75.86103343963623	-1	2557
75.86103343963623	-1	2557
75.86103343963623	-1	2557
75.86181998252869	-1	611
75.87479519844055	-1	1125
75.87479519844055	-1	1125
75.87594056129456	-1	1378
75.87594056129456	-1	1378
75.88243055343628	-1	611
75.88674831390381	-1	1125
75.88674831390381	-1	1125
75.96009874343872	-1	1808
75.96009874343872	-1	1808
75.96009874343872	-1	1808
76.77787566184998	-1	1256
76.77787566184998	-1	1256
76.77791929244995	-1	675
76.7779266834259	-1	1256
76.7779266834259	-1	1256
76.77793192863464	-1	1256
76.77793192863464	-1	1256
76.77793622016907	-1	910
76.77793979644775	-1	1256
76.77793979644775	-1	1256
76.79240655899048	-1	1256
76.79240655899048	-1	1256
76.792409658432	-1	928
76.79480528831482	-1	611
76.79990243911743	-1	1046
76.79990243911743	-1	1046
76.80709528923035	-1	1516
76.80709528923035	-1	1516
76.8071072101593	-1	1219
76.8071072101593	-1	1219
77.47768139839172	-1	611
77.4788224697113	-1	1125
77.4788224697113	-1	1125
77.69745969772339	-1	1256
77.69745969772339	-1	1256
77.6979923248291	-1	611
77.72733473777771	-1	902
77.72736096382141	-1	1256
77.72736096382141	-1	1256
77.72736525535583	-1	910
77.76763439178467	-1	902
77.91966676712036	-1	1109
77.91966676712036	-1	1109
78.30962777137756	-1	1256
78.30962777137756	-1	1256
78.33512496948242	-1	611
81.38355565071106	-1	1256
81.38355565071106	-1	1256
81.40555453300476	-1	611
81.40589118003845	-1	611
81.41532015800476	-1	1125
81.41532015800476	-1	1125
81.51923060417175	-1	611
82.00400495529175	-1	611
82.0042359828949	-1	611
82.35258626937866	-1	1125
82.35258626937866	-1	1125
82.40730571746826	-1	611
82.519362449646	-1	611
82.6238181591034	-1	1125
82.6238181591034	-1	1125
82.62401628494263	-1	611
82.6340479850769	-1	611
83.5340223312378	-1	1256
83.5340223312378	-1	1256
83.53406143188477	-1	928
83.53406381607056	-1	1256
83.53406381607056	-1	1256
83.5711829662323	-1	1256
83.5711829662323	-1	1256
83.63616728782654	-1	611
83.64749121665955	-1	1516
83.64749121665955	-1	1516
83.65449619293213	-1	1516
83.65449619293213	-1	1516
83.66057205200195	-1	1516
83.66057205200195	-1	1516
83.6630117893219	-1	1516
83.6630117893219	-1	1516
83.6630232334137	-1	1356
83.6630232334137	-1	1356
83.67101120948792	-1	1516
83.67101120948792	-1	1516
83.6958076953888	-1	1516
83.6958076953888	-1	1516
83.76811528205872	-1	1516
83.76811528205872	-1	1516
83.77591848373413	-1	1516
83.77591848373413	-1	1516
83.78777813911438	-1	1516
83.78777813911438	-1	1516
83.80176424980164	-1	1516
83.80176424980164	-1	1516
83.8017692565918	-1	979
83.94897508621216	-1	611
84.34458661079407	-1	611
84.34597635269165	-1	1125
84.34597635269165	-1	1125
84.5652847290039	-1	1125
84.5652847290039	-1	1125
84.56649971008301	-1	1125
84.56649971008301	-1	1125
84.58313870429993	-1	1125
84.58313870429993	-1	1125
84.81407618522644	-1	1256
84.81407618522644	-1	1256
84.88444471359253	-1	831
84.88679385185242	-1	611
85.37787532806396	-1	1256
85.37787532806396	-1	1256
85.37791013717651	-1	1020
85.37791347503662	-1	1256
85.37791347503662	-1	1256
85.37793970108032	-1	1146
85.37793970108032	-1	1146
85.37807607650757	-1	611
85.39756536483765	-1	1516
85.39756536483765	-1	1516
85.40421962738037	-1	734
85.68375420570374	-1	611
85.68455410003662	-1	611
85.99608492851257	-1	611
85.99610209465027	-1	1256
85.99610209465027	-1	1256
85.99722337722778	-1	1125
85.99722337722778	-1	1125
86.01325917243958	-1	1125
86.01325917243958	-1	1125
86.13382649421692	-1	1256
86.13382649421692	-1	1256
86.13500714302063	-1	611
86.14792990684509	-1	611
86.15909171104431	-1	1516
86.15909171104431	-1	1516
86.92138671875	-1	1256
86.92138671875	-1	1256
86.92140913009644	-1	1256
86.92140913009644	-1	1256
86.92141318321228	-1	556
86.92141652107239	-1	1256
86.92141652107239	-1	1256
86.92141842842102	-1	1256
86.92141842842102	-1	1256
86.92141938209534	-1	556
86.92142105102539	-1	1256
86.92142105102539	-1	1256
86.92142224311829	-1	1256
86.92142224311829	-1	1256
86.92142295837402	-1	556
86.92142415046692	-1	1256
86.92142415046692	-1	1256
86.92142510414124	-1	928
86.92142653465271	-1	1256
86.92142653465271	-1	1256
86.92142724990845	-1	910
86.9214289188385	-1	1256
86.9214289188385	-1	1256
86.9214301109314	-1	1256
86.9214301109314	-1	1256
86.92143082618713	-1	774
86.92251014709473	-1	1256
86.92251014709473	-1	1256
86.9225127696991	-1	1256
86.9225127696991	-1	1256
86.92251372337341	-1	556
86.92251515388489	-1	1256
86.92251515388489	-1	1256
86.92251586914062	-1	910
86.9225172996521	-1	1256
86.9225172996521	-1	1256
86.92251801490784	-1	548
86.92251944541931	-1	1256
86.92251944541931	-1	1256
86.92252039909363	-1	910
86.93855476379395	-1	1256
86.93855476379395	-1	1256
86.93856477737427	-1	928
86.94811534881592	-1	1516
86.94811534881592	-1	1516
86.98454594612122	-1	1137
86.98454594612122	-1	1137
87.02783107757568	-1	611
87.03973770141602	-1	1516
87.03973770141602	-1	1516
87.04853916168213	-1	1516
87.04853916168213	-1	1516
87.07350134849548	-1	1516
87.07350134849548	-1	1516
87.07350730895996	-1	531
87.10378551483154	-1	611
87.84358930587769	-1	611
87.84429574012756	-1	1516
87.84429574012756	-1	1516
87.85481810569763	-1	966
87.8548903465271	-1	1516
87.8548903465271	-1	1516
87.86552786827087	-1	1256
87.86552786827087	-1	1256
87.86554431915283	-1	1256
87.86554431915283	-1	1256
87.865562915802	-1	1256
87.865562915802	-1	1256
87.8655652999878	-1	1256
87.8655652999878	-1	1256
87.865567445755	-1	1256
87.865567445755	-1	1256
87.86556887626648	-1	1256
87.86556887626648	-1	1256
87.86557054519653	-1	1256
87.86557054519653	-1	1256
87.86557221412659	-1	1256
87.86557221412659	-1	1256
87.86557388305664	-1	1256
87.86557388305664	-1	1256
87.86558246612549	-1	1256
87.86558246612549	-1	1256
87.8655846118927	-1	1256
87.8655846118927	-1	1256
87.86558675765991	-1	1256
87.86558675765991	-1	1256
87.86560916900635	-1	1256
87.86560916900635	-1	1256
87.86565899848938	-1	1516
87.86565899848938	-1	1516
87.87432622909546	-1	1256
87.87432622909546	-1	1256
87.87433815002441	-1	1256
87.87433815002441	-1	1256
87.87435150146484	-1	1256
87.87435150146484	-1	1256
87.87435340881348	-1	1256
87.87435340881348	-1	1256
87.87435531616211	-1	1256
87.87435531616211	-1	1256
87.87435984611511	-1	1219
87.87435984611511	-1	1219
87.87436437606812	-1	1256
87.87436437606812	-1	1256
87.87436556816101	-1	1108
87.87436556816101	-1	1108
87.8800687789917	-1	611
87.88487887382507	-1	1256
87.88487887382507	-1	1256
87.88488626480103	-1	910
87.88488936424255	-1	1256
87.88488936424255	-1	1256
87.88489103317261	-1	928
87.88489317893982	-1	1256
87.88489317893982	-1	1256
87.88489413261414	-1	910
87.90590763092041	-1	1256
87.90590763092041	-1	1256
87.90591478347778	-1	910
87.90592837333679	-1	1256
87.90592837333679	-1	1256
87.90593028068542	-1	910
87.92637324333191	-1	1256
87.92637324333191	-1	1256
87.92637944221497	-1	982
87.92644619941711	-1	611
87.92673540115356	-1	1256
87.92673540115356	-1	1256
87.92674112319946	-1	910
87.9401261806488	-1	1125
87.9401261806488	-1	1125
87.94494676589966	-1	1256
87.94494676589966	-1	1256
87.94496011734009	-1	910
87.95378923416138	-1	1256
87.95378923416138	-1	1256
87.95380520820618	-1	910
87.95872759819031	-1	611
87.96598076820374	-1	1256
87.96598076820374	-1	1256
87.96599435806274	-1	910
87.9863874912262	-1	1256
87.9863874912262	-1	1256
87.9863965511322	-1	910
87.98640012741089	-1	1256
87.98640012741089	-1	1256
87.98640131950378	-1	910
87.98640751838684	-1	1256
87.98640751838684	-1	1256
87.98653054237366	-1	910
88.00858807563782	-1	1256
88.00858807563782	-1	1256
88.00862264633179	-1	910
88.00862884521484	-1	1256
88.00862884521484	-1	1256
88.00863075256348	-1	910
88.00863337516785	-1	1256
88.00863337516785	-1	1256
88.01922130584717	-1	611
88.03112292289734	-1	611
88.05057978630066	-1	611
88.1121084690094	-1	611
88.12734818458557	-1	611
88.17564558982849	-1	1256
88.17564558982849	-1	1256
88.17564654350281	-1	966
88.1756489276886	-1	1256
88.1756489276886	-1	1256
88.17564988136292	-1	910
88.17582988739014	-1	611
88.18956255912781	-1	1256
88.18956255912781	-1	1256
88.18957018852234	-1	910
88.18992304801941	-1	1256
88.18992304801941	-1	1256
88.18992781639099	-1	910
88.19120645523071	-1	1256
88.19120645523071	-1	1256
88.19121193885803	-1	982
88.19333982467651	-1	910
88.19626092910767	-1	611
88.20956373214722	-1	1256
88.20956373214722	-1	1256
88.20957612991333	-1	910
88.21317028999329	-1	1256
88.21317028999329	-1	1256
88.21317601203918	-1	910
88.21317911148071	-1	1256
88.21317911148071	-1	1256
88.21318054199219	-1	910
88.2131826877594	-1	1256
88.2131826877594	-1	1256
88.21318364143372	-1	1184
88.21318364143372	-1	1184
88.22940945625305	-1	1256
88.22940945625305	-1	1256
88.22941756248474	-1	910
88.2333881855011	-1	1256
88.2333881855011	-1	1256
88.23339486122131	-1	910
88.23340559005737	-1	1256
88.23340559005737	-1	1256
88.23340678215027	-1	910
88.23340916633606	-1	1256
88.23340916633606	-1	1256
88.23341178894043	-1	1256
88.23341178894043	-1	1256
88.24142742156982	-1	1256
88.24142742156982	-1	1256
88.24143409729004	-1	1146
88.24143409729004	-1	1146
88.24150681495667	-1	1125
88.24150681495667	-1	1125
88.31183004379272	-1	611
88.38644456863403	-1	611
88.39528775215149	-1	611
88.41344904899597	-1	1256
88.41344904899597	-1	1256
88.4134612083435	-1	910
88.42670154571533	-1	1256
88.42670154571533	-1	1256
88.42671728134155	-1	910
88.42673993110657	-1	1256
88.42673993110657	-1	1256
88.4267430305481	-1	910
88.42674541473389	-1	1256
88.42674541473389	-1	1256
88.42674660682678	-1	910
88.42674827575684	-1	1256
88.42674827575684	-1	1256
88.42674994468689	-1	910
88.42691373825073	-1	611
88.43296980857849	-1	1256
88.43296980857849	-1	1256
88.43298268318176	-1	910
88.4330039024353	-1	1256
88.4330039024353	-1	1256
88.43300676345825	-1	910
88.44954991340637	-1	1256
88.44954991340637	-1	1256
88.4495620727539	-1	910
88.44957947731018	-1	1256
88.44957947731018	-1	1256
88.45029282569885	-1	910
88.45031666755676	-1	1256
88.45031666755676	-1	1256
88.45032024383545	-1	910
88.45032334327698	-1	1256
88.45032334327698	-1	1256
88.45032453536987	-1	910
88.45512652397156	-1	1256
88.45512652397156	-1	1256
88.45513367652893	-1	910
88.45858311653137	-1	906
88.45859408378601	-1	611
88.46682572364807	-1	1256
88.46682572364807	-1	1256
88.46683287620544	-1	910
88.46683645248413	-1	1256
88.46683645248413	-1	1256
88.4668378829956	-1	910
88.46684002876282	-1	1256
88.46684002876282	-1	1256
88.46684098243713	-1	825
88.46853733062744	-1	1256
88.46853733062744	-1	1256
88.46854519844055	-1	910
88.46890449523926	-1	1256
88.46890449523926	-1	1256
88.46890997886658	-1	928
88.47578501701355	-1	611
88.54321265220642	-1	1256
88.54321265220642	-1	1256
88.54898309707642	-1	910
88.54900050163269	-1	1256
88.54900050163269	-1	1256
88.5490038394928	-1	910
88.54910731315613	-1	611
88.60522723197937	-1	1256
88.60522723197937	-1	1256
88.6052451133728	-1	512
88.60524725914001	-1	1256
88.60524725914001	-1	1256
88.60524821281433	-1	910
88.60718703269958	-1	1256
88.60718703269958	-1	1256
88.6071937084198	-1	928
88.6072096824646	-1	1256
88.6072096824646	-1	1256
88.60721158981323	-1	910
88.6072187423706	-1	1256
88.6072187423706	-1	1256
88.60722136497498	-1	1256
88.60722136497498	-1	1256
88.60722303390503	-1	774
88.60722494125366	-1	1256
88.60722494125366	-1	1256
88.60722613334656	-1	910
88.60722875595093	-1	1256
88.60722875595093	-1	1256
88.60723042488098	-1	910
88.60723280906677	-1	1256
88.60723280906677	-1	1256
88.60723495483398	-1	1256
88.60723495483398	-1	1256
88.60723614692688	-1	792
88.60751581192017	-1	611
88.62661051750183	-1	1256
88.62661051750183	-1	1256
88.62661409378052	-1	1128
88.62661409378052	-1	1128
88.62661957740784	-1	1256
88.62661957740784	-1	1256
88.62662100791931	-1	910
88.6295998096466	-1	1256
88.6295998096466	-1	1256
88.6296067237854	-1	1256
88.6296067237854	-1	1256
88.62961459159851	-1	556
88.62961649894714	-1	1256
88.62961649894714	-1	1256
88.6296181678772	-1	928
88.62961959838867	-1	1256
88.62961959838867	-1	1256
88.62962055206299	-1	910
88.65422987937927	-1	1256
88.65422987937927	-1	1256
88.65424251556396	-1	1256
88.65424251556396	-1	1256
88.65425705909729	-1	774
88.65425968170166	-1	1256
88.65425968170166	-1	1256
88.65426087379456	-1	910
88.65426301956177	-1	1256
88.65426301956177	-1	1256
88.65426445007324	-1	910
88.65426659584045	-1	1256
88.65426659584045	-1	1256
88.65426754951477	-1	964
88.65426969528198	-1	1256
88.65426969528198	-1	1256
88.65427112579346	-1	910
88.65436577796936	-1	611
88.66525626182556	-1	1256
88.66525626182556	-1	1256
88.66528081893921	-1	1256
88.66528081893921	-1	1256
88.66528248786926	-1	910
88.671555519104	-1	1256
88.671555519104	-1	1256
88.67156600952148	-1	910
88.67158722877502	-1	1256
88.67158722877502	-1	1256
88.67158937454224	-1	910
88.67159152030945	-1	1256
88.67159152030945	-1	1256
88.6715931892395	-1	964
88.67159461975098	-1	1256
88.67159461975098	-1	1256
88.67159581184387	-1	910
88.67176795005798	-1	611
88.68373942375183	-1	1256
88.68373942375183	-1	1256
88.68375062942505	-1	910
88.68844771385193	-1	1125
88.68844771385193	-1	1125
88.68937253952026	-1	1256
88.68937253952026	-1	1256
88.68937945365906	-1	910
88.68938302993774	-1	1256
88.68938302993774	-1	1256
88.68938422203064	-1	910
88.68938636779785	-1	1256
88.68938636779785	-1	1256
88.68938732147217	-1	910
88.69073438644409	-1	1256
88.69073438644409	-1	1256
88.69748306274414	-1	611
88.71198034286499	-1	1256
88.71198034286499	-1	1256
88.71199107170105	-1	910
88.71199464797974	-1	1256
88.71199464797974	-1	1256
88.71199655532837	-1	1256
88.71199655532837	-1	1256
88.73673510551453	-1	1256
88.73673510551453	-1	1256
88.73674130439758	-1	910
88.73675799369812	-1	1256
88.73675799369812	-1	1256
88.73676061630249	-1	1256
88.73676061630249	-1	1256
88.73676872253418	-1	1256
88.73676872253418	-1	1256
88.73676991462708	-1	910
88.73677229881287	-1	1256
88.73677229881287	-1	1256
88.73677349090576	-1	910
88.7368381023407	-1	611
88.75418376922607	-1	1256
88.75418376922607	-1	1256
88.75418949127197	-1	1256
88.75418949127197	-1	1256
88.75420045852661	-1	1256
88.75420045852661	-1	1256
88.7542016506195	-1	910
88.7566499710083	-1	1256
88.7566499710083	-1	1256
88.75665926933289	-1	910
88.756662607193	-1	1256
88.756662607193	-1	1256
88.75666403770447	-1	530
88.79355144500732	-1	1256
88.79355144500732	-1	1256
88.7935631275177	-1	910
88.79358530044556	-1	1256
88.79358530044556	-1	1256
88.79358768463135	-1	910
88.79358959197998	-1	1256
88.79358959197998	-1	1256
88.79359102249146	-1	548
88.8015866279602	-1	1256
88.8015866279602	-1	1256
88.80172395706177	-1	611
88.85200142860413	-1	611
88.86961317062378	-1	611
88.88114786148071	-1	611
89.36913919448853	-1	611
89.3691577911377	-1	1256
89.3691577911377	-1	1256
89.37039804458618	-1	1125
89.37039804458618	-1	1125
89.37541675567627	-1	1151
89.37541675567627	-1	1151
89.38146138191223	-1	611
89.3832573890686	-1	1256
89.3832573890686	-1	1256
89.39139485359192	-1	1125
89.39139485359192	-1	1125
89.41490268707275	-1	910
89.4149980545044	-1	611
89.44402956962585	-1	1256
89.44402956962585	-1	1256
89.60574674606323	-1	611
89.61794400215149	-1	1125
89.61794400215149	-1	1125
89.6286129951477	-1	1516
89.6286129951477	-1	1516
89.63030290603638	-1	705
89.99350833892822	-1	1256
89.99350833892822	-1	1256
89.99554204940796	-1	611
90.00890684127808	-1	1125
90.00890684127808	-1	1125
90.12404131889343	-1	1256
90.12404131889343	-1	1256
90.15275073051453	-1	1256
90.15275073051453	-1	1256
90.1592071056366	-1	611
90.19505620002747	-1	1256
90.19505620002747	-1	1256
90.19663763046265	-1	1256
90.19663763046265	-1	1256
90.19869589805603	-1	611
90.21112084388733	-1	1516
90.21112084388733	-1	1516
90.22386598587036	-1	1256
90.22386598587036	-1	1256
90.32559323310852	-1	1256
90.32559323310852	-1	1256
90.32670164108276	-1	1256
90.32670164108276	-1	1256
90.32715511322021	-1	611
90.34600186347961	-1	1256
90.34600186347961	-1	1256
90.34935998916626	-1	1125
90.34935998916626	-1	1125
90.35733580589294	-1	1256
90.35733580589294	-1	1256
90.3696825504303	-1	611
90.37244963645935	-1	1256
90.37244963645935	-1	1256
90.4130117893219	-1	1154
90.4130117893219	-1	1154
90.52138423919678	-1	1256
90.52138423919678	-1	1256
90.52160453796387	-1	611
90.95670533180237	-1	1256
90.95670533180237	-1	1256
90.95680904388428	-1	611
90.9668276309967	-1	611
90.99569058418274	-1	1256
90.99569058418274	-1	1256
91.0393636226654	-1	1256
91.0393636226654	-1	1256
91.03938674926758	-1	1256
91.03938674926758	-1	1256
91.052649974823	-1	1256
91.052649974823	-1	1256
91.05349111557007	-1	611
91.06197214126587	-1	1256
91.06197214126587	-1	1256
91.06198716163635	-1	1256
91.06198716163635	-1	1256
91.06326246261597	-1	1125
91.06326246261597	-1	1125
91.10257339477539	-1	1256
91.10257339477539	-1	1256
91.12342190742493	-1	1256
91.12342190742493	-1	1256
91.12343716621399	-1	1154
91.12343716621399	-1	1154
91.12345671653748	-1	1256
91.12345671653748	-1	1256
91.13423681259155	-1	1256
91.13423681259155	-1	1256
91.13585615158081	-1	611
91.16728806495667	-1	1137
91.16728806495667	-1	1137
91.17286944389343	-1	735
91.25606942176819	-1	611
91.26763081550598	-1	1516
91.26763081550598	-1	1516
91.30185270309448	-1	611
91.41846704483032	-1	611
91.41953563690186	-1	1125
91.41953563690186	-1	1125
92.12525701522827	-1	611
92.15532803535461	-1	611
92.1553430557251	-1	1256
92.1553430557251	-1	1256
92.15535402297974	-1	1256
92.15535402297974	-1	1256
92.16706442832947	-1	1516
92.16706442832947	-1	1516
92.90252637863159	-1	1256
92.90252637863159	-1	1256
92.9025297164917	-1	1256
92.9025297164917	-1	1256
92.91461229324341	-1	1125
92.91461229324341	-1	1125
92.91779136657715	-1	1256
92.91779136657715	-1	1256
92.91779923439026	-1	1256
92.91779923439026	-1	1256
92.9241361618042	-1	611
92.92750096321106	-1	1516
92.92750096321106	-1	1516
93.86724996566772	-1	611
93.88253951072693	-1	1516
93.88253951072693	-1	1516
