0.0	-1	611
3.1042587757110596	-1	611
4.596394300460815	-1	611
4.741482257843018	-1	611
5.113586187362671	-1	611
5.113611459732056	-1	611
5.114017963409424	-1	611
5.532793760299683	-1	611
5.534019231796265	-1	1125
5.534019231796265	-1	1125
5.6108715534210205	-1	611
5.611228704452515	-1	611
5.708937168121338	-1	611
5.740393161773682	-1	611
6.45109486579895	-1	611
6.451108694076538	-1	1256
6.451108694076538	-1	1256
6.451114177703857	-1	1020
6.451878547668457	-1	611
6.636765003204346	-1	1154
6.636765003204346	-1	1154
6.639726877212524	-1	611
6.6487202644348145	-1	1516
6.6487202644348145	-1	1516
7.374644041061401	-1	611
7.374662637710571	-1	1256
7.374662637710571	-1	1256
7.374671220779419	-1	1256
7.374671220779419	-1	1256
7.375090837478638	-1	611
7.3781092166900635	-1	1146
7.3781092166900635	-1	1146
7.3861730098724365	-1	611
7.992288827896118	-1	1248
7.992288827896118	-1	1248
7.993288516998291	-1	611
8.001049757003784	-1	611
8.005604028701782	-1	611
8.291627168655396	-1	1256
8.291627168655396	-1	1256
8.603473901748657	-1	619
8.604911804199219	-1	611
8.61665391921997	-1	611
8.61764907836914	-1	611
10.745974063873291	-1	611
10.74599575996399	-1	1125
10.74599575996399	-1	1125
10.746185302734375	-1	611
10.751375198364258	-1	1125
10.751375198364258	-1	1125
10.760539293289185	-1	611
10.874748945236206	-1	611
11.370948076248169	-1	611
11.372072219848633	-1	1125
11.372072219848633	-1	1125
12.12194275856018	-1	1256
12.12194275856018	-1	1256
12.140403270721436	-1	1235
12.140403270721436	-1	1235
12.14220666885376	-1	611
12.153298139572144	-1	611
12.153313159942627	-1	611
12.16556715965271	-1	1125
12.16556715965271	-1	1125
12.896411657333374	-1	1125
12.896411657333374	-1	1125
13.817944049835205	-1	1125
13.817944049835205	-1	1125
14.142943620681763	-1	611
14.157557487487793	-1	611
15.046799182891846	-1	611
15.046857595443726	-1	1256
15.046857595443726	-1	1256
15.047124147415161	-1	611
15.055531740188599	-1	1256
15.055531740188599	-1	1256
15.057215213775635	-1	611
15.065112590789795	-1	674
15.0694899559021	-1	1516
15.0694899559021	-1	1516
15.069501399993896	-1	705
15.081598281860352	-1	1125
15.081598281860352	-1	1125
15.66197919845581	-1	611
15.661994934082031	-1	1256
15.661994934082031	-1	1256
15.7022123336792	-1	1256
15.7022123336792	-1	1256
15.702560901641846	-1	611
15.721362590789795	-1	1256
15.721362590789795	-1	1256
15.740346908569336	-1	1256
15.740346908569336	-1	1256
15.742970943450928	-1	611
15.762423515319824	-1	1256
15.762423515319824	-1	1256
15.815275430679321	-1	1256
15.815275430679321	-1	1256
15.820146560668945	-1	611
15.833384990692139	-1	902
15.833410501480103	-1	611
15.85561728477478	-1	1125
15.85561728477478	-1	1125
15.957626104354858	-1	1256
15.957626104354858	-1	1256
15.999512195587158	-1	1256
15.999512195587158	-1	1256
15.999659299850464	-1	611
16.017016410827637	-1	1256
16.017016410827637	-1	1256
16.01772975921631	-1	910
16.037869215011597	-1	1256
16.037869215011597	-1	1256
16.037882566452026	-1	792
16.03852677345276	-1	910
16.07695722579956	-1	1256
16.07695722579956	-1	1256
16.07698130607605	-1	1256
16.07698130607605	-1	1256
16.07709574699402	-1	611
16.58520531654358	-1	910
16.58521580696106	-1	548
16.585224390029907	-1	910
16.58523178100586	-1	964
16.585455656051636	-1	611
16.604463577270508	-1	1256
16.604463577270508	-1	1256
16.604469537734985	-1	1256
16.604469537734985	-1	1256
16.60447120666504	-1	1256
16.60447120666504	-1	1256
16.60447669029236	-1	1256
16.60447669029236	-1	1256
16.633563995361328	-1	1256
16.633563995361328	-1	1256
16.633617401123047	-1	1256
16.633617401123047	-1	1256
16.6336190700531	-1	1256
16.6336190700531	-1	1256
16.63362216949463	-1	1256
16.63362216949463	-1	1256
16.63362455368042	-1	1256
16.63362455368042	-1	1256
16.63362717628479	-1	1256
16.63362717628479	-1	1256
16.633628129959106	-1	1256
16.633628129959106	-1	1256
16.633629083633423	-1	1256
16.633629083633423	-1	1256
16.63363552093506	-1	1256
16.63363552093506	-1	1256
16.633753538131714	-1	611
16.64147400856018	-1	1256
16.64147400856018	-1	1256
16.64148759841919	-1	569
16.644797325134277	-1	611
16.6952543258667	-1	611
16.707001209259033	-1	611
16.743890047073364	-1	611
18.095665216445923	-1	611
18.095678329467773	-1	611
18.53730273246765	-1	611
18.558847665786743	-1	1125
18.558847665786743	-1	1125
18.56008243560791	-1	1125
18.56008243560791	-1	1125
18.57312297821045	-1	1125
18.57312297821045	-1	1125
18.577447414398193	-1	1154
18.577447414398193	-1	1154
18.59780240058899	-1	1516
18.59780240058899	-1	1516
18.60513663291931	-1	611
18.682149648666382	-1	1125
18.682149648666382	-1	1125
19.128812789916992	-1	611
19.128828763961792	-1	1256
19.128828763961792	-1	1256
19.129090070724487	-1	611
19.148001432418823	-1	611
19.353495836257935	-1	1256
19.353495836257935	-1	1256
19.390090703964233	-1	1125
19.390090703964233	-1	1125
19.414036512374878	-1	1256
19.414036512374878	-1	1256
19.490676641464233	-1	1256
19.490676641464233	-1	1256
19.490692138671875	-1	910
19.490818738937378	-1	611
19.516859531402588	-1	611
19.521332263946533	-1	1256
19.521332263946533	-1	1256
19.544071435928345	-1	611
19.606237649917603	-1	1256
19.606237649917603	-1	1256
19.606617212295532	-1	611
19.629279136657715	-1	1256
19.629279136657715	-1	1256
19.631184816360474	-1	611
19.780861616134644	-1	1256
19.780861616134644	-1	1256
19.820550680160522	-1	1256
19.820550680160522	-1	1256
19.82089066505432	-1	611
19.833146810531616	-1	1516
19.833146810531616	-1	1516
19.83892273902893	-1	1256
19.83892273902893	-1	1256
19.864649772644043	-1	1256
19.864649772644043	-1	1256
19.89611029624939	-1	1256
19.89611029624939	-1	1256
20.59161400794983	-1	1256
20.59161400794983	-1	1256
20.59162139892578	-1	1256
20.59162139892578	-1	1256
20.59162473678589	-1	1256
20.59162473678589	-1	1256
20.591631174087524	-1	1256
20.591631174087524	-1	1256
20.591636180877686	-1	1256
20.591636180877686	-1	1256
20.592011213302612	-1	611
20.600863695144653	-1	1516
20.600863695144653	-1	1516
20.60834503173828	-1	828
20.755920886993408	-1	611
21.522748470306396	-1	611
21.53746747970581	-1	1516
21.53746747970581	-1	1516
21.641207695007324	-1	1516
21.641207695007324	-1	1516
22.7299964427948	-1	611
22.73000979423523	-1	1256
22.73000979423523	-1	1256
22.73003053665161	-1	1170
22.73003053665161	-1	1170
22.730037212371826	-1	1256
22.730037212371826	-1	1256
22.730062246322632	-1	1256
22.730062246322632	-1	1256
22.73035192489624	-1	611
22.771845817565918	-1	1256
22.771845817565918	-1	1256
22.78543496131897	-1	1256
22.78543496131897	-1	1256
22.78543710708618	-1	1256
22.78543710708618	-1	1256
22.7854425907135	-1	1256
22.7854425907135	-1	1256
22.80815863609314	-1	1256
22.80815863609314	-1	1256
22.808182954788208	-1	1154
22.808182954788208	-1	1154
22.80819272994995	-1	1256
22.80819272994995	-1	1256
22.808193922042847	-1	1131
22.808193922042847	-1	1131
22.831047773361206	-1	1516
22.831047773361206	-1	1516
22.835333108901978	-1	857
22.85616135597229	-1	611
22.886094570159912	-1	611
22.897037029266357	-1	611
22.906108856201172	-1	611
23.341504335403442	-1	1125
23.341504335403442	-1	1125
23.341522216796875	-1	611
23.341537952423096	-1	1256
23.341537952423096	-1	1256
23.341543674468994	-1	928
23.341545343399048	-1	1256
23.341545343399048	-1	1256
23.341550827026367	-1	1256
23.341550827026367	-1	1256
23.341825246810913	-1	611
23.348093509674072	-1	550
23.353315353393555	-1	611
23.442609548568726	-1	1256
23.442609548568726	-1	1256
23.525885343551636	-1	1256
23.525885343551636	-1	1256
23.52668261528015	-1	1256
23.52668261528015	-1	1256
23.572459936141968	-1	1256
23.572459936141968	-1	1256
23.572585105895996	-1	611
23.59075379371643	-1	1256
23.59075379371643	-1	1256
23.592779397964478	-1	1256
23.592779397964478	-1	1256
23.612001419067383	-1	1256
23.612001419067383	-1	1256
23.716719150543213	-1	1256
23.716719150543213	-1	1256
23.7176251411438	-1	1256
23.7176251411438	-1	1256
23.717636585235596	-1	910
23.77698564529419	-1	910
23.77708911895752	-1	611
23.80321431159973	-1	910
23.803335905075073	-1	611
23.823724508285522	-1	910
23.824503421783447	-1	910
23.866353273391724	-1	1256
23.866353273391724	-1	1256
23.86642098426819	-1	1256
23.86642098426819	-1	1256
23.89367914199829	-1	1256
23.89367914199829	-1	1256
23.89370346069336	-1	1256
23.89370346069336	-1	1256
23.89370846748352	-1	1256
23.89370846748352	-1	1256
23.913296937942505	-1	1256
23.913296937942505	-1	1256
23.9262375831604	-1	611
23.926719665527344	-1	611
23.93414545059204	-1	1256
23.93414545059204	-1	1256
23.985862016677856	-1	611
23.996699810028076	-1	1256
23.996699810028076	-1	1256
23.99670147895813	-1	1256
23.99670147895813	-1	1256
24.00640869140625	-1	1256
24.00640869140625	-1	1256
24.032106399536133	-1	1256
24.032106399536133	-1	1256
24.032135009765625	-1	1256
24.032135009765625	-1	1256
24.032136917114258	-1	1256
24.032136917114258	-1	1256
24.03223705291748	-1	611
24.04662036895752	-1	1256
24.04662036895752	-1	1256
24.046637773513794	-1	1256
24.046637773513794	-1	1256
24.04664397239685	-1	1256
24.04664397239685	-1	1256
24.046651363372803	-1	611
24.05175542831421	-1	1516
24.05175542831421	-1	1516
24.060506343841553	-1	1256
24.060506343841553	-1	1256
24.061074256896973	-1	1256
24.061074256896973	-1	1256
24.06109929084778	-1	1256
24.06109929084778	-1	1256
24.06960153579712	-1	1516
24.06960153579712	-1	1516
24.077089309692383	-1	1516
24.077089309692383	-1	1516
24.088599681854248	-1	1516
24.088599681854248	-1	1516
24.088611602783203	-1	1262
24.088611602783203	-1	1262
24.093827962875366	-1	611
24.189751625061035	-1	611
24.880058526992798	-1	611
24.880072832107544	-1	1256
24.880072832107544	-1	1256
24.88008213043213	-1	1256
24.88008213043213	-1	1256
24.880086660385132	-1	928
24.880089044570923	-1	1256
24.880089044570923	-1	1256
24.88066816329956	-1	1125
24.88066816329956	-1	1125
24.890581130981445	-1	1516
24.890581130981445	-1	1516
25.784972667694092	-1	611
25.807541847229004	-1	1154
25.807541847229004	-1	1154
25.807555198669434	-1	1256
25.807555198669434	-1	1256
25.80757451057434	-1	1256
25.80757451057434	-1	1256
25.807584285736084	-1	1256
25.807584285736084	-1	1256
25.820977449417114	-1	1516
25.820977449417114	-1	1516
25.8306667804718	-1	1256
25.8306667804718	-1	1256
25.83067011833191	-1	1256
25.83067011833191	-1	1256
25.830671310424805	-1	1256
25.830671310424805	-1	1256
25.830679893493652	-1	1256
25.830679893493652	-1	1256
25.857906341552734	-1	1516
25.857906341552734	-1	1516
25.85791802406311	-1	980
25.86003851890564	-1	1256
25.86003851890564	-1	1256
25.86582612991333	-1	1516
25.86582612991333	-1	1516
25.86583662033081	-1	1219
25.86583662033081	-1	1219
25.877927541732788	-1	611
26.74656581878662	-1	611
26.901830434799194	-1	1256
26.901830434799194	-1	1256
26.977041721343994	-1	1256
26.977041721343994	-1	1256
26.998673677444458	-1	1256
26.998673677444458	-1	1256
27.01750874519348	-1	1256
27.01750874519348	-1	1256
27.017536163330078	-1	910
27.038832187652588	-1	910
27.05888295173645	-1	1256
27.05888295173645	-1	1256
27.058897018432617	-1	1256
27.058897018432617	-1	1256
27.0590717792511	-1	611
27.078787565231323	-1	1256
27.078787565231323	-1	1256
27.093888521194458	-1	1256
27.093888521194458	-1	1256
27.114198923110962	-1	1256
27.114198923110962	-1	1256
27.116296529769897	-1	1256
27.116296529769897	-1	1256
27.13257932662964	-1	1256
27.13257932662964	-1	1256
27.13805389404297	-1	1256
27.13805389404297	-1	1256
27.15149712562561	-1	1256
27.15149712562561	-1	1256
27.151628971099854	-1	611
27.158867597579956	-1	928
27.16115140914917	-1	611
27.17155647277832	-1	1256
27.17155647277832	-1	1256
27.18524694442749	-1	1256
27.18524694442749	-1	1256
27.185548782348633	-1	611
27.185709953308105	-1	556
27.197192192077637	-1	1516
27.197192192077637	-1	1516
27.19720721244812	-1	1219
27.19720721244812	-1	1219
27.200957536697388	-1	1256
27.200957536697388	-1	1256
27.209593296051025	-1	1125
27.209593296051025	-1	1125
27.215888738632202	-1	1256
27.215888738632202	-1	1256
27.21986198425293	-1	1256
27.21986198425293	-1	1256
27.22903347015381	-1	611
27.239208221435547	-1	1256
27.239208221435547	-1	1256
27.240026712417603	-1	1256
27.240026712417603	-1	1256
27.24116086959839	-1	1125
27.24116086959839	-1	1125
27.263509035110474	-1	1256
27.263509035110474	-1	1256
27.26350998878479	-1	910
27.26484751701355	-1	611
27.284229040145874	-1	1256
27.284229040145874	-1	1256
27.28424334526062	-1	1256
27.28424334526062	-1	1256
27.284247159957886	-1	1256
27.284247159957886	-1	1256
27.28449010848999	-1	611
27.29294180870056	-1	902
27.30206847190857	-1	910
27.303268432617188	-1	910
27.324092626571655	-1	1256
27.324092626571655	-1	1256
27.325061559677124	-1	1256
27.325061559677124	-1	1256
27.325384616851807	-1	611
27.33700466156006	-1	611
27.344249725341797	-1	1256
27.344249725341797	-1	1256
27.34650731086731	-1	1256
27.34650731086731	-1	1256
27.360438108444214	-1	1256
27.360438108444214	-1	1256
27.368996620178223	-1	1225
27.368996620178223	-1	1225
27.401010274887085	-1	611
27.441914558410645	-1	1125
27.441914558410645	-1	1125
27.949939966201782	-1	611
27.949965953826904	-1	2098
27.949965953826904	-1	2098
27.949965953826904	-1	2098
27.949965953826904	-1	2098
27.949973583221436	-1	1968
27.949973583221436	-1	1968
27.949973583221436	-1	1968
27.955327033996582	-1	880
27.955435752868652	-1	611
27.95547604560852	-1	611
28.565602779388428	-1	611
28.56563377380371	-1	2688
28.56563377380371	-1	2688
28.56563377380371	-1	2688
28.56563377380371	-1	2688
28.56563377380371	-1	2688
28.576545238494873	-1	1378
28.576545238494873	-1	1378
28.62117290496826	-1	611
28.622360706329346	-1	1125
28.622360706329346	-1	1125
28.699103116989136	-1	1125
28.699103116989136	-1	1125
28.71838402748108	-1	1516
28.71838402748108	-1	1516
28.764665603637695	-1	763
29.793126106262207	-1	1256
29.793126106262207	-1	1256
30.33973479270935	-1	1154
30.33973479270935	-1	1154
30.367141246795654	-1	611
31.02215337753296	-1	1256
31.02215337753296	-1	1256
31.02218508720398	-1	1256
31.02218508720398	-1	1256
31.022833585739136	-1	1516
31.022833585739136	-1	1516
31.039958953857422	-1	535
31.04476499557495	-1	1516
31.04476499557495	-1	1516
31.049211025238037	-1	1219
31.049211025238037	-1	1219
31.060956716537476	-1	1125
31.060956716537476	-1	1125
31.066444158554077	-1	611
31.242812395095825	-1	611
31.253283977508545	-1	1516
31.253283977508545	-1	1516
31.253302574157715	-1	1219
31.253302574157715	-1	1219
31.29246211051941	-1	1125
31.29246211051941	-1	1125
31.41779398918152	-1	1256
31.41779398918152	-1	1256
31.418243885040283	-1	1125
31.418243885040283	-1	1125
31.48915195465088	-1	1256
31.48915195465088	-1	1256
31.496994018554688	-1	1256
31.496994018554688	-1	1256
31.507724285125732	-1	1256
31.507724285125732	-1	1256
31.547917127609253	-1	756
31.574823141098022	-1	902
31.676671266555786	-1	902
31.679484128952026	-1	611
31.706981658935547	-1	611
31.74348521232605	-1	1256
31.74348521232605	-1	1256
31.74409770965576	-1	1256
31.74409770965576	-1	1256
31.746107578277588	-1	611
31.759956121444702	-1	1125
31.759956121444702	-1	1125
31.764108180999756	-1	1256
31.764108180999756	-1	1256
31.768089056015015	-1	990
31.779797077178955	-1	1256
31.779797077178955	-1	1256
31.833143949508667	-1	1256
31.833143949508667	-1	1256
31.833153247833252	-1	910
31.833279609680176	-1	611
31.833924293518066	-1	910
31.851852416992188	-1	910
31.89141607284546	-1	611
31.931579113006592	-1	1256
31.931579113006592	-1	1256
31.932263374328613	-1	1256
31.932263374328613	-1	1256
31.932343244552612	-1	611
32.000609159469604	-1	1256
32.000609159469604	-1	1256
32.000617027282715	-1	1256
32.000617027282715	-1	1256
32.00061845779419	-1	964
32.02671027183533	-1	1256
32.02671027183533	-1	1256
32.04438591003418	-1	611
32.06645226478577	-1	1256
32.06645226478577	-1	1256
32.06651210784912	-1	1256
32.06651210784912	-1	1256
32.068426847457886	-1	910
32.068435192108154	-1	1256
32.068435192108154	-1	1256
32.08580160140991	-1	1256
32.08580160140991	-1	1256
32.08581471443176	-1	910
32.08592081069946	-1	611
32.10555648803711	-1	1256
32.10555648803711	-1	1256
32.10572338104248	-1	611
32.12174868583679	-1	1256
32.12174868583679	-1	1256
32.121758222579956	-1	1256
32.121758222579956	-1	1256
32.12565088272095	-1	1256
32.12565088272095	-1	1256
32.14023470878601	-1	1256
32.14023470878601	-1	1256
32.14026856422424	-1	910
32.14764761924744	-1	910
32.14776539802551	-1	611
32.159444093704224	-1	910
32.18525791168213	-1	1256
32.18525791168213	-1	1256
32.18527960777283	-1	910
32.18528890609741	-1	910
32.203508138656616	-1	910
32.20353102684021	-1	1256
32.20353102684021	-1	1256
32.25588059425354	-1	928
32.272544384002686	-1	910
32.27254939079285	-1	1256
32.27254939079285	-1	1256
32.27267932891846	-1	611
32.274385929107666	-1	982
32.27439904212952	-1	1256
32.27439904212952	-1	1256
32.29151511192322	-1	1256
32.29151511192322	-1	1256
32.2935426235199	-1	1256
32.2935426235199	-1	1256
32.29356026649475	-1	910
32.293673038482666	-1	611
32.31333303451538	-1	910
32.31335091590881	-1	548
32.32177186012268	-1	910
32.32190442085266	-1	611
32.331629514694214	-1	1256
32.331629514694214	-1	1256
32.33199334144592	-1	611
32.35887026786804	-1	1256
32.35887026786804	-1	1256
32.400201082229614	-1	611
32.41023230552673	-1	611
32.44246697425842	-1	611
32.48502326011658	-1	1125
32.48502326011658	-1	1125
32.49679732322693	-1	1516
32.49679732322693	-1	1516
32.53670287132263	-1	1219
32.53670287132263	-1	1219
35.87695074081421	-1	1154
35.87695074081421	-1	1154
35.88953137397766	-1	1516
35.88953137397766	-1	1516
35.889541149139404	-1	705
36.129292249679565	-1	1256
36.129292249679565	-1	1256
36.16780471801758	-1	889
36.16781759262085	-1	1256
36.16781759262085	-1	1256
36.16782283782959	-1	1256
36.16782283782959	-1	1256
36.16782522201538	-1	590
36.16841101646423	-1	1125
36.16841101646423	-1	1125
36.17672562599182	-1	1516
36.17672562599182	-1	1516
36.4958438873291	-1	611
36.53749203681946	-1	611
36.53855800628662	-1	1125
36.53855800628662	-1	1125
36.54411745071411	-1	1125
36.54411745071411	-1	1125
36.66611623764038	-1	1256
36.66611623764038	-1	1256
36.66647791862488	-1	611
36.687679290771484	-1	1256
36.687679290771484	-1	1256
36.73187804222107	-1	1256
36.73187804222107	-1	1256
36.76598143577576	-1	611
36.78241562843323	-1	1256
36.78241562843323	-1	1256
36.89077615737915	-1	611
36.90166783332825	-1	611
36.98493814468384	-1	1256
36.98493814468384	-1	1256
36.98539447784424	-1	1256
36.98539447784424	-1	1256
36.986170530319214	-1	1125
36.986170530319214	-1	1125
36.986472606658936	-1	928
36.99713134765625	-1	1516
36.99713134765625	-1	1516
37.03567838668823	-1	1256
37.03567838668823	-1	1256
37.03748345375061	-1	611
37.04870891571045	-1	1125
37.04870891571045	-1	1125
37.0815806388855	-1	1256
37.0815806388855	-1	1256
37.08311343193054	-1	1125
37.08311343193054	-1	1125
37.09273934364319	-1	1516
37.09273934364319	-1	1516
37.096609115600586	-1	1342
37.096609115600586	-1	1342
37.184670209884644	-1	1256
37.184670209884644	-1	1256
37.18524432182312	-1	611
37.192949533462524	-1	1516
37.192949533462524	-1	1516
37.24113845825195	-1	910
37.24561929702759	-1	902
37.26724028587341	-1	1256
37.26724028587341	-1	1256
37.28682851791382	-1	1256
37.28682851791382	-1	1256
37.28683066368103	-1	910
37.28693747520447	-1	611
37.30890464782715	-1	1256
37.30890464782715	-1	1256
37.36186909675598	-1	910
37.36200761795044	-1	611
37.38330388069153	-1	548
37.41973805427551	-1	1256
37.41973805427551	-1	1256
37.419764280319214	-1	910
37.42568755149841	-1	548
37.76419711112976	-1	1516
37.76419711112976	-1	1516
39.189133405685425	-1	611
39.306174993515015	-1	1256
39.306174993515015	-1	1256
39.32906699180603	-1	1256
39.32906699180603	-1	1256
39.32908225059509	-1	530
39.32909393310547	-1	1256
39.32909393310547	-1	1256
39.34756422042847	-1	1256
39.34756422042847	-1	1256
39.3529896736145	-1	622
39.37076497077942	-1	1256
39.37076497077942	-1	1256
39.37079167366028	-1	910
39.386313676834106	-1	1256
39.386313676834106	-1	1256
39.40006160736084	-1	1154
39.40006160736084	-1	1154
39.40720200538635	-1	1256
39.40720200538635	-1	1256
39.4072151184082	-1	1256
39.4072151184082	-1	1256
39.41025638580322	-1	1146
39.41025638580322	-1	1146
39.414947748184204	-1	1516
39.414947748184204	-1	1516
39.42505145072937	-1	1256
39.42505145072937	-1	1256
39.433836936950684	-1	1256
39.433836936950684	-1	1256
39.44486165046692	-1	1256
39.44486165046692	-1	1256
39.44955062866211	-1	828
39.46303653717041	-1	1256
39.46303653717041	-1	1256
39.463459491729736	-1	611
39.468000411987305	-1	1256
39.468000411987305	-1	1256
39.47320771217346	-1	1516
39.47320771217346	-1	1516
39.47532939910889	-1	1256
39.47532939910889	-1	1256
39.486103534698486	-1	1256
39.486103534698486	-1	1256
39.49022364616394	-1	1516
39.49022364616394	-1	1516
39.50434613227844	-1	946
39.50460767745972	-1	1256
39.50460767745972	-1	1256
39.522263288497925	-1	1516
39.522263288497925	-1	1516
39.526384353637695	-1	796
39.5263991355896	-1	1516
39.5263991355896	-1	1516
39.52640748023987	-1	1256
39.52640748023987	-1	1256
39.52641177177429	-1	1256
39.52641177177429	-1	1256
39.526413917541504	-1	1256
39.526413917541504	-1	1256
39.526416301727295	-1	1256
39.526416301727295	-1	1256
39.52720093727112	-1	1020
39.55773162841797	-1	1516
39.55773162841797	-1	1516
39.80297350883484	-1	611
39.80337691307068	-1	611
40.13652014732361	-1	1256
40.13652014732361	-1	1256
40.13656568527222	-1	1020
40.13656806945801	-1	1256
40.13656806945801	-1	1256
40.13657093048096	-1	1256
40.13657093048096	-1	1256
40.13719463348389	-1	611
40.14757227897644	-1	1256
40.14757227897644	-1	1256
40.14757752418518	-1	910
40.147881746292114	-1	530
40.14879059791565	-1	1516
40.14879059791565	-1	1516
40.16297936439514	-1	799
40.1670036315918	-1	1256
40.1670036315918	-1	1256
40.182353019714355	-1	1256
40.182353019714355	-1	1256
40.18274259567261	-1	611
40.19353652000427	-1	1516
40.19353652000427	-1	1516
40.19355392456055	-1	1219
40.19355392456055	-1	1219
40.20637583732605	-1	1256
40.20637583732605	-1	1256
40.20681571960449	-1	611
40.29241681098938	-1	1256
40.29241681098938	-1	1256
40.29293727874756	-1	611
40.30539846420288	-1	1125
40.30539846420288	-1	1125
40.317304849624634	-1	611
40.4250590801239	-1	1256
40.4250590801239	-1	1256
40.42604088783264	-1	928
40.426387548446655	-1	611
40.43733835220337	-1	611
40.46086931228638	-1	611
40.473578691482544	-1	1516
40.473578691482544	-1	1516
40.47408986091614	-1	705
40.54559540748596	-1	1256
40.54559540748596	-1	1256
40.546059131622314	-1	611
40.55723023414612	-1	1125
40.55723023414612	-1	1125
40.57596254348755	-1	1256
40.57596254348755	-1	1256
40.57631969451904	-1	611
40.58553981781006	-1	1125
40.58553981781006	-1	1125
40.61530661582947	-1	1256
40.61530661582947	-1	1256
40.61543560028076	-1	611
40.62518048286438	-1	1516
40.62518048286438	-1	1516
40.657570123672485	-1	1256
40.657570123672485	-1	1256
40.851861238479614	-1	1256
40.851861238479614	-1	1256
40.85221481323242	-1	611
40.8614456653595	-1	1125
40.8614456653595	-1	1125
40.8744101524353	-1	611
40.88536858558655	-1	611
41.37154197692871	-1	1256
41.37154197692871	-1	1256
41.38537240028381	-1	750
41.406153202056885	-1	1256
41.406153202056885	-1	1256
41.4268114566803	-1	1125
41.4268114566803	-1	1125
41.44137239456177	-1	721
41.526554584503174	-1	1256
41.526554584503174	-1	1256
41.75552725791931	-1	1125
41.75552725791931	-1	1125
41.762598276138306	-1	860
41.877212047576904	-1	1516
41.877212047576904	-1	1516
41.920668840408325	-1	1516
41.920668840408325	-1	1516
42.63219094276428	-1	1516
42.63219094276428	-1	1516
42.632203102111816	-1	1443
42.632203102111816	-1	1443
42.63820004463196	-1	1125
42.63820004463196	-1	1125
42.63823461532593	-1	1256
42.63823461532593	-1	1256
42.64490461349487	-1	1516
42.64490461349487	-1	1516
42.697330713272095	-1	1516
42.697330713272095	-1	1516
42.70641207695007	-1	1465
42.70641207695007	-1	1465
42.71768355369568	-1	1516
42.71768355369568	-1	1516
42.7176947593689	-1	705
42.753960371017456	-1	1516
42.753960371017456	-1	1516
42.753973722457886	-1	705
43.31135034561157	-1	1256
43.31135034561157	-1	1256
43.31138491630554	-1	928
43.311389446258545	-1	1256
43.311389446258545	-1	1256
43.33523368835449	-1	1256
43.33523368835449	-1	1256
43.33526802062988	-1	1256
43.33526802062988	-1	1256
43.342440605163574	-1	1256
43.342440605163574	-1	1256
43.412144899368286	-1	1256
43.412144899368286	-1	1256
43.412163972854614	-1	1256
43.412163972854614	-1	1256
43.41226005554199	-1	611
43.43162298202515	-1	1256
43.43162298202515	-1	1256
43.43162393569946	-1	910
43.43336033821106	-1	1256
43.43336033821106	-1	1256
43.45167636871338	-1	1256
43.45167636871338	-1	1256
43.45801067352295	-1	1256
43.45801067352295	-1	1256
43.45801615715027	-1	1256
43.45801615715027	-1	1256
43.46767592430115	-1	1256
43.46767592430115	-1	1256
43.467676639556885	-1	548
43.46777963638306	-1	611
43.54039740562439	-1	928
43.54039907455444	-1	1256
43.54039907455444	-1	1256
43.54051446914673	-1	611
43.562126874923706	-1	1256
43.562126874923706	-1	1256
43.56214141845703	-1	1256
43.56214141845703	-1	1256
43.6623260974884	-1	1256
43.6623260974884	-1	1256
43.663615703582764	-1	910
43.66363167762756	-1	946
43.70458960533142	-1	910
43.70460033416748	-1	910
43.725284814834595	-1	1256
43.725284814834595	-1	1256
43.725295543670654	-1	910
43.79394459724426	-1	611
43.828317165374756	-1	1256
43.828317165374756	-1	1256
43.82833433151245	-1	1256
43.82833433151245	-1	1256
43.844809770584106	-1	1256
43.844809770584106	-1	1256
43.84482264518738	-1	1256
43.84482264518738	-1	1256
43.85733985900879	-1	1256
43.85733985900879	-1	1256
43.857354402542114	-1	1256
43.857354402542114	-1	1256
43.86424422264099	-1	1256
43.86424422264099	-1	1256
43.86425971984863	-1	1256
43.86425971984863	-1	1256
43.864262104034424	-1	1256
43.864262104034424	-1	1256
43.86433434486389	-1	611
43.86969017982483	-1	1256
43.86969017982483	-1	1256
43.87360405921936	-1	611
43.90632724761963	-1	1256
43.90632724761963	-1	1256
43.906349658966064	-1	1256
43.906349658966064	-1	1256
43.90635395050049	-1	1256
43.90635395050049	-1	1256
43.906357526779175	-1	1256
43.906357526779175	-1	1256
43.93825387954712	-1	1256
43.93825387954712	-1	1256
43.938265800476074	-1	1256
43.938265800476074	-1	1256
44.032737016677856	-1	1256
44.032737016677856	-1	1256
44.03274965286255	-1	1256
44.03274965286255	-1	1256
44.032766819000244	-1	1256
44.032766819000244	-1	1256
44.04651379585266	-1	1256
44.04651379585266	-1	1256
44.04653334617615	-1	1256
44.04653334617615	-1	1256
44.04653811454773	-1	1256
44.04653811454773	-1	1256
44.04654145240784	-1	1256
44.04654145240784	-1	1256
44.046730756759644	-1	611
44.057427406311035	-1	1256
44.057427406311035	-1	1256
44.05743861198425	-1	1256
44.05743861198425	-1	1256
44.05745482444763	-1	1256
44.05745482444763	-1	1256
44.057456970214844	-1	1256
44.057456970214844	-1	1256
44.05745816230774	-1	706
44.21272087097168	-1	1256
44.21272087097168	-1	1256
44.21273374557495	-1	910
44.231934785842896	-1	1256
44.231934785842896	-1	1256
44.23423671722412	-1	910
44.23425650596619	-1	1256
44.23425650596619	-1	1256
44.234259366989136	-1	950
44.23426151275635	-1	1256
44.23426151275635	-1	1256
44.23426342010498	-1	910
44.25269842147827	-1	1256
44.25269842147827	-1	1256
44.25270700454712	-1	910
44.26151442527771	-1	1256
44.26151442527771	-1	1256
44.26151967048645	-1	982
44.261621952056885	-1	611
44.27720069885254	-1	1256
44.27720069885254	-1	1256
44.27720808982849	-1	910
44.277223348617554	-1	1256
44.277223348617554	-1	1256
44.27732706069946	-1	611
44.37566685676575	-1	611
44.399850368499756	-1	611
44.412092447280884	-1	556
44.41466403007507	-1	1256
44.41466403007507	-1	1256
44.42396664619446	-1	1256
44.42396664619446	-1	1256
44.42399573326111	-1	556
44.424140214920044	-1	611
44.4627525806427	-1	1256
44.4627525806427	-1	1256
44.46276640892029	-1	910
44.46277189254761	-1	1256
44.46277189254761	-1	1256
44.464746713638306	-1	1146
44.464746713638306	-1	1146
44.46475291252136	-1	1256
44.46475291252136	-1	1256
44.46476125717163	-1	928
44.46682834625244	-1	1256
44.46682834625244	-1	1256
44.46684217453003	-1	910
44.48368287086487	-1	1256
44.48368287086487	-1	1256
44.48374700546265	-1	910
44.48422288894653	-1	1256
44.48422288894653	-1	1256
44.48424315452576	-1	1256
44.48424315452576	-1	1256
44.4848792552948	-1	1256
44.4848792552948	-1	1256
44.484885931015015	-1	910
44.484899282455444	-1	1256
44.484899282455444	-1	1256
44.48501467704773	-1	611
44.48504185676575	-1	548
44.51178002357483	-1	1256
44.51178002357483	-1	1256
44.511803150177	-1	910
44.54721736907959	-1	1256
44.54721736907959	-1	1256
44.54724621772766	-1	910
44.54867911338806	-1	1256
44.54867911338806	-1	1256
44.54869222640991	-1	910
44.58939290046692	-1	611
44.64650106430054	-1	611
44.66733407974243	-1	910
44.68552923202515	-1	910
44.685547828674316	-1	1256
44.685547828674316	-1	1256
44.68554973602295	-1	910
44.708425998687744	-1	1256
44.708425998687744	-1	1256
44.70843768119812	-1	910
44.708457469940186	-1	1256
44.708457469940186	-1	1256
44.70845890045166	-1	910
44.726988315582275	-1	1256
44.726988315582275	-1	1256
44.72700095176697	-1	910
44.72701811790466	-1	1256
44.72701811790466	-1	1256
44.727020263671875	-1	910
44.727147817611694	-1	611
44.73993897438049	-1	611
44.74817681312561	-1	1256
44.74817681312561	-1	1256
44.74820685386658	-1	910
44.74879693984985	-1	1256
44.74879693984985	-1	1256
44.748801946640015	-1	910
44.748804569244385	-1	1052
44.748804569244385	-1	1052
44.752928018569946	-1	611
44.762831926345825	-1	1256
44.762831926345825	-1	1256
44.762847900390625	-1	910
44.764370918273926	-1	1256
44.764370918273926	-1	1256
44.764384508132935	-1	910
44.764827489852905	-1	1256
44.764827489852905	-1	1256
44.76483416557312	-1	910
44.77121043205261	-1	611
44.78229308128357	-1	611
44.78949022293091	-1	1256
44.78949022293091	-1	1256
44.789499044418335	-1	910
44.7895028591156	-1	1256
44.7895028591156	-1	1256
44.789504289627075	-1	910
44.78950619697571	-1	1256
44.78950619697571	-1	1256
44.79282784461975	-1	1516
44.79282784461975	-1	1516
44.79679799079895	-1	1256
44.79679799079895	-1	1256
44.796804904937744	-1	910
44.80852246284485	-1	1256
44.80852246284485	-1	1256
44.808533906936646	-1	1256
44.808533906936646	-1	1256
44.80853629112244	-1	556
44.814282178878784	-1	1256
44.814282178878784	-1	1256
44.81925916671753	-1	1342
44.81925916671753	-1	1342
44.83595561981201	-1	611
44.864726066589355	-1	611
44.895673513412476	-1	611
44.916462898254395	-1	1256
44.916462898254395	-1	1256
44.91647410392761	-1	928
44.916491985321045	-1	1256
44.916491985321045	-1	1256
44.91649413108826	-1	910
44.91649603843689	-1	1256
44.91649603843689	-1	1256
44.92201232910156	-1	522
44.9298300743103	-1	1256
44.9298300743103	-1	1256
44.92985463142395	-1	910
44.93032884597778	-1	1256
44.93032884597778	-1	1256
44.93033576011658	-1	910
44.9350061416626	-1	1256
44.9350061416626	-1	1256
44.935025691986084	-1	910
44.93632459640503	-1	1256
44.93632459640503	-1	1256
44.93633198738098	-1	910
44.947892904281616	-1	1256
44.947892904281616	-1	1256
44.9479033946991	-1	910
44.94790577888489	-1	1256
44.94790577888489	-1	1256
44.947908878326416	-1	1256
44.947908878326416	-1	1256
44.94790959358215	-1	910
44.95828986167908	-1	1256
44.95828986167908	-1	1256
44.958298444747925	-1	910
44.9583101272583	-1	1256
44.9583101272583	-1	1256
44.95831108093262	-1	1146
44.95831108093262	-1	1146
44.95844745635986	-1	611
44.966591119766235	-1	1256
44.966591119766235	-1	1256
44.966606855392456	-1	910
44.97361636161804	-1	1256
44.97361636161804	-1	1256
44.97362184524536	-1	910
44.97868585586548	-1	611
44.97978448867798	-1	1256
44.97978448867798	-1	1256
44.97978973388672	-1	910
44.97979211807251	-1	1256
44.97979211807251	-1	1256
44.979793310165405	-1	910
44.97979497909546	-1	1256
44.97979497909546	-1	1256
44.98481106758118	-1	1256
44.98481106758118	-1	1256
44.98481607437134	-1	910
44.984824419021606	-1	1256
44.984824419021606	-1	1256
44.98482537269592	-1	910
44.99394726753235	-1	1256
44.99394726753235	-1	1256
44.99395418167114	-1	910
44.999462366104126	-1	1256
44.999462366104126	-1	1256
44.99946880340576	-1	964
44.99947762489319	-1	1256
44.99947762489319	-1	1256
44.999478816986084	-1	730
45.006887912750244	-1	1256
45.006887912750244	-1	1256
45.00689339637756	-1	910
45.00690197944641	-1	1256
45.00690197944641	-1	1256
45.006903886795044	-1	928
45.00695848464966	-1	611
45.01417565345764	-1	1256
45.01417565345764	-1	1256
45.01418161392212	-1	910
45.01508069038391	-1	1256
45.01508069038391	-1	1256
45.01508641242981	-1	910
45.02343940734863	-1	1256
45.02343940734863	-1	1256
45.023446798324585	-1	910
45.02346348762512	-1	1256
45.02346348762512	-1	1256
45.02663016319275	-1	1256
45.02663016319275	-1	1256
45.034218311309814	-1	1256
45.034218311309814	-1	1256
45.034889698028564	-1	1256
45.034889698028564	-1	1256
45.03489589691162	-1	1256
45.03489589691162	-1	1256
45.034897804260254	-1	582
45.03835868835449	-1	1256
45.03835868835449	-1	1256
45.03836488723755	-1	910
45.04336142539978	-1	1256
45.04336142539978	-1	1256
45.04336762428284	-1	910
45.04985332489014	-1	1256
45.04985332489014	-1	1256
45.04986238479614	-1	982
45.049893617630005	-1	1256
45.049893617630005	-1	1256
45.04989814758301	-1	910
45.051289319992065	-1	1256
45.051289319992065	-1	1256
45.05129432678223	-1	910
45.05138564109802	-1	611
45.05609655380249	-1	1256
45.05609655380249	-1	1256
45.05610179901123	-1	910
45.056110858917236	-1	1256
45.056110858917236	-1	1256
45.05611252784729	-1	568
45.05978727340698	-1	1256
45.05978727340698	-1	1256
45.06097936630249	-1	611
45.09614944458008	-1	611
45.11269402503967	-1	1256
45.11269402503967	-1	1256
45.15505790710449	-1	611
45.23565649986267	-1	1256
45.23565649986267	-1	1256
45.235665798187256	-1	1256
45.235665798187256	-1	1256
45.23567080497742	-1	1256
45.23567080497742	-1	1256
45.26348519325256	-1	1256
45.26348519325256	-1	1256
45.26352310180664	-1	623
45.322298765182495	-1	1256
45.322298765182495	-1	1256
45.330909729003906	-1	623
45.407403230667114	-1	611
45.418073892593384	-1	611
45.41865515708923	-1	1256
45.41865515708923	-1	1256
45.41865873336792	-1	1256
45.41865873336792	-1	1256
45.41866493225098	-1	1256
45.41866493225098	-1	1256
45.440040826797485	-1	1256
45.440040826797485	-1	1256
45.440067291259766	-1	1256
45.440067291259766	-1	1256
45.440069913864136	-1	1256
45.440069913864136	-1	1256
45.44007110595703	-1	1256
45.44007110595703	-1	1256
45.440072774887085	-1	1256
45.440072774887085	-1	1256
45.4400737285614	-1	1256
45.4400737285614	-1	1256
45.4400749206543	-1	1256
45.4400749206543	-1	1256
45.44007635116577	-1	1256
45.44007635116577	-1	1256
45.44007730484009	-1	774
45.440311431884766	-1	611
45.44314646720886	-1	1256
45.44314646720886	-1	1256
45.4431517124176	-1	910
45.452977895736694	-1	1256
45.452977895736694	-1	1256
45.45299458503723	-1	910
45.45326900482178	-1	1256
45.45326900482178	-1	1256
45.45889329910278	-1	910
45.499393701553345	-1	1256
45.499393701553345	-1	1256
45.49941682815552	-1	910
45.4994215965271	-1	1256
45.4994215965271	-1	1256
45.49942469596863	-1	910
45.49942684173584	-1	1256
45.49942684173584	-1	1256
45.499427795410156	-1	910
45.49942970275879	-1	1256
45.49942970275879	-1	1256
45.499430418014526	-1	910
45.499431848526	-1	1256
45.499431848526	-1	1256
45.51528525352478	-1	1256
45.51528525352478	-1	1256
45.515294551849365	-1	910
45.5165159702301	-1	1256
45.5165159702301	-1	1256
45.516520261764526	-1	910
45.51652193069458	-1	1256
45.51652193069458	-1	1256
45.51652264595032	-1	910
45.51652407646179	-1	1256
45.51652407646179	-1	1256
45.51652479171753	-1	910
45.53185248374939	-1	1256
45.53185248374939	-1	1256
45.907750368118286	-1	611
46.873902559280396	-1	1256
46.873902559280396	-1	1256
46.89832067489624	-1	1256
46.89832067489624	-1	1256
46.90781569480896	-1	1256
46.90781569480896	-1	1256
46.90783381462097	-1	1256
46.90783381462097	-1	1256
46.9791259765625	-1	611
46.98670315742493	-1	1256
46.98670315742493	-1	1256
46.98672604560852	-1	1256
46.98672604560852	-1	1256
46.98673224449158	-1	1256
46.98673224449158	-1	1256
46.98728966712952	-1	1256
46.98728966712952	-1	1256
46.989498138427734	-1	611
47.03307819366455	-1	1256
47.03307819366455	-1	1256
47.03310585021973	-1	1256
47.03310585021973	-1	1256
47.034284830093384	-1	611
47.08401584625244	-1	611
47.095308780670166	-1	611
47.10598587989807	-1	1256
47.10598587989807	-1	1256
47.105987310409546	-1	1256
47.105987310409546	-1	1256
47.105993032455444	-1	1256
47.105993032455444	-1	1256
47.13424015045166	-1	688
47.13427495956421	-1	623
47.134281396865845	-1	1256
47.134281396865845	-1	1256
47.13429570198059	-1	1256
47.13429570198059	-1	1256
47.134297609329224	-1	982
47.134300231933594	-1	1256
47.134300231933594	-1	1256
47.13430142402649	-1	910
47.16099691390991	-1	1256
47.16099691390991	-1	1256
47.161006689071655	-1	1256
47.161006689071655	-1	1256
47.16100740432739	-1	910
47.16154623031616	-1	1256
47.16154623031616	-1	1256
47.16154909133911	-1	910
47.16155171394348	-1	1256
47.16155171394348	-1	1256
47.23912239074707	-1	1256
47.23912239074707	-1	1256
47.23912787437439	-1	1256
47.23912787437439	-1	1256
47.2391300201416	-1	1256
47.2391300201416	-1	1256
47.24411344528198	-1	1256
47.24411344528198	-1	1256
47.28636646270752	-1	1256
47.28636646270752	-1	1256
47.29134178161621	-1	1256
47.29134178161621	-1	1256
47.29953670501709	-1	1256
47.29953670501709	-1	1256
47.30510377883911	-1	1256
47.30510377883911	-1	1256
47.31067514419556	-1	1256
47.31067514419556	-1	1256
47.33407521247864	-1	1256
47.33407521247864	-1	1256
47.34718608856201	-1	1256
47.34718608856201	-1	1256
47.61687421798706	-1	611
47.62531781196594	-1	1256
47.62531781196594	-1	1256
47.62533402442932	-1	1256
47.62533402442932	-1	1256
47.629677057266235	-1	611
47.63263750076294	-1	1256
47.63263750076294	-1	1256
47.63264799118042	-1	1256
47.63264799118042	-1	1256
47.63265037536621	-1	1256
47.63265037536621	-1	1256
47.632659912109375	-1	1256
47.632659912109375	-1	1256
47.652384519577026	-1	1256
47.652384519577026	-1	1256
47.652395486831665	-1	1256
47.652395486831665	-1	1256
47.65241503715515	-1	1256
47.65241503715515	-1	1256
47.65241765975952	-1	1256
47.65241765975952	-1	1256
47.65241980552673	-1	1256
47.65241980552673	-1	1256
47.65242552757263	-1	1256
47.65242552757263	-1	1256
47.66837000846863	-1	1256
47.66837000846863	-1	1256
47.66838073730469	-1	1256
47.66838073730469	-1	1256
47.66839623451233	-1	1256
47.66839623451233	-1	1256
47.6683988571167	-1	1256
47.6683988571167	-1	1256
47.668400287628174	-1	1256
47.668400287628174	-1	1256
47.66840147972107	-1	1256
47.66840147972107	-1	1256
47.668402671813965	-1	1256
47.668402671813965	-1	1256
47.66840362548828	-1	1256
47.66840362548828	-1	1256
47.668405294418335	-1	1256
47.668405294418335	-1	1256
47.66841268539429	-1	1256
47.66841268539429	-1	1256
47.66856861114502	-1	611
47.67619037628174	-1	1256
47.67619037628174	-1	1256
47.67620229721069	-1	1256
47.67620229721069	-1	1256
47.67621731758118	-1	1256
47.67621731758118	-1	1256
47.67621874809265	-1	1256
47.67621874809265	-1	1256
47.676220178604126	-1	1256
47.676220178604126	-1	1256
47.676225423812866	-1	1256
47.676225423812866	-1	1256
47.67823123931885	-1	1256
47.67823123931885	-1	1256
47.678242206573486	-1	1256
47.678242206573486	-1	1256
47.67824411392212	-1	1256
47.67824411392212	-1	1256
47.678245544433594	-1	1256
47.678245544433594	-1	1256
47.67824697494507	-1	1256
47.67824697494507	-1	1256
47.67824840545654	-1	1256
47.67824840545654	-1	1256
47.68886709213257	-1	1256
47.68886709213257	-1	1256
47.688878536224365	-1	1256
47.688878536224365	-1	1256
47.68889307975769	-1	1256
47.68889307975769	-1	1256
47.688894748687744	-1	1256
47.688894748687744	-1	1256
47.688897371292114	-1	1256
47.688897371292114	-1	1256
47.69809818267822	-1	1256
47.69809818267822	-1	1256
47.698102951049805	-1	1256
47.698102951049805	-1	1256
47.698110818862915	-1	1256
47.698110818862915	-1	1256
47.69811201095581	-1	1256
47.69811201095581	-1	1256
47.69811296463013	-1	1256
47.69811296463013	-1	1256
47.69811391830444	-1	1256
47.69811391830444	-1	1256
47.69811534881592	-1	1256
47.69811534881592	-1	1256
47.69812059402466	-1	1256
47.69812059402466	-1	1256
47.69818615913391	-1	611
47.74339556694031	-1	1256
47.74339556694031	-1	1256
47.743419885635376	-1	1256
47.743419885635376	-1	1256
47.74342918395996	-1	1256
47.74342918395996	-1	1256
47.743433713912964	-1	623
47.7439706325531	-1	1256
47.7439706325531	-1	1256
47.74398112297058	-1	1256
47.74398112297058	-1	1256
47.74398350715637	-1	1256
47.74398350715637	-1	1256
47.744545459747314	-1	1256
47.744545459747314	-1	1256
47.744547605514526	-1	1256
47.744547605514526	-1	1256
47.74454927444458	-1	1256
47.74454927444458	-1	1256
47.76693081855774	-1	1516
47.76693081855774	-1	1516
47.772603034973145	-1	1256
47.772603034973145	-1	1256
47.772610902786255	-1	1256
47.772610902786255	-1	1256
47.85888123512268	-1	611
47.86674642562866	-1	1256
47.86674642562866	-1	1256
47.866761445999146	-1	1256
47.866761445999146	-1	1256
47.866777181625366	-1	1256
47.866777181625366	-1	1256
47.86700797080994	-1	1256
47.86700797080994	-1	1256
47.918280363082886	-1	1256
47.918280363082886	-1	1256
47.91832113265991	-1	1256
47.91832113265991	-1	1256
47.91832709312439	-1	1256
47.91832709312439	-1	1256
47.91885828971863	-1	1256
47.91885828971863	-1	1256
47.918864011764526	-1	1256
47.918864011764526	-1	1256
47.91887426376343	-1	1256
47.91887426376343	-1	1256
47.91926646232605	-1	1256
47.91926646232605	-1	1256
47.91928482055664	-1	1256
47.91928482055664	-1	1256
47.94774127006531	-1	1256
47.94774127006531	-1	1256
47.947771310806274	-1	1256
47.947771310806274	-1	1256
47.947776794433594	-1	1256
47.947776794433594	-1	1256
47.948320388793945	-1	1256
47.948320388793945	-1	1256
47.94832491874695	-1	1256
47.94832491874695	-1	1256
47.94833278656006	-1	1256
47.94833278656006	-1	1256
47.94892859458923	-1	1256
47.94892859458923	-1	1256
47.94894242286682	-1	1256
47.94894242286682	-1	1256
47.94903206825256	-1	611
47.949639558792114	-1	1256
47.949639558792114	-1	1256
47.94964909553528	-1	1256
47.94964909553528	-1	1256
47.960164070129395	-1	1256
47.960164070129395	-1	1256
47.960171699523926	-1	1256
47.960171699523926	-1	1256
47.96018385887146	-1	1256
47.96018385887146	-1	1256
47.96072506904602	-1	1256
47.96072506904602	-1	1256
47.96073317527771	-1	1256
47.96073317527771	-1	1256
47.96073651313782	-1	1256
47.96073651313782	-1	1256
47.96564984321594	-1	1256
47.96564984321594	-1	1256
47.96566677093506	-1	1256
47.96566677093506	-1	1256
47.965691566467285	-1	1256
47.965691566467285	-1	1256
47.96612358093262	-1	1256
47.96612358093262	-1	1256
47.966148376464844	-1	611
47.96615481376648	-1	1256
47.96615481376648	-1	1256
47.96652865409851	-1	1256
47.96652865409851	-1	1256
47.96654176712036	-1	1256
47.96654176712036	-1	1256
47.97103261947632	-1	1256
47.97103261947632	-1	1256
47.9710476398468	-1	1256
47.9710476398468	-1	1256
47.97105145454407	-1	1256
47.97105145454407	-1	1256
47.97162985801697	-1	1256
47.97162985801697	-1	1256
47.9938280582428	-1	611
48.012397050857544	-1	1256
48.012397050857544	-1	1256
48.012399196624756	-1	1256
48.012399196624756	-1	1256
48.01240086555481	-1	1256
48.01240086555481	-1	1256
48.01240372657776	-1	1256
48.01240372657776	-1	1256
48.02677655220032	-1	1256
48.02677655220032	-1	1256
48.02681350708008	-1	1256
48.02681350708008	-1	1256
48.02682971954346	-1	1256
48.02682971954346	-1	1256
48.02683186531067	-1	1256
48.02683186531067	-1	1256
48.026833057403564	-1	1256
48.026833057403564	-1	1256
48.02683448791504	-1	1256
48.02683448791504	-1	1256
48.02683615684509	-1	1256
48.02683615684509	-1	1256
48.02683782577515	-1	1256
48.02683782577515	-1	1256
48.02684569358826	-1	1256
48.02684569358826	-1	1256
48.026923418045044	-1	611
48.02863669395447	-1	1256
48.02863669395447	-1	1256
48.02864122390747	-1	1256
48.02864122390747	-1	1256
48.02864980697632	-1	1256
48.02864980697632	-1	1256
48.02865171432495	-1	1256
48.02865171432495	-1	1256
48.02866053581238	-1	1256
48.02866053581238	-1	1256
48.028663635253906	-1	1256
48.028663635253906	-1	1256
48.04685926437378	-1	1256
48.04685926437378	-1	1256
48.046870708465576	-1	1256
48.046870708465576	-1	1256
48.04688572883606	-1	1256
48.04688572883606	-1	1256
48.04689383506775	-1	611
48.04689860343933	-1	1256
48.04689860343933	-1	1256
48.0469012260437	-1	1256
48.0469012260437	-1	1256
48.046903133392334	-1	1256
48.046903133392334	-1	1256
48.04690504074097	-1	1256
48.04690504074097	-1	1256
48.0469069480896	-1	1256
48.0469069480896	-1	1256
48.04690909385681	-1	1256
48.04690909385681	-1	1256
48.04691433906555	-1	1256
48.04691433906555	-1	1256
48.05260467529297	-1	1256
48.05260467529297	-1	1256
48.052619218826294	-1	1256
48.052619218826294	-1	1256
48.0526328086853	-1	1256
48.0526328086853	-1	1256
48.0526340007782	-1	1256
48.0526340007782	-1	1256
48.05263566970825	-1	1256
48.05263566970825	-1	1256
48.05474495887756	-1	1256
48.05474495887756	-1	1256
48.054749965667725	-1	1256
48.054749965667725	-1	1256
48.054760694503784	-1	611
48.065996170043945	-1	611
48.089330196380615	-1	611
48.10435700416565	-1	611
48.15613269805908	-1	1256
48.15613269805908	-1	1256
48.15787649154663	-1	1256
48.15787649154663	-1	1256
48.157880783081055	-1	910
48.15789008140564	-1	1256
48.15789008140564	-1	1256
48.15789079666138	-1	910
48.15789222717285	-1	1256
48.15789222717285	-1	1256
48.15789294242859	-1	910
48.163365840911865	-1	798
48.16337490081787	-1	611
48.16662549972534	-1	1256
48.16662549972534	-1	1256
48.166635513305664	-1	652
48.23869013786316	-1	1256
48.23869013786316	-1	1256
48.23870587348938	-1	910
48.23918652534485	-1	910
48.239192724227905	-1	1256
48.239192724227905	-1	1256
48.23920226097107	-1	946
48.23928928375244	-1	611
48.243293046951294	-1	1256
48.243293046951294	-1	1256
48.24329876899719	-1	910
48.25769305229187	-1	1256
48.25769305229187	-1	1256
48.25770616531372	-1	910
48.25772476196289	-1	1256
48.25772476196289	-1	1256
48.257824182510376	-1	611
48.257861614227295	-1	910
48.26078414916992	-1	1256
48.26078414916992	-1	1256
48.26079320907593	-1	910
48.26135206222534	-1	1256
48.26135206222534	-1	1256
48.26136589050293	-1	910
48.26137018203735	-1	1256
48.26137018203735	-1	1256
48.262080669403076	-1	910
48.26209115982056	-1	1256
48.26209115982056	-1	1256
48.26209330558777	-1	910
48.27835726737976	-1	1256
48.27835726737976	-1	1256
48.278382539749146	-1	910
48.27995681762695	-1	1256
48.27995681762695	-1	1256
48.27997136116028	-1	910
48.27997803688049	-1	1256
48.27997803688049	-1	1256
48.281519174575806	-1	1256
48.281519174575806	-1	1256
48.28152370452881	-1	910
48.28152775764465	-1	1256
48.28152775764465	-1	1256
48.28199911117554	-1	910
48.28200602531433	-1	1256
48.28200602531433	-1	1256
48.2820143699646	-1	910
48.2820770740509	-1	611
48.30098867416382	-1	1256
48.30098867416382	-1	1256
48.301018714904785	-1	910
48.30225396156311	-1	1256
48.30225396156311	-1	1256
48.302265882492065	-1	910
48.30226969718933	-1	1256
48.30226969718933	-1	1256
48.302271127700806	-1	910
48.302273750305176	-1	1256
48.302273750305176	-1	1256
48.30227494239807	-1	910
48.30227732658386	-1	1256
48.30227732658386	-1	1256
48.30227851867676	-1	541
48.326077699661255	-1	1256
48.326077699661255	-1	1256
48.32762908935547	-1	910
48.327645778656006	-1	1256
48.327645778656006	-1	1256
48.32765054702759	-1	910
48.327656269073486	-1	1256
48.327656269073486	-1	1256
48.327659130096436	-1	548
48.43600654602051	-1	1256
48.43600654602051	-1	1256
48.43603014945984	-1	1256
48.43603014945984	-1	1256
48.43603467941284	-1	556
48.436038970947266	-1	1256
48.436038970947266	-1	1256
48.43604016304016	-1	910
48.436041593551636	-1	1256
48.436041593551636	-1	1256
48.43604278564453	-1	1146
48.43604278564453	-1	1146
48.436044692993164	-1	928
48.43604636192322	-1	1256
48.43604636192322	-1	1256
48.436047077178955	-1	910
48.452921628952026	-1	1256
48.452921628952026	-1	1256
48.4529287815094	-1	910
48.456159830093384	-1	1256
48.456159830093384	-1	1256
48.45616173744202	-1	910
48.45616364479065	-1	1256
48.45616364479065	-1	1256
48.45616436004639	-1	982
48.45616674423218	-1	910
48.4564847946167	-1	1256
48.4564847946167	-1	1256
48.45648646354675	-1	930
48.46010160446167	-1	1256
48.46010160446167	-1	1256
48.47713017463684	-1	1256
48.47713017463684	-1	1256
48.477144956588745	-1	1256
48.477144956588745	-1	1256
49.23866009712219	-1	611
49.249671459198	-1	1256
49.249671459198	-1	1256
49.249794721603394	-1	1256
49.249794721603394	-1	1256
49.24981641769409	-1	1256
49.24981641769409	-1	1256
49.249829053878784	-1	1256
49.249829053878784	-1	1256
49.24986696243286	-1	611
49.25830554962158	-1	1256
49.25830554962158	-1	1256
49.25834012031555	-1	1256
49.25834012031555	-1	1256
49.258347511291504	-1	1256
49.258347511291504	-1	1256
49.25834894180298	-1	1256
49.25834894180298	-1	1256
49.25835037231445	-1	1256
49.25835037231445	-1	1256
49.25835156440735	-1	1256
49.25835156440735	-1	1256
49.258352518081665	-1	1256
49.258352518081665	-1	1256
49.25835394859314	-1	1256
49.25835394859314	-1	1256
49.25849914550781	-1	611
49.268415689468384	-1	1256
49.268415689468384	-1	1256
49.26843523979187	-1	1256
49.26843523979187	-1	1256
49.268460750579834	-1	1256
49.268460750579834	-1	1256
49.268462896347046	-1	1256
49.268462896347046	-1	1256
49.26846432685852	-1	1256
49.26846432685852	-1	1256
49.268465757369995	-1	1256
49.268465757369995	-1	1256
49.268474102020264	-1	1256
49.268474102020264	-1	1256
49.269227027893066	-1	1256
49.269227027893066	-1	1256
49.269240379333496	-1	1256
49.269240379333496	-1	1256
49.274226903915405	-1	1256
49.274226903915405	-1	1256
49.27423930168152	-1	1256
49.27423930168152	-1	1256
49.27424097061157	-1	1256
49.27424097061157	-1	1256
49.274242639541626	-1	1256
49.274242639541626	-1	1256
49.2742440700531	-1	1256
49.2742440700531	-1	1256
49.274245262145996	-1	1256
49.274245262145996	-1	1256
49.27424669265747	-1	1256
49.27424669265747	-1	1256
49.27425241470337	-1	1256
49.27425241470337	-1	1256
49.274553060531616	-1	611
49.27518129348755	-1	1256
49.27518129348755	-1	1256
49.281890630722046	-1	1256
49.281890630722046	-1	1256
49.28192067146301	-1	1256
49.28192067146301	-1	1256
49.28192329406738	-1	1256
49.28192329406738	-1	1256
49.28192496299744	-1	1256
49.28192496299744	-1	1256
49.28192615509033	-1	1256
49.28192615509033	-1	1256
49.28192734718323	-1	1256
49.28192734718323	-1	1256
49.28192901611328	-1	1256
49.28192901611328	-1	1256
49.28193020820618	-1	1256
49.28193020820618	-1	1256
49.28193163871765	-1	1256
49.28193163871765	-1	1256
49.281936168670654	-1	1256
49.281936168670654	-1	1256
49.28583002090454	-1	1125
49.28583002090454	-1	1125
49.291550159454346	-1	1256
49.291550159454346	-1	1256
49.29156446456909	-1	1256
49.29156446456909	-1	1256
49.29156684875488	-1	1256
49.29156684875488	-1	1256
49.29156804084778	-1	1256
49.29156804084778	-1	1256
49.29156947135925	-1	1256
49.29156947135925	-1	1256
49.29157090187073	-1	1256
49.29157090187073	-1	1256
49.29157209396362	-1	1256
49.29157209396362	-1	1256
49.2915780544281	-1	1256
49.2915780544281	-1	1256
49.292054414749146	-1	1256
49.292054414749146	-1	1256
49.29205942153931	-1	1256
49.29205942153931	-1	1256
49.29206848144531	-1	1256
49.29206848144531	-1	1256
49.2938175201416	-1	1256
49.2938175201416	-1	1256
49.293928146362305	-1	611
49.30321216583252	-1	1256
49.30321216583252	-1	1256
49.30322861671448	-1	1256
49.30322861671448	-1	1256
49.30323028564453	-1	1256
49.30323028564453	-1	1256
49.30323147773743	-1	1256
49.30323147773743	-1	1256
49.3032329082489	-1	1256
49.3032329082489	-1	1256
49.303234338760376	-1	1256
49.303234338760376	-1	1256
49.30323553085327	-1	1256
49.30323553085327	-1	1256
49.303236961364746	-1	1256
49.303236961364746	-1	1256
49.30323839187622	-1	1256
49.30323839187622	-1	1256
49.303242683410645	-1	1256
49.303242683410645	-1	1256
49.3063862323761	-1	1256
49.3063862323761	-1	1256
49.306403160095215	-1	1256
49.306403160095215	-1	1256
49.309574604034424	-1	1256
49.309574604034424	-1	1256
49.30958867073059	-1	1256
49.30958867073059	-1	1256
49.309611320495605	-1	1256
49.309611320495605	-1	1256
49.3096137046814	-1	1256
49.3096137046814	-1	1256
49.30962085723877	-1	1256
49.30962085723877	-1	1256
49.30962300300598	-1	1256
49.30962300300598	-1	1256
49.30962562561035	-1	1256
49.30962562561035	-1	1256
49.309627056121826	-1	1256
49.309627056121826	-1	1256
49.30962872505188	-1	1256
49.30962872505188	-1	1256
49.30963611602783	-1	1256
49.30963611602783	-1	1256
49.30977821350098	-1	611
49.30986475944519	-1	1256
49.30986475944519	-1	1256
49.309874296188354	-1	1256
49.309874296188354	-1	1256
49.318098306655884	-1	1256
49.318098306655884	-1	1256
49.318116903305054	-1	1256
49.318116903305054	-1	1256
49.32168531417847	-1	1256
49.32168531417847	-1	1256
49.32169795036316	-1	1256
49.32169795036316	-1	1256
49.32171821594238	-1	1256
49.32171821594238	-1	1256
49.32171988487244	-1	1256
49.32171988487244	-1	1256
49.32173562049866	-1	1256
49.32173562049866	-1	1256
49.322986125946045	-1	1256
49.322986125946045	-1	1256
49.322999477386475	-1	797
49.323010206222534	-1	611
49.74641275405884	-1	611
49.75049090385437	-1	611
50.376771450042725	-1	1256
50.376771450042725	-1	1256
50.37727737426758	-1	928
50.37728524208069	-1	1256
50.37728524208069	-1	1256
50.38178777694702	-1	1256
50.38178777694702	-1	1256
50.381898164749146	-1	611
50.381948709487915	-1	621
50.41490864753723	-1	1256
50.41490864753723	-1	1256
50.414955139160156	-1	928
50.414963722229004	-1	1256
50.414963722229004	-1	1256
50.41496968269348	-1	1256
50.41496968269348	-1	1256
50.414973974227905	-1	774
50.509477615356445	-1	1256
50.509477615356445	-1	1256
50.50949048995972	-1	910
50.509506702423096	-1	1256
50.509506702423096	-1	1256
50.50950813293457	-1	910
50.52180528640747	-1	1256
50.52180528640747	-1	1256
50.521819829940796	-1	1256
50.521819829940796	-1	1256
50.52183794975281	-1	1256
50.52183794975281	-1	1256
50.52184081077576	-1	1256
50.52184081077576	-1	1256
50.52184224128723	-1	689
51.69622611999512	-1	611
51.76060461997986	-1	1125
51.76060461997986	-1	1125
52.760886430740356	-1	1516
52.760886430740356	-1	1516
52.76319169998169	-1	705
53.752808570861816	-1	611
54.67870545387268	-1	1256
54.67870545387268	-1	1256
54.67874526977539	-1	1256
54.67874526977539	-1	1256
54.678751945495605	-1	1256
54.678751945495605	-1	1256
54.67875266075134	-1	1256
54.67875266075134	-1	1256
54.67887330055237	-1	611
54.68865346908569	-1	1256
54.68865346908569	-1	1256
54.688695192337036	-1	1256
54.688695192337036	-1	1256
54.68870568275452	-1	1256
54.68870568275452	-1	1256
54.69031572341919	-1	1256
54.69031572341919	-1	1256
54.70792055130005	-1	611
54.707932472229004	-1	1256
54.707932472229004	-1	1256
54.707934856414795	-1	1256
54.707934856414795	-1	1256
54.86314558982849	-1	831
54.86328482627869	-1	611
57.74644470214844	-1	611
57.74809384346008	-1	611
57.768357276916504	-1	611
58.37210726737976	-1	1256
58.37210726737976	-1	1256
58.37213110923767	-1	928
58.37213397026062	-1	1256
58.37213397026062	-1	1256
58.37214255332947	-1	1256
58.37214255332947	-1	1256
58.37214779853821	-1	621
58.372150182724	-1	1256
58.372150182724	-1	1256
58.37242078781128	-1	611
58.496166944503784	-1	1256
58.496166944503784	-1	1256
58.49617910385132	-1	928
58.49619960784912	-1	910
58.496201515197754	-1	1256
58.496201515197754	-1	1256
58.496206521987915	-1	1256
58.496206521987915	-1	1256
58.49620723724365	-1	910
58.49640417098999	-1	611
58.50832462310791	-1	1256
58.50832462310791	-1	1256
58.50953769683838	-1	928
58.509541749954224	-1	1256
58.509541749954224	-1	1256
58.51791787147522	-1	611
58.749030351638794	-1	676
62.77891969680786	-1	1516
62.77891969680786	-1	1516
64.39284682273865	-1	611
65.12179231643677	-1	611
65.12208914756775	-1	611
65.73654317855835	-1	611
65.73695254325867	-1	611
66.66311120986938	-1	611
66.77580976486206	-1	1125
66.77580976486206	-1	1125
67.77693200111389	-1	1516
67.77693200111389	-1	1516
67.78540563583374	-1	611
67.79862403869629	-1	705
68.76621866226196	-1	611
68.78053402900696	-1	611
68.83008813858032	-1	611
69.4278552532196	-1	611
69.73000454902649	-1	611
74.64350605010986	-1	611
74.76806712150574	-1	611
75.06066632270813	-1	611
76.48792028427124	-1	611
76.49225974082947	-1	611
77.18138289451599	-1	611
77.79092931747437	-1	1516
77.79092931747437	-1	1516
78.63915872573853	-1	611
78.63945198059082	-1	611
80.79468131065369	-1	611
80.79497075080872	-1	611
81.71078062057495	-1	611
81.78739285469055	-1	1125
81.78739285469055	-1	1125
82.14167284965515	-1	611
82.78662323951721	-1	1516
82.78662323951721	-1	1516
82.78891682624817	-1	705
87.6179404258728	-1	611
88.79283499717712	-1	1125
88.79283499717712	-1	1125
89.70717215538025	-1	611
89.7073004245758	-1	611
89.78735566139221	-1	611
89.78749227523804	-1	611
90.77349376678467	-1	611
92.80630588531494	-1	1516
92.80630588531494	-1	1516
94.00075626373291	-1	611
94.14033126831055	-1	611
94.30956220626831	-1	611
94.67233157157898	-1	611
94.67276573181152	-1	611
94.77391529083252	-1	611
94.82942485809326	-1	611
95.09504461288452	-1	611
95.09534764289856	-1	611
95.40261697769165	-1	611
95.85441589355469	-1	611
96.79986572265625	-1	1125
96.79986572265625	-1	1125
98.08434987068176	-1	1154
98.08434987068176	-1	1154
98.08499383926392	-1	1516
98.08499383926392	-1	1516
98.24392175674438	-1	611
98.25286269187927	-1	1516
98.25286269187927	-1	1516
98.26585817337036	-1	1516
98.26585817337036	-1	1516
98.26587057113647	-1	1465
98.26587057113647	-1	1465
98.277583360672	-1	1516
98.277583360672	-1	1516
98.28025078773499	-1	1516
98.28025078773499	-1	1516
98.28026342391968	-1	922
98.37330460548401	-1	611
