0.0	-1	611
2.904006004333496	-1	611
4.3737993240356445	-1	1125
4.3737993240356445	-1	1125
4.382189989089966	-1	611
5.0622851848602295	-1	611
5.062493801116943	-1	611
5.08747124671936	-1	611
5.087637662887573	-1	611
5.282898902893066	-1	611
5.384750604629517	-1	611
6.003584146499634	-1	611
6.004002332687378	-1	611
6.032853126525879	-1	611
6.033372402191162	-1	611
6.2933197021484375	-1	611
6.627502679824829	-1	611
7.525991916656494	-1	611
8.01392126083374	-1	1154
8.01392126083374	-1	1154
8.073750495910645	-1	1256
8.073750495910645	-1	1256
8.073786973953247	-1	928
8.073790550231934	-1	1256
8.073790550231934	-1	1256
8.092406988143921	-1	1256
8.092406988143921	-1	1256
8.092410564422607	-1	1256
8.092410564422607	-1	1256
8.111247777938843	-1	1256
8.111247777938843	-1	1256
8.111530303955078	-1	1256
8.111530303955078	-1	1256
8.150280714035034	-1	1256
8.150280714035034	-1	1256
8.175169706344604	-1	1256
8.175169706344604	-1	1256
8.175184726715088	-1	910
8.191001176834106	-1	1256
8.191001176834106	-1	1256
8.191012382507324	-1	982
8.191174745559692	-1	611
8.196666479110718	-1	1256
8.196666479110718	-1	1256
8.2685546875	-1	1256
8.2685546875	-1	1256
8.270939111709595	-1	1256
8.270939111709595	-1	1256
8.286927700042725	-1	1256
8.286927700042725	-1	1256
8.28706955909729	-1	548
8.306840896606445	-1	1256
8.306840896606445	-1	1256
8.325557470321655	-1	1256
8.325557470321655	-1	1256
8.35224437713623	-1	1256
8.35224437713623	-1	1256
8.352362871170044	-1	1125
8.352362871170044	-1	1125
8.364501237869263	-1	1256
8.364501237869263	-1	1256
8.364519834518433	-1	1256
8.364519834518433	-1	1256
8.382681131362915	-1	1256
8.382681131362915	-1	1256
8.383604049682617	-1	527
8.40272045135498	-1	1256
8.40272045135498	-1	1256
8.402748823165894	-1	1256
8.402748823165894	-1	1256
8.402750253677368	-1	590
8.404173374176025	-1	611
8.408278942108154	-1	1516
8.408278942108154	-1	1516
8.432129621505737	-1	828
8.444694995880127	-1	1125
8.444694995880127	-1	1125
8.748612403869629	-1	611
8.749718189239502	-1	1125
8.749718189239502	-1	1125
8.869301080703735	-1	611
9.129201412200928	-1	611
9.129598617553711	-1	611
9.189402341842651	-1	1256
9.189402341842651	-1	1256
9.28134822845459	-1	1256
9.28134822845459	-1	1256
9.681964635848999	-1	1256
9.681964635848999	-1	1256
9.697105646133423	-1	750
9.69853138923645	-1	1125
9.69853138923645	-1	1125
9.70876169204712	-1	1516
9.70876169204712	-1	1516
9.718934059143066	-1	705
9.985148668289185	-1	1256
9.985148668289185	-1	1256
10.004696607589722	-1	611
10.013840675354004	-1	611
10.677725315093994	-1	611
12.10586953163147	-1	1256
12.10586953163147	-1	1256
12.105886697769165	-1	1256
12.105886697769165	-1	1256
12.105890274047852	-1	1256
12.105890274047852	-1	1256
12.105892419815063	-1	1256
12.105892419815063	-1	1256
12.105902194976807	-1	910
12.10873794555664	-1	611
12.11963939666748	-1	1516
12.11963939666748	-1	1516
12.119819402694702	-1	766
12.127186298370361	-1	1256
12.127186298370361	-1	1256
12.130701780319214	-1	1516
12.130701780319214	-1	1516
12.14147424697876	-1	611
12.151549100875854	-1	1516
12.151549100875854	-1	1516
12.7439603805542	-1	611
12.745024681091309	-1	1125
12.745024681091309	-1	1125
12.773958444595337	-1	1256
12.773958444595337	-1	1256
12.843893051147461	-1	1516
12.843893051147461	-1	1516
12.977601051330566	-1	1256
12.977601051330566	-1	1256
13.033186912536621	-1	1256
13.033186912536621	-1	1256
13.054593563079834	-1	1256
13.054593563079834	-1	1256
13.054617166519165	-1	1256
13.054617166519165	-1	1256
13.054932832717896	-1	611
13.064545392990112	-1	611
13.07095718383789	-1	1256
13.07095718383789	-1	1256
13.07097315788269	-1	1256
13.07097315788269	-1	1256
13.097395420074463	-1	910
13.097663402557373	-1	611
13.28889775276184	-1	1256
13.28889775276184	-1	1256
13.289207458496094	-1	611
13.289478540420532	-1	928
13.308293581008911	-1	1256
13.308293581008911	-1	1256
13.312152862548828	-1	985
13.312171936035156	-1	1125
13.312171936035156	-1	1125
13.340572118759155	-1	611
13.672264337539673	-1	1256
13.672264337539673	-1	1256
13.67230486869812	-1	1256
13.67230486869812	-1	1256
13.672742366790771	-1	616
13.673274517059326	-1	1256
13.673274517059326	-1	1256
13.67349123954773	-1	1146
13.67349123954773	-1	1146
13.674591779708862	-1	611
13.684714317321777	-1	1516
13.684714317321777	-1	1516
13.68473219871521	-1	1219
13.68473219871521	-1	1219
13.97158694267273	-1	970
13.97269892692566	-1	1125
13.97269892692566	-1	1125
14.020707607269287	-1	1256
14.020707607269287	-1	1256
14.021161317825317	-1	928
14.021166801452637	-1	1256
14.021166801452637	-1	1256
14.039379835128784	-1	1256
14.039379835128784	-1	1256
14.058849334716797	-1	1256
14.058849334716797	-1	1256
14.079929828643799	-1	1256
14.079929828643799	-1	1256
14.07995080947876	-1	910
14.079957723617554	-1	748
14.097844362258911	-1	1256
14.097844362258911	-1	1256
14.100399494171143	-1	1256
14.100399494171143	-1	1256
14.10041880607605	-1	1256
14.10041880607605	-1	1256
14.14592695236206	-1	1256
14.14592695236206	-1	1256
15.534547805786133	-1	1256
15.534547805786133	-1	1256
15.534568309783936	-1	1256
15.534568309783936	-1	1256
15.53457236289978	-1	1256
15.53457236289978	-1	1256
15.534576177597046	-1	878
15.534578084945679	-1	1256
15.534578084945679	-1	1256
15.534582138061523	-1	1256
15.534582138061523	-1	1256
15.53477954864502	-1	611
15.571401357650757	-1	1256
15.571401357650757	-1	1256
15.57142686843872	-1	1256
15.57142686843872	-1	1256
15.571439504623413	-1	1256
15.571439504623413	-1	1256
15.571446895599365	-1	1256
15.571446895599365	-1	1256
15.571447849273682	-1	1178
15.571447849273682	-1	1178
15.57146430015564	-1	1125
15.57146430015564	-1	1125
15.579999208450317	-1	611
15.676221132278442	-1	611
17.361395597457886	-1	530
17.361405849456787	-1	1256
17.361405849456787	-1	1256
17.36196208000183	-1	1256
17.36196208000183	-1	1256
17.363060235977173	-1	1256
17.363060235977173	-1	1256
17.363543272018433	-1	1256
17.363543272018433	-1	1256
17.370166540145874	-1	1256
17.370166540145874	-1	1256
17.37075138092041	-1	1256
17.37075138092041	-1	1256
17.37077045440674	-1	1256
17.37077045440674	-1	1256
17.37085747718811	-1	611
17.37200903892517	-1	1256
17.37200903892517	-1	1256
17.404601573944092	-1	1516
17.404601573944092	-1	1516
17.406723737716675	-1	1256
17.406723737716675	-1	1256
17.40728735923767	-1	1256
17.40728735923767	-1	1256
17.40730118751526	-1	1256
17.40730118751526	-1	1256
17.40864896774292	-1	1256
17.40864896774292	-1	1256
17.437352895736694	-1	1256
17.437352895736694	-1	1256
17.439165592193604	-1	1256
17.439165592193604	-1	1256
17.43964982032776	-1	1256
17.43964982032776	-1	1256
17.4396653175354	-1	1277
17.4396653175354	-1	1277
17.440245628356934	-1	1256
17.440245628356934	-1	1256
17.44086456298828	-1	1256
17.44086456298828	-1	1256
17.441246032714844	-1	1256
17.441246032714844	-1	1256
17.44126009941101	-1	1256
17.44126009941101	-1	1256
17.448593616485596	-1	1256
17.448593616485596	-1	1256
17.448855876922607	-1	1256
17.448855876922607	-1	1256
17.46052837371826	-1	1256
17.46052837371826	-1	1256
17.460541248321533	-1	611
17.460554599761963	-1	1256
17.460554599761963	-1	1256
17.460561513900757	-1	1256
17.460561513900757	-1	1256
17.51290202140808	-1	1256
17.51290202140808	-1	1256
17.5129337310791	-1	1256
17.5129337310791	-1	1256
17.512935161590576	-1	1256
17.512935161590576	-1	1256
17.512938261032104	-1	1256
17.512938261032104	-1	1256
17.512945413589478	-1	1256
17.512945413589478	-1	1256
17.512946844100952	-1	1256
17.512946844100952	-1	1256
17.512949466705322	-1	1256
17.512949466705322	-1	1256
17.512950658798218	-1	681
17.513155937194824	-1	611
17.544893741607666	-1	1154
17.544893741607666	-1	1154
18.27714443206787	-1	1256
18.27714443206787	-1	1256
19.296590566635132	-1	611
19.326470851898193	-1	611
20.303781747817993	-1	1256
20.303781747817993	-1	1256
20.30453133583069	-1	1125
20.30453133583069	-1	1125
21.206501007080078	-1	1256
21.206501007080078	-1	1256
21.225340366363525	-1	1256
21.225340366363525	-1	1256
21.246394872665405	-1	1256
21.246394872665405	-1	1256
21.2545804977417	-1	1256
21.2545804977417	-1	1256
21.38688349723816	-1	1256
21.38688349723816	-1	1256
21.387064218521118	-1	1256
21.387064218521118	-1	1256
21.432358741760254	-1	910
21.432361364364624	-1	1256
21.432361364364624	-1	1256
21.473110675811768	-1	910
21.47312593460083	-1	1256
21.47312593460083	-1	1256
21.49065613746643	-1	1256
21.49065613746643	-1	1256
21.490776300430298	-1	611
21.494329690933228	-1	1256
21.494329690933228	-1	1256
21.51269221305847	-1	1256
21.51269221305847	-1	1256
21.640674352645874	-1	1256
21.640674352645874	-1	1256
21.65734624862671	-1	1256
21.65734624862671	-1	1256
21.657479524612427	-1	611
21.65881586074829	-1	1256
21.65881586074829	-1	1256
21.689571857452393	-1	928
21.68958830833435	-1	910
21.689690113067627	-1	611
21.714057445526123	-1	1256
21.714057445526123	-1	1256
22.881445169448853	-1	1256
22.881445169448853	-1	1256
22.881483793258667	-1	1256
22.881483793258667	-1	1256
22.881486892700195	-1	910
22.881500720977783	-1	910
22.881513357162476	-1	910
22.88152265548706	-1	1256
22.88152265548706	-1	1256
22.88513422012329	-1	1256
22.88513422012329	-1	1256
22.88522481918335	-1	611
22.89301085472107	-1	1256
22.89301085472107	-1	1256
22.893014907836914	-1	1256
22.893014907836914	-1	1256
22.89302945137024	-1	1256
22.89302945137024	-1	1256
22.89460301399231	-1	1256
22.89460301399231	-1	1256
22.90176796913147	-1	611
22.927969932556152	-1	611
22.938902616500854	-1	611
22.949555158615112	-1	1125
22.949555158615112	-1	1125
22.962926626205444	-1	611
22.972114086151123	-1	611
22.988836765289307	-1	611
23.000333070755005	-1	1516
23.000333070755005	-1	1516
23.061474800109863	-1	828
24.655022621154785	-1	1256
24.655022621154785	-1	1256
25.345309734344482	-1	910
25.345316171646118	-1	1256
25.345316171646118	-1	1256
25.34532594680786	-1	540
25.345329523086548	-1	1256
25.345329523086548	-1	1256
25.345333576202393	-1	1256
25.345333576202393	-1	1256
25.345335721969604	-1	1256
25.345335721969604	-1	1256
25.34534502029419	-1	1256
25.34534502029419	-1	1256
25.345361948013306	-1	910
25.34576416015625	-1	1125
25.34576416015625	-1	1125
25.34626317024231	-1	1256
25.34626317024231	-1	1256
25.346275568008423	-1	1256
25.346275568008423	-1	1256
25.355769634246826	-1	1516
25.355769634246826	-1	1516
25.387187480926514	-1	1256
25.387187480926514	-1	1256
25.387190580368042	-1	826
25.424185514450073	-1	1342
25.424185514450073	-1	1342
26.568390369415283	-1	611
26.56840205192566	-1	1256
26.56840205192566	-1	1256
26.571372509002686	-1	1256
26.571372509002686	-1	1256
26.572668313980103	-1	1256
26.572668313980103	-1	1256
26.573203802108765	-1	910
26.573210954666138	-1	1256
26.573210954666138	-1	1256
26.578370571136475	-1	611
26.655223608016968	-1	910
26.655983448028564	-1	530
26.656081914901733	-1	611
26.67648673057556	-1	1125
26.67648673057556	-1	1125
26.706286907196045	-1	611
26.707372426986694	-1	1256
26.707372426986694	-1	1256
26.790261268615723	-1	1256
26.790261268615723	-1	1256
26.79765224456787	-1	611
26.93832802772522	-1	611
29.034287929534912	-1	611
29.034297466278076	-1	1256
29.034297466278076	-1	1256
29.034303426742554	-1	1020
29.03457760810852	-1	1125
29.03457760810852	-1	1125
29.04646372795105	-1	611
29.94737410545349	-1	611
30.346451997756958	-1	611
30.443253993988037	-1	611
30.866786241531372	-1	1256
30.866786241531372	-1	1256
30.955528497695923	-1	1151
30.955528497695923	-1	1151
30.994723320007324	-1	611
31.004642009735107	-1	1516
31.004642009735107	-1	1516
31.022289991378784	-1	1516
31.022289991378784	-1	1516
31.029117822647095	-1	1516
31.029117822647095	-1	1516
31.058879852294922	-1	1516
31.058879852294922	-1	1516
31.079469680786133	-1	1516
31.079469680786133	-1	1516
31.096076011657715	-1	762
31.37998342514038	-1	611
33.98075079917908	-1	611
33.981831312179565	-1	1125
33.981831312179565	-1	1125
34.25094413757324	-1	1154
34.25094413757324	-1	1154
34.25120139122009	-1	611
34.278823137283325	-1	611
34.86402368545532	-1	611
34.86403965950012	-1	1256
34.86403965950012	-1	1256
34.89005732536316	-1	611
34.91552233695984	-1	1128
34.91552233695984	-1	1128
34.94736695289612	-1	611
34.96204352378845	-1	611
35.07095742225647	-1	1256
35.07095742225647	-1	1256
35.15405058860779	-1	750
35.166850090026855	-1	611
35.22360110282898	-1	1256
35.22360110282898	-1	1256
35.24501633644104	-1	910
35.24502205848694	-1	1256
35.24502205848694	-1	1256
35.267667293548584	-1	1256
35.267667293548584	-1	1256
35.324355363845825	-1	1256
35.324355363845825	-1	1256
35.41141390800476	-1	910
36.94694948196411	-1	611
37.630868673324585	-1	1256
37.630868673324585	-1	1256
37.69915509223938	-1	1256
37.69915509223938	-1	1256
37.6991765499115	-1	1162
37.6991765499115	-1	1162
37.699732542037964	-1	611
37.70924520492554	-1	1125
37.70924520492554	-1	1125
37.71560835838318	-1	1125
37.71560835838318	-1	1125
37.735637187957764	-1	1125
37.735637187957764	-1	1125
38.23999357223511	-1	1256
38.23999357223511	-1	1256
38.24672794342041	-1	637
38.355870723724365	-1	1256
38.355870723724365	-1	1256
38.386441230773926	-1	1146
38.386441230773926	-1	1146
38.42798447608948	-1	611
38.453977823257446	-1	1125
38.453977823257446	-1	1125
38.611480951309204	-1	1256
38.611480951309204	-1	1256
38.611501932144165	-1	928
38.63153576850891	-1	1256
38.63153576850891	-1	1256
38.648242473602295	-1	1256
38.648242473602295	-1	1256
38.64838457107544	-1	611
39.16235160827637	-1	1256
39.16235160827637	-1	1256
39.16236877441406	-1	1256
39.16236877441406	-1	1256
39.16237211227417	-1	1256
39.16237211227417	-1	1256
39.1623752117157	-1	1256
39.1623752117157	-1	1256
39.171523571014404	-1	611
39.286500215530396	-1	1256
39.286500215530396	-1	1256
39.38828992843628	-1	1235
39.38828992843628	-1	1235
41.31114077568054	-1	1256
41.31114077568054	-1	1256
41.33046627044678	-1	1235
41.33046627044678	-1	1235
41.35277342796326	-1	1125
41.35277342796326	-1	1125
42.10401511192322	-1	611
42.173929929733276	-1	611
46.54345178604126	-1	611
48.68489456176758	-1	611
51.85804891586304	-1	611
54.52121353149414	-1	611
55.76180696487427	-1	611
56.97912836074829	-1	611
60.91439938545227	-1	611
61.5871958732605	-1	611
66.8503007888794	-1	611
67.52462220191956	-1	611
67.59721350669861	-1	611
67.59723091125488	-1	611
69.27077627182007	-1	611
69.35717535018921	-1	611
69.35741186141968	-1	611
69.36906814575195	-1	611
69.57442331314087	-1	611
73.59680461883545	-1	611
75.41298770904541	-1	611
75.52953886985779	-1	611
81.61794090270996	-1	611
84.42014408111572	-1	611
85.55638527870178	-1	611
90.09178471565247	-1	611
92.0110592842102	-1	611
95.45994305610657	-1	611
96.98517346382141	-1	611
97.46985697746277	-1	611
98.68722581863403	-1	1516
98.68722581863403	-1	1516
98.68955087661743	-1	705
98.74888372421265	-1	611
