0.0	-1	611
2.86102294921875e-05	-1	611
0.9131407737731934	-1	611
1.94771146774292	-1	611
1.9520354270935059	-1	611
3.1491706371307373	-1	611
4.098726987838745	-1	611
4.92290186882019	-1	611
5.923182725906372	-1	611
6.013330936431885	-1	1154
6.013330936431885	-1	1154
6.445874214172363	-1	611
6.446155548095703	-1	611
6.752434253692627	-1	611
6.7527525424957275	-1	611
6.921170473098755	-1	611
7.025507211685181	-1	1154
7.025507211685181	-1	1154
7.025882959365845	-1	611
7.03811240196228	-1	1125
7.03811240196228	-1	1125
7.6773905754089355	-1	611
7.677405595779419	-1	2098
7.677405595779419	-1	2098
7.677405595779419	-1	2098
7.677405595779419	-1	2098
7.677721738815308	-1	611
7.696912050247192	-1	2098
7.696912050247192	-1	2098
7.696912050247192	-1	2098
7.696912050247192	-1	2098
7.714234828948975	-1	1597
7.714234828948975	-1	1597
7.714234828948975	-1	1597
8.289369106292725	-1	611
8.296777725219727	-1	611
8.300155401229858	-1	611
9.925047159194946	-1	1516
9.925047159194946	-1	1516
10.928571462631226	-1	611
10.936382293701172	-1	611
10.988316774368286	-1	1125
10.988316774368286	-1	1125
10.98851466178894	-1	611
10.999133825302124	-1	611
11.927181005477905	-1	611
11.931581974029541	-1	611
11.932549476623535	-1	1125
11.932549476623535	-1	1125
12.897217512130737	-1	2098
12.897217512130737	-1	2098
12.897217512130737	-1	2098
12.897217512130737	-1	2098
13.933601140975952	-1	1516
13.933601140975952	-1	1516
14.485701322555542	-1	611
15.271271705627441	-1	637
15.288802146911621	-1	1154
15.288802146911621	-1	1154
15.728550672531128	-1	611
15.728799819946289	-1	611
15.933173418045044	-1	611
16.08552122116089	-1	1378
16.08552122116089	-1	1378
16.134101152420044	-1	611
16.333110570907593	-1	1154
16.333110570907593	-1	1154
16.333518981933594	-1	611
16.359543323516846	-1	1125
16.359543323516846	-1	1125
16.755574941635132	-1	1125
16.755574941635132	-1	1125
16.75777268409729	-1	611
16.78860306739807	-1	611
16.933392763137817	-1	611
16.96700406074524	-1	611
17.122260570526123	-1	1378
17.122260570526123	-1	1378
17.268607139587402	-1	1378
17.268607139587402	-1	1378
17.36100697517395	-1	2098
17.36100697517395	-1	2098
17.36100697517395	-1	2098
17.36100697517395	-1	2098
17.372523307800293	-1	611
17.40482473373413	-1	611
19.050528287887573	-1	1516
19.050528287887573	-1	1516
19.05250906944275	-1	611
19.078061819076538	-1	611
20.065703630447388	-1	611
20.111536979675293	-1	611
20.13419270515442	-1	611
20.134450435638428	-1	611
20.888214349746704	-1	2098
20.888214349746704	-1	2098
20.888214349746704	-1	2098
20.888214349746704	-1	2098
20.906718015670776	-1	637
20.90794062614441	-1	611
20.936192512512207	-1	611
23.6558039188385	-1	2098
23.6558039188385	-1	2098
23.6558039188385	-1	2098
23.6558039188385	-1	2098
23.674221515655518	-1	2245
23.674221515655518	-1	2245
23.674221515655518	-1	2245
23.674221515655518	-1	2245
23.692069053649902	-1	2098
23.692069053649902	-1	2098
23.692069053649902	-1	2098
23.692069053649902	-1	2098
23.711273670196533	-1	2098
23.711273670196533	-1	2098
23.711273670196533	-1	2098
23.711273670196533	-1	2098
23.73184823989868	-1	2540
23.73184823989868	-1	2540
23.73184823989868	-1	2540
23.73184823989868	-1	2540
23.789353370666504	-1	2540
23.789353370666504	-1	2540
23.789353370666504	-1	2540
23.789353370666504	-1	2540
23.797775506973267	-1	623
23.83393383026123	-1	4588
23.83393383026123	-1	4588
23.83393383026123	-1	4588
23.83393383026123	-1	4588
23.83393383026123	-1	4588
23.83393383026123	-1	4588
23.83393383026123	-1	4588
23.83393383026123	-1	4588
23.848453521728516	-1	1516
23.848453521728516	-1	1516
23.85472869873047	-1	2698
23.85472869873047	-1	2698
23.85472869873047	-1	2698
23.85472869873047	-1	2698
23.85472869873047	-1	2698
23.863613605499268	-1	2098
23.863613605499268	-1	2098
23.863613605499268	-1	2098
23.863613605499268	-1	2098
23.86363410949707	-1	1820
23.86363410949707	-1	1820
23.86363410949707	-1	1820
23.8707332611084	-1	2116
23.8707332611084	-1	2116
23.8707332611084	-1	2116
23.8707332611084	-1	2116
23.884495735168457	-1	2098
23.884495735168457	-1	2098
23.884495735168457	-1	2098
23.884495735168457	-1	2098
23.89756464958191	-1	1516
23.89756464958191	-1	1516
23.899227142333984	-1	650
23.899261713027954	-1	2098
23.899261713027954	-1	2098
23.899261713027954	-1	2098
23.899261713027954	-1	2098
23.899356603622437	-1	611
23.91707491874695	-1	1100
23.91707491874695	-1	1100
23.917093515396118	-1	2098
23.917093515396118	-1	2098
23.917093515396118	-1	2098
23.917093515396118	-1	2098
23.91719698905945	-1	611
23.925098657608032	-1	2098
23.925098657608032	-1	2098
23.925098657608032	-1	2098
23.925098657608032	-1	2098
23.9365553855896	-1	2098
23.9365553855896	-1	2098
23.9365553855896	-1	2098
23.9365553855896	-1	2098
23.936587810516357	-1	1838
23.936587810516357	-1	1838
23.936587810516357	-1	1838
23.944173574447632	-1	2098
23.944173574447632	-1	2098
23.944173574447632	-1	2098
23.944173574447632	-1	2098
23.94803762435913	-1	658
23.956554651260376	-1	2098
23.956554651260376	-1	2098
23.956554651260376	-1	2098
23.956554651260376	-1	2098
23.96341562271118	-1	2098
23.96341562271118	-1	2098
23.96341562271118	-1	2098
23.96341562271118	-1	2098
23.963449716567993	-1	2134
23.963449716567993	-1	2134
23.963449716567993	-1	2134
23.963449716567993	-1	2134
23.970572471618652	-1	1125
23.970572471618652	-1	1125
23.972253561019897	-1	1802
23.972253561019897	-1	1802
23.972253561019897	-1	1802
23.979280948638916	-1	1597
23.979280948638916	-1	1597
23.979280948638916	-1	1597
23.981553316116333	-1	1516
23.981553316116333	-1	1516
23.995638370513916	-1	1342
23.995638370513916	-1	1342
25.195939302444458	-1	611
25.19595503807068	-1	2098
25.19595503807068	-1	2098
25.19595503807068	-1	2098
25.19595503807068	-1	2098
25.195966482162476	-1	2098
25.195966482162476	-1	2098
25.195966482162476	-1	2098
25.195966482162476	-1	2098
25.195979356765747	-1	3408
25.195979356765747	-1	3408
25.195979356765747	-1	3408
25.195979356765747	-1	3408
25.195979356765747	-1	3408
25.195979356765747	-1	3408
25.196232080459595	-1	611
25.206636428833008	-1	1516
25.206636428833008	-1	1516
25.223418712615967	-1	705
25.29800581932068	-1	2098
25.29800581932068	-1	2098
25.29800581932068	-1	2098
25.29800581932068	-1	2098
25.375608921051025	-1	2098
25.375608921051025	-1	2098
25.375608921051025	-1	2098
25.375608921051025	-1	2098
25.38059401512146	-1	1307
25.38059401512146	-1	1307
26.722615480422974	-1	2098
26.722615480422974	-1	2098
26.722615480422974	-1	2098
26.722615480422974	-1	2098
26.723989248275757	-1	2964
26.723989248275757	-1	2964
26.723989248275757	-1	2964
26.723989248275757	-1	2964
26.723989248275757	-1	2964
26.725168228149414	-1	1125
26.725168228149414	-1	1125
26.737319469451904	-1	1516
26.737319469451904	-1	1516
26.746012687683105	-1	7308
26.746012687683105	-1	7308
26.746012687683105	-1	7308
26.746012687683105	-1	7308
26.746012687683105	-1	7308
26.746012687683105	-1	7308
26.746012687683105	-1	7308
26.746012687683105	-1	7308
26.746012687683105	-1	7308
26.746012687683105	-1	7308
26.746012687683105	-1	7308
26.746012687683105	-1	7308
26.746012687683105	-1	7308
26.746012687683105	-1	7308
26.746299266815186	-1	1495
26.746299266815186	-1	1495
26.750263452529907	-1	1516
26.750263452529907	-1	1516
26.75247883796692	-1	1465
26.75247883796692	-1	1465
26.758156776428223	-1	1516
26.758156776428223	-1	1516
27.648387908935547	-1	2098
27.648387908935547	-1	2098
27.648387908935547	-1	2098
27.648387908935547	-1	2098
27.648417949676514	-1	1665
27.648417949676514	-1	1665
27.648417949676514	-1	1665
27.648424863815308	-1	2098
27.648424863815308	-1	2098
27.648424863815308	-1	2098
27.648424863815308	-1	2098
27.648430824279785	-1	2116
27.648430824279785	-1	2116
27.648430824279785	-1	2116
27.648430824279785	-1	2116
27.648432731628418	-1	2540
27.648432731628418	-1	2540
27.648432731628418	-1	2540
27.648432731628418	-1	2540
27.6484432220459	-1	1516
27.6484432220459	-1	1516
27.64934253692627	-1	611
27.661805868148804	-1	1516
27.661805868148804	-1	1516
27.67311954498291	-1	2098
27.67311954498291	-1	2098
27.67311954498291	-1	2098
27.67311954498291	-1	2098
27.679929971694946	-1	1516
27.679929971694946	-1	1516
27.683915615081787	-1	1516
27.683915615081787	-1	1516
27.692159414291382	-1	2098
27.692159414291382	-1	2098
27.692159414291382	-1	2098
27.692159414291382	-1	2098
27.692914247512817	-1	1392
27.692914247512817	-1	1392
27.6929349899292	-1	1291
27.6929349899292	-1	1291
27.72095537185669	-1	1516
27.72095537185669	-1	1516
27.72406530380249	-1	1248
27.72406530380249	-1	1248
27.80054521560669	-1	2098
27.80054521560669	-1	2098
27.80054521560669	-1	2098
27.80054521560669	-1	2098
27.90803813934326	-1	1378
27.90803813934326	-1	1378
27.911519050598145	-1	1968
27.911519050598145	-1	1968
27.911519050598145	-1	1968
28.010038375854492	-1	2098
28.010038375854492	-1	2098
28.010038375854492	-1	2098
28.010038375854492	-1	2098
28.02904224395752	-1	2098
28.02904224395752	-1	2098
28.02904224395752	-1	2098
28.02904224395752	-1	2098
28.029691219329834	-1	1516
28.029691219329834	-1	1516
28.09380531311035	-1	651
28.093955993652344	-1	611
28.565659523010254	-1	611
28.565986394882202	-1	611
28.570831537246704	-1	611
28.628888368606567	-1	2098
28.628888368606567	-1	2098
28.628888368606567	-1	2098
28.628888368606567	-1	2098
28.656861782073975	-1	4412
28.656861782073975	-1	4412
28.656861782073975	-1	4412
28.656861782073975	-1	4412
28.656861782073975	-1	4412
28.656861782073975	-1	4412
28.656861782073975	-1	4412
28.656861782073975	-1	4412
28.6572425365448	-1	611
28.6699321269989	-1	1516
28.6699321269989	-1	1516
28.69054937362671	-1	5456
28.69054937362671	-1	5456
28.69054937362671	-1	5456
28.69054937362671	-1	5456
28.69054937362671	-1	5456
28.69054937362671	-1	5456
28.69054937362671	-1	5456
28.69054937362671	-1	5456
28.69054937362671	-1	5456
28.69054937362671	-1	5456
28.69056510925293	-1	705
28.707140922546387	-1	2098
28.707140922546387	-1	2098
28.707140922546387	-1	2098
28.707140922546387	-1	2098
28.74946093559265	-1	2098
28.74946093559265	-1	2098
28.74946093559265	-1	2098
28.74946093559265	-1	2098
28.750571727752686	-1	2098
28.750571727752686	-1	2098
28.750571727752686	-1	2098
28.750571727752686	-1	2098
28.910990715026855	-1	611
28.929996013641357	-1	2098
28.929996013641357	-1	2098
28.929996013641357	-1	2098
28.929996013641357	-1	2098
28.948965549468994	-1	2688
28.948965549468994	-1	2688
28.948965549468994	-1	2688
28.948965549468994	-1	2688
28.948965549468994	-1	2688
28.94898796081543	-1	2098
28.94898796081543	-1	2098
28.94898796081543	-1	2098
28.94898796081543	-1	2098
28.95027232170105	-1	2098
28.95027232170105	-1	2098
28.95027232170105	-1	2098
28.95027232170105	-1	2098
28.999274253845215	-1	1516
28.999274253845215	-1	1516
28.999284267425537	-1	964
29.040311336517334	-1	2098
29.040311336517334	-1	2098
29.040311336517334	-1	2098
29.040311336517334	-1	2098
29.48560094833374	-1	611
29.496446132659912	-1	2964
29.496446132659912	-1	2964
29.496446132659912	-1	2964
29.496446132659912	-1	2964
29.496446132659912	-1	2964
29.525004386901855	-1	5860
29.525004386901855	-1	5860
29.525004386901855	-1	5860
29.525004386901855	-1	5860
29.525004386901855	-1	5860
29.525004386901855	-1	5860
29.525004386901855	-1	5860
29.525004386901855	-1	5860
29.525004386901855	-1	5860
29.525004386901855	-1	5860
29.525004386901855	-1	5860
29.525125741958618	-1	1125
29.525125741958618	-1	1125
29.53501582145691	-1	8756
29.53501582145691	-1	8756
29.53501582145691	-1	8756
29.53501582145691	-1	8756
29.53501582145691	-1	8756
29.53501582145691	-1	8756
29.53501582145691	-1	8756
29.53501582145691	-1	8756
29.53501582145691	-1	8756
29.53501582145691	-1	8756
29.53501582145691	-1	8756
29.53501582145691	-1	8756
29.53501582145691	-1	8756
29.53501582145691	-1	8756
29.53501582145691	-1	8756
29.53501582145691	-1	8756
29.53501582145691	-1	8756
29.54999566078186	-1	8756
29.54999566078186	-1	8756
29.54999566078186	-1	8756
29.54999566078186	-1	8756
29.54999566078186	-1	8756
29.54999566078186	-1	8756
29.54999566078186	-1	8756
29.54999566078186	-1	8756
29.54999566078186	-1	8756
29.54999566078186	-1	8756
29.54999566078186	-1	8756
29.54999566078186	-1	8756
29.54999566078186	-1	8756
29.54999566078186	-1	8756
29.54999566078186	-1	8756
29.54999566078186	-1	8756
29.54999566078186	-1	8756
29.563447952270508	-1	10204
29.563447952270508	-1	10204
29.563447952270508	-1	10204
29.563447952270508	-1	10204
29.563447952270508	-1	10204
29.563447952270508	-1	10204
29.563447952270508	-1	10204
29.563447952270508	-1	10204
29.563447952270508	-1	10204
29.563447952270508	-1	10204
29.563447952270508	-1	10204
29.563447952270508	-1	10204
29.563447952270508	-1	10204
29.563447952270508	-1	10204
29.563447952270508	-1	10204
29.563447952270508	-1	10204
29.563447952270508	-1	10204
29.563447952270508	-1	10204
29.563447952270508	-1	10204
29.563666582107544	-1	611
29.58977246284485	-1	1516
29.58977246284485	-1	1516
29.64096689224243	-1	1306
29.64096689224243	-1	1306
30.825807809829712	-1	1516
30.825807809829712	-1	1516
30.8946475982666	-1	11652
30.8946475982666	-1	11652
30.8946475982666	-1	11652
30.8946475982666	-1	11652
30.8946475982666	-1	11652
30.8946475982666	-1	11652
30.8946475982666	-1	11652
30.8946475982666	-1	11652
30.8946475982666	-1	11652
30.8946475982666	-1	11652
30.8946475982666	-1	11652
30.8946475982666	-1	11652
30.8946475982666	-1	11652
30.8946475982666	-1	11652
30.8946475982666	-1	11652
30.8946475982666	-1	11652
30.8946475982666	-1	11652
30.8946475982666	-1	11652
30.8946475982666	-1	11652
30.8946475982666	-1	11652
30.8946475982666	-1	11652
30.8946475982666	-1	11652
30.91473412513733	-1	5860
30.91473412513733	-1	5860
30.91473412513733	-1	5860
30.91473412513733	-1	5860
30.91473412513733	-1	5860
30.91473412513733	-1	5860
30.91473412513733	-1	5860
30.91473412513733	-1	5860
30.91473412513733	-1	5860
30.91473412513733	-1	5860
30.91473412513733	-1	5860
30.91946244239807	-1	7308
30.91946244239807	-1	7308
30.91946244239807	-1	7308
30.91946244239807	-1	7308
30.91946244239807	-1	7308
30.91946244239807	-1	7308
30.91946244239807	-1	7308
30.91946244239807	-1	7308
30.91946244239807	-1	7308
30.91946244239807	-1	7308
30.91946244239807	-1	7308
30.91946244239807	-1	7308
30.91946244239807	-1	7308
30.91946244239807	-1	7308
30.931022882461548	-1	5860
30.931022882461548	-1	5860
30.931022882461548	-1	5860
30.931022882461548	-1	5860
30.931022882461548	-1	5860
30.931022882461548	-1	5860
30.931022882461548	-1	5860
30.931022882461548	-1	5860
30.931022882461548	-1	5860
30.931022882461548	-1	5860
30.931022882461548	-1	5860
30.931053638458252	-1	8756
30.931053638458252	-1	8756
30.931053638458252	-1	8756
30.931053638458252	-1	8756
30.931053638458252	-1	8756
30.931053638458252	-1	8756
30.931053638458252	-1	8756
30.931053638458252	-1	8756
30.931053638458252	-1	8756
30.931053638458252	-1	8756
30.931053638458252	-1	8756
30.931053638458252	-1	8756
30.931053638458252	-1	8756
30.931053638458252	-1	8756
30.931053638458252	-1	8756
30.931053638458252	-1	8756
30.931053638458252	-1	8756
30.94717764854431	-1	11652
30.94717764854431	-1	11652
30.94717764854431	-1	11652
30.94717764854431	-1	11652
30.94717764854431	-1	11652
30.94717764854431	-1	11652
30.94717764854431	-1	11652
30.94717764854431	-1	11652
30.94717764854431	-1	11652
30.94717764854431	-1	11652
30.94717764854431	-1	11652
30.94717764854431	-1	11652
30.94717764854431	-1	11652
30.94717764854431	-1	11652
30.94717764854431	-1	11652
30.94717764854431	-1	11652
30.94717764854431	-1	11652
30.94717764854431	-1	11652
30.94717764854431	-1	11652
30.94717764854431	-1	11652
30.94717764854431	-1	11652
30.94717764854431	-1	11652
30.94824504852295	-1	4412
30.94824504852295	-1	4412
30.94824504852295	-1	4412
30.94824504852295	-1	4412
30.94824504852295	-1	4412
30.94824504852295	-1	4412
30.94824504852295	-1	4412
30.94824504852295	-1	4412
30.953686714172363	-1	1994
30.953686714172363	-1	1994
30.953686714172363	-1	1994
31.294935703277588	-1	1154
31.294935703277588	-1	1154
31.29697012901306	-1	1516
31.29697012901306	-1	1516
31.333452463150024	-1	1516
31.333452463150024	-1	1516
31.333467960357666	-1	1342
31.333467960357666	-1	1342
31.364851474761963	-1	1516
31.364851474761963	-1	1516
31.367618083953857	-1	705
32.25247883796692	-1	611
32.55934548377991	-1	611
32.79216384887695	-1	611
35.353594064712524	-1	611
36.24710988998413	-1	1125
36.24710988998413	-1	1125
36.247132301330566	-1	1639
36.247132301330566	-1	1639
36.247132301330566	-1	1639
36.248196601867676	-1	1125
36.248196601867676	-1	1125
36.28434729576111	-1	1125
36.28434729576111	-1	1125
37.168294191360474	-1	2098
37.168294191360474	-1	2098
37.168294191360474	-1	2098
37.168294191360474	-1	2098
40.24173069000244	-1	1647
40.24173069000244	-1	1647
40.24173069000244	-1	1647
40.24175810813904	-1	3155
40.24175810813904	-1	3155
40.24175810813904	-1	3155
40.24175810813904	-1	3155
40.24175810813904	-1	3155
40.24175810813904	-1	3155
40.241766691207886	-1	1665
40.241766691207886	-1	1665
40.241766691207886	-1	1665
40.24269723892212	-1	611
40.25100374221802	-1	1125
40.25100374221802	-1	1125
40.25323009490967	-1	1516
40.25323009490967	-1	1516
40.95010948181152	-1	611
40.95017218589783	-1	611
41.78756594657898	-1	611
41.787580490112305	-1	2098
41.787580490112305	-1	2098
41.787580490112305	-1	2098
41.787580490112305	-1	2098
41.7875862121582	-1	2098
41.7875862121582	-1	2098
41.7875862121582	-1	2098
41.7875862121582	-1	2098
41.787588357925415	-1	1876
41.787588357925415	-1	1876
41.787588357925415	-1	1876
41.78773331642151	-1	611
41.79092597961426	-1	2098
41.79092597961426	-1	2098
41.79092597961426	-1	2098
41.79092597961426	-1	2098
41.7909619808197	-1	2116
41.7909619808197	-1	2116
41.7909619808197	-1	2116
41.7909619808197	-1	2116
41.80049204826355	-1	1230
41.80049204826355	-1	1230
41.800506353378296	-1	1125
41.800506353378296	-1	1125
41.83880090713501	-1	2098
41.83880090713501	-1	2098
41.83880090713501	-1	2098
41.83880090713501	-1	2098
41.83881235122681	-1	1802
41.83881235122681	-1	1802
41.83881235122681	-1	1802
41.88130831718445	-1	2688
41.88130831718445	-1	2688
41.88130831718445	-1	2688
41.88130831718445	-1	2688
41.88130831718445	-1	2688
41.88134145736694	-1	2098
41.88134145736694	-1	2098
41.88134145736694	-1	2098
41.88134145736694	-1	2098
41.881478786468506	-1	611
41.899184703826904	-1	1838
41.899184703826904	-1	1838
41.899184703826904	-1	1838
41.930230140686035	-1	1154
41.930230140686035	-1	1154
41.93766379356384	-1	1125
41.93766379356384	-1	1125
42.166391134262085	-1	2098
42.166391134262085	-1	2098
42.166391134262085	-1	2098
42.166391134262085	-1	2098
42.16700983047485	-1	1838
42.16700983047485	-1	1838
42.16700983047485	-1	1838
42.185646772384644	-1	2098
42.185646772384644	-1	2098
42.185646772384644	-1	2098
42.185646772384644	-1	2098
42.22434687614441	-1	2098
42.22434687614441	-1	2098
42.22434687614441	-1	2098
42.22434687614441	-1	2098
42.23656916618347	-1	2098
42.23656916618347	-1	2098
42.23656916618347	-1	2098
42.23656916618347	-1	2098
42.23669409751892	-1	611
42.70059561729431	-1	1968
42.70059561729431	-1	1968
42.70059561729431	-1	1968
42.7006049156189	-1	2098
42.7006049156189	-1	2098
42.7006049156189	-1	2098
42.7006049156189	-1	2098
42.70061755180359	-1	2098
42.70061755180359	-1	2098
42.70061755180359	-1	2098
42.70061755180359	-1	2098
42.70062756538391	-1	2098
42.70062756538391	-1	2098
42.70062756538391	-1	2098
42.70062756538391	-1	2098
42.70063400268555	-1	2098
42.70063400268555	-1	2098
42.70063400268555	-1	2098
42.70063400268555	-1	2098
42.70076394081116	-1	611
42.702202558517456	-1	2098
42.702202558517456	-1	2098
42.702202558517456	-1	2098
42.702202558517456	-1	2098
42.70220708847046	-1	2688
42.70220708847046	-1	2688
42.70220708847046	-1	2688
42.70220708847046	-1	2688
42.70220708847046	-1	2688
42.70221972465515	-1	1968
42.70221972465515	-1	1968
42.70221972465515	-1	1968
42.736443758010864	-1	611
42.77063798904419	-1	2688
42.77063798904419	-1	2688
42.77063798904419	-1	2688
42.77063798904419	-1	2688
42.77063798904419	-1	2688
42.772483825683594	-1	2116
42.772483825683594	-1	2116
42.772483825683594	-1	2116
42.772483825683594	-1	2116
42.81230807304382	-1	2098
42.81230807304382	-1	2098
42.81230807304382	-1	2098
42.81230807304382	-1	2098
42.81233859062195	-1	2098
42.81233859062195	-1	2098
42.81233859062195	-1	2098
42.81233859062195	-1	2098
42.82129955291748	-1	2928
42.82129955291748	-1	2928
42.82129955291748	-1	2928
42.82129955291748	-1	2928
42.82129955291748	-1	2928
42.8882851600647	-1	611
42.90890121459961	-1	611
42.92181134223938	-1	1125
42.92181134223938	-1	1125
42.931135177612305	-1	611
42.949400901794434	-1	611
42.96192908287048	-1	1516
42.96192908287048	-1	1516
42.964417934417725	-1	799
42.974225997924805	-1	611
44.54960298538208	-1	2098
44.54960298538208	-1	2098
44.54960298538208	-1	2098
44.54960298538208	-1	2098
44.549633264541626	-1	2153
44.549633264541626	-1	2153
44.549633264541626	-1	2153
44.549633264541626	-1	2153
44.54964470863342	-1	2134
44.54964470863342	-1	2134
44.54964470863342	-1	2134
44.54964470863342	-1	2134
44.54964900016785	-1	2522
44.54964900016785	-1	2522
44.54964900016785	-1	2522
44.54964900016785	-1	2522
44.54968190193176	-1	1516
44.54968190193176	-1	1516
44.54979848861694	-1	611
44.55149960517883	-1	2688
44.55149960517883	-1	2688
44.55149960517883	-1	2688
44.55149960517883	-1	2688
44.55149960517883	-1	2688
44.55151557922363	-1	1968
44.55151557922363	-1	1968
44.55151557922363	-1	1968
44.551517486572266	-1	2098
44.551517486572266	-1	2098
44.551517486572266	-1	2098
44.551517486572266	-1	2098
44.55152130126953	-1	2098
44.55152130126953	-1	2098
44.55152130126953	-1	2098
44.55152130126953	-1	2098
44.56599044799805	-1	1125
44.56599044799805	-1	1125
44.78346633911133	-1	2688
44.78346633911133	-1	2688
44.78346633911133	-1	2688
44.78346633911133	-1	2688
44.78346633911133	-1	2688
44.79301166534424	-1	611
44.804027795791626	-1	2134
44.804027795791626	-1	2134
44.804027795791626	-1	2134
44.804027795791626	-1	2134
44.80701494216919	-1	611
44.82286095619202	-1	2098
44.82286095619202	-1	2098
44.82286095619202	-1	2098
44.82286095619202	-1	2098
44.83971691131592	-1	1212
44.83971691131592	-1	1212
44.8563392162323	-1	1125
44.8563392162323	-1	1125
44.856645822525024	-1	1941
44.856645822525024	-1	1941
44.856645822525024	-1	1941
44.87139678001404	-1	1125
44.87139678001404	-1	1125
44.87141561508179	-1	611
44.89569044113159	-1	611
45.77209234237671	-1	2098
45.77209234237671	-1	2098
45.77209234237671	-1	2098
45.77209234237671	-1	2098
45.77212595939636	-1	3181
45.77212595939636	-1	3181
45.77212595939636	-1	3181
45.77212595939636	-1	3181
45.77212595939636	-1	3181
45.77212595939636	-1	3181
45.773701906204224	-1	1125
45.773701906204224	-1	1125
45.778425455093384	-1	1394
45.778425455093384	-1	1394
45.78271460533142	-1	1516
45.78271460533142	-1	1516
46.08390474319458	-1	611
46.085161447525024	-1	1125
46.085161447525024	-1	1125
46.38495135307312	-1	611
46.54852294921875	-1	2098
46.54852294921875	-1	2098
46.54852294921875	-1	2098
46.54852294921875	-1	2098
46.597142934799194	-1	1378
46.597142934799194	-1	1378
46.63653111457825	-1	1336
46.63653111457825	-1	1336
46.638418674468994	-1	611
46.650105476379395	-1	1125
46.650105476379395	-1	1125
46.66156888008118	-1	1378
46.66156888008118	-1	1378
46.794249296188354	-1	2098
46.794249296188354	-1	2098
46.794249296188354	-1	2098
46.794249296188354	-1	2098
46.9457483291626	-1	1336
46.9457483291626	-1	1336
46.947591066360474	-1	611
46.95796823501587	-1	1516
46.95796823501587	-1	1516
47.01293420791626	-1	705
48.897881746292114	-1	1378
48.897881746292114	-1	1378
48.95366382598877	-1	1665
48.95366382598877	-1	1665
48.95366382598877	-1	1665
48.95565390586853	-1	611
48.97257089614868	-1	1415
48.97257089614868	-1	1415
48.972607374191284	-1	1125
48.972607374191284	-1	1125
49.64897584915161	-1	611
50.07789993286133	-1	1154
50.07789993286133	-1	1154
50.24963736534119	-1	611
50.26578164100647	-1	1125
50.26578164100647	-1	1125
50.28701829910278	-1	611
50.29733395576477	-1	1516
50.29733395576477	-1	1516
50.324541330337524	-1	1516
50.324541330337524	-1	1516
50.330750465393066	-1	1139
50.330750465393066	-1	1139
50.33316612243652	-1	1516
50.33316612243652	-1	1516
50.34720754623413	-1	1342
50.34720754623413	-1	1342
51.30212664604187	-1	611
51.302154779434204	-1	2688
51.302154779434204	-1	2688
51.302154779434204	-1	2688
51.302154779434204	-1	2688
51.302154779434204	-1	2688
51.30216073989868	-1	2098
51.30216073989868	-1	2098
51.30216073989868	-1	2098
51.30216073989868	-1	2098
51.30328416824341	-1	1125
51.30328416824341	-1	1125
52.22296452522278	-1	1378
52.22296452522278	-1	1378
52.25898361206055	-1	519
52.315805196762085	-1	1125
52.315805196762085	-1	1125
52.32785654067993	-1	611
52.855812788009644	-1	2098
52.855812788009644	-1	2098
52.855812788009644	-1	2098
52.855812788009644	-1	2098
53.45222496986389	-1	1647
53.45222496986389	-1	1647
53.45222496986389	-1	1647
53.54011559486389	-1	1125
53.54011559486389	-1	1125
53.54088377952576	-1	611
53.56836199760437	-1	611
54.379655838012695	-1	1125
54.379655838012695	-1	1125
54.462599992752075	-1	611
54.46290373802185	-1	611
55.54174208641052	-1	611
55.77293157577515	-1	611
56.50244164466858	-1	2098
56.50244164466858	-1	2098
56.50244164466858	-1	2098
56.50244164466858	-1	2098
56.52707076072693	-1	1180
56.52707076072693	-1	1180
56.528266191482544	-1	1125
56.528266191482544	-1	1125
57.13943314552307	-1	2098
57.13943314552307	-1	2098
57.13943314552307	-1	2098
57.13943314552307	-1	2098
57.13944673538208	-1	1665
57.13944673538208	-1	1665
57.13944673538208	-1	1665
57.13945031166077	-1	2098
57.13945031166077	-1	2098
57.13945031166077	-1	2098
57.13945031166077	-1	2098
57.13945508003235	-1	2098
57.13945508003235	-1	2098
57.13945508003235	-1	2098
57.13945508003235	-1	2098
57.14949893951416	-1	611
57.17450928688049	-1	1230
57.17450928688049	-1	1230
58.37005925178528	-1	2098
58.37005925178528	-1	2098
58.37005925178528	-1	2098
58.37005925178528	-1	2098
58.37006974220276	-1	3408
58.37006974220276	-1	3408
58.37006974220276	-1	3408
58.37006974220276	-1	3408
58.37006974220276	-1	3408
58.37006974220276	-1	3408
58.37007427215576	-1	2116
58.37007427215576	-1	2116
58.37007427215576	-1	2116
58.37007427215576	-1	2116
58.37018537521362	-1	611
58.39298892021179	-1	1516
58.39298892021179	-1	1516
58.40696883201599	-1	1323
58.40696883201599	-1	1323
58.421287536621094	-1	1516
58.421287536621094	-1	1516
59.2994647026062	-1	2098
59.2994647026062	-1	2098
59.2994647026062	-1	2098
59.2994647026062	-1	2098
59.29949879646301	-1	1665
59.29949879646301	-1	1665
59.29949879646301	-1	1665
59.29951000213623	-1	2098
59.29951000213623	-1	2098
59.29951000213623	-1	2098
59.29951000213623	-1	2098
59.299524545669556	-1	2098
59.299524545669556	-1	2098
59.299524545669556	-1	2098
59.299524545669556	-1	2098
59.29953145980835	-1	2558
59.29953145980835	-1	2558
59.29953145980835	-1	2558
59.29953145980835	-1	2558
62.05268955230713	-1	2098
62.05268955230713	-1	2098
62.05268955230713	-1	2098
62.05268955230713	-1	2098
62.052703857421875	-1	1947
62.052703857421875	-1	1947
62.052703857421875	-1	1947
62.064443588256836	-1	611
62.98636436462402	-1	2098
62.98636436462402	-1	2098
62.98636436462402	-1	2098
62.98636436462402	-1	2098
63.06640410423279	-1	637
63.09346079826355	-1	611
66.36392402648926	-1	611
66.36492657661438	-1	1125
66.36492657661438	-1	1125
66.97587823867798	-1	1516
66.97587823867798	-1	1516
67.32099032402039	-1	2098
67.32099032402039	-1	2098
67.32099032402039	-1	2098
67.32099032402039	-1	2098
67.3210039138794	-1	1665
67.3210039138794	-1	1665
67.3210039138794	-1	1665
67.32822680473328	-1	1378
67.32822680473328	-1	1378
67.48060750961304	-1	872
67.48108005523682	-1	611
67.49111866950989	-1	1125
67.49111866950989	-1	1125
69.84953880310059	-1	611
69.84991431236267	-1	611
69.86703824996948	-1	611
69.87308812141418	-1	611
69.87941837310791	-1	1125
69.87941837310791	-1	1125
69.97169828414917	-1	611
70.65502309799194	-1	611
70.74629664421082	-1	611
71.9709165096283	-1	611
76.39753746986389	-1	611
77.33671736717224	-1	1125
77.33671736717224	-1	1125
77.34343194961548	-1	611
78.03635120391846	-1	611
78.03664898872375	-1	611
78.65068912506104	-1	611
78.65097117424011	-1	611
79.2562084197998	-1	611
81.78310561180115	-1	611
82.9592273235321	-1	1125
82.9592273235321	-1	1125
87.3217306137085	-1	611
92.00424933433533	-1	1516
92.00424933433533	-1	1516
92.76321721076965	-1	611
92.76354122161865	-1	611
95.24143481254578	-1	611
95.24170732498169	-1	611
95.85458374023438	-1	611
97.95458936691284	-1	611
