0.0	-1	611
0.26082372665405273	-1	611
0.7448203563690186	-1	611
1.0612711906433105	-1	611
1.0612854957580566	-1	611
3.965642213821411	-1	611
3.96803879737854	-1	611
5.222034931182861	-1	611
5.7696099281311035	-1	611
5.769638299942017	-1	611
5.769750595092773	-1	611
5.769830942153931	-1	611
5.980844020843506	-1	611
6.332294940948486	-1	611
6.977908611297607	-1	611
7.048362731933594	-1	611
7.295799493789673	-1	611
7.296119213104248	-1	611
7.302991151809692	-1	611
7.308142900466919	-1	1125
7.308142900466919	-1	1125
10.06459903717041	-1	611
10.064613819122314	-1	2641
10.064613819122314	-1	2641
10.064613819122314	-1	2641
10.064613819122314	-1	2641
10.064613819122314	-1	2641
10.064618349075317	-1	2932
10.064618349075317	-1	2932
10.064618349075317	-1	2932
10.064618349075317	-1	2932
10.064618349075317	-1	2932
10.064620971679688	-1	2334
10.064620971679688	-1	2334
10.064620971679688	-1	2334
10.064620971679688	-1	2334
10.064916849136353	-1	611
10.074644565582275	-1	1219
10.074644565582275	-1	1219
10.076436758041382	-1	1125
10.076436758041382	-1	1125
10.088661432266235	-1	611
10.675493001937866	-1	611
10.675951480865479	-1	611
10.980029582977295	-1	611
11.204876899719238	-1	611
11.233047723770142	-1	1500
11.233047723770142	-1	1500
11.233463525772095	-1	611
11.25266408920288	-1	1322
11.25266408920288	-1	1322
11.253159999847412	-1	611
11.27691102027893	-1	611
11.603205919265747	-1	611
11.603461980819702	-1	611
11.904008865356445	-1	611
11.904987096786499	-1	1125
11.904987096786499	-1	1125
12.00145673751831	-1	611
13.133193731307983	-1	611
13.288086175918579	-1	611
13.361098527908325	-1	1154
13.361098527908325	-1	1154
13.361605882644653	-1	611
13.372777700424194	-1	1125
13.372777700424194	-1	1125
13.80633282661438	-1	1500
13.80633282661438	-1	1500
13.80712604522705	-1	1516
13.80712604522705	-1	1516
13.809528112411499	-1	611
13.816798448562622	-1	2098
13.816798448562622	-1	2098
13.816798448562622	-1	2098
13.816798448562622	-1	2098
13.81687879562378	-1	611
13.83059024810791	-1	2316
13.83059024810791	-1	2316
13.83059024810791	-1	2316
13.83059024810791	-1	2316
13.869510889053345	-1	2334
13.869510889053345	-1	2334
13.869510889053345	-1	2334
13.869510889053345	-1	2334
13.871042966842651	-1	611
13.885857820510864	-1	611
14.547008514404297	-1	1125
14.547008514404297	-1	1125
14.595678806304932	-1	1154
14.595678806304932	-1	1154
14.595944166183472	-1	611
15.256104230880737	-1	611
15.260505676269531	-1	1125
15.260505676269531	-1	1125
15.263039827346802	-1	611
15.272185802459717	-1	611
15.67386507987976	-1	611
15.871893167495728	-1	611
15.926942348480225	-1	1125
15.926942348480225	-1	1125
15.930131196975708	-1	1125
15.930131196975708	-1	1125
15.985110521316528	-1	1516
15.985110521316528	-1	1516
16.819664478302002	-1	611
16.81967854499817	-1	1668
16.81967854499817	-1	1668
16.81967854499817	-1	1668
16.82009530067444	-1	1125
16.82009530067444	-1	1125
16.971068382263184	-1	2098
16.971068382263184	-1	2098
16.971068382263184	-1	2098
16.971068382263184	-1	2098
16.97144341468811	-1	2116
16.97144341468811	-1	2116
16.97144341468811	-1	2116
16.97144341468811	-1	2116
16.983500480651855	-1	2098
16.983500480651855	-1	2098
16.983500480651855	-1	2098
16.983500480651855	-1	2098
16.99214792251587	-1	611
16.9929256439209	-1	2098
16.9929256439209	-1	2098
16.9929256439209	-1	2098
16.9929256439209	-1	2098
16.995869398117065	-1	3386
16.995869398117065	-1	3386
16.995869398117065	-1	3386
16.995869398117065	-1	3386
16.995869398117065	-1	3386
16.995869398117065	-1	3386
17.006458044052124	-1	2932
17.006458044052124	-1	2932
17.006458044052124	-1	2932
17.006458044052124	-1	2932
17.006458044052124	-1	2932
17.017866849899292	-1	1516
17.017866849899292	-1	1516
17.018006086349487	-1	611
17.020961046218872	-1	868
17.03027844429016	-1	2134
17.03027844429016	-1	2134
17.03027844429016	-1	2134
17.03027844429016	-1	2134
17.03804039955139	-1	2098
17.03804039955139	-1	2098
17.03804039955139	-1	2098
17.03804039955139	-1	2098
17.0461483001709	-1	1009
17.04656958580017	-1	611
17.048567295074463	-1	2098
17.048567295074463	-1	2098
17.048567295074463	-1	2098
17.048567295074463	-1	2098
17.049843072891235	-1	2932
17.049843072891235	-1	2932
17.049843072891235	-1	2932
17.049843072891235	-1	2932
17.049843072891235	-1	2932
17.06156826019287	-1	2134
17.06156826019287	-1	2134
17.06156826019287	-1	2134
17.06156826019287	-1	2134
17.08862328529358	-1	1516
17.08862328529358	-1	1516
17.112480401992798	-1	734
17.198437213897705	-1	2098
17.198437213897705	-1	2098
17.198437213897705	-1	2098
17.198437213897705	-1	2098
17.19844388961792	-1	1736
17.19844388961792	-1	1736
17.19844388961792	-1	1736
17.211697340011597	-1	2116
17.211697340011597	-1	2116
17.211697340011597	-1	2116
17.211697340011597	-1	2116
17.211833000183105	-1	1125
17.211833000183105	-1	1125
17.221277236938477	-1	2098
17.221277236938477	-1	2098
17.221277236938477	-1	2098
17.221277236938477	-1	2098
17.22588562965393	-1	2552
17.22588562965393	-1	2552
17.22588562965393	-1	2552
17.22588562965393	-1	2552
17.236876964569092	-1	2334
17.236876964569092	-1	2334
17.236876964569092	-1	2334
17.236876964569092	-1	2334
17.250388145446777	-1	2098
17.250388145446777	-1	2098
17.250388145446777	-1	2098
17.250388145446777	-1	2098
17.25039529800415	-1	2152
17.25039529800415	-1	2152
17.25039529800415	-1	2152
17.25039529800415	-1	2152
17.250400066375732	-1	1541
17.250400066375732	-1	1541
17.250400066375732	-1	1541
17.256412744522095	-1	2098
17.256412744522095	-1	2098
17.256412744522095	-1	2098
17.256412744522095	-1	2098
17.262208461761475	-1	2932
17.262208461761475	-1	2932
17.262208461761475	-1	2932
17.262208461761475	-1	2932
17.262208461761475	-1	2932
17.262239933013916	-1	2098
17.262239933013916	-1	2098
17.262239933013916	-1	2098
17.262239933013916	-1	2098
17.262354135513306	-1	611
17.269219160079956	-1	2098
17.269219160079956	-1	2098
17.269219160079956	-1	2098
17.269219160079956	-1	2098
17.271204471588135	-1	2806
17.271204471588135	-1	2806
17.271204471588135	-1	2806
17.271204471588135	-1	2806
17.271204471588135	-1	2806
17.281588554382324	-1	2116
17.281588554382324	-1	2116
17.281588554382324	-1	2116
17.281588554382324	-1	2116
17.285539150238037	-1	2098
17.285539150238037	-1	2098
17.285539150238037	-1	2098
17.285539150238037	-1	2098
17.2897207736969	-1	650
17.458147048950195	-1	1516
17.458147048950195	-1	1516
17.458266019821167	-1	1125
17.458266019821167	-1	1125
17.47105860710144	-1	2098
17.47105860710144	-1	2098
17.47105860710144	-1	2098
17.47105860710144	-1	2098
17.47160816192627	-1	2098
17.47160816192627	-1	2098
17.47160816192627	-1	2098
17.47160816192627	-1	2098
17.47162961959839	-1	1516
17.47162961959839	-1	1516
17.471895933151245	-1	611
17.500059604644775	-1	611
18.05399465560913	-1	611
18.05436086654663	-1	611
18.153589725494385	-1	611
18.164427042007446	-1	1516
18.164427042007446	-1	1516
18.21378993988037	-1	611
18.214245557785034	-1	611
18.254652738571167	-1	611
18.255231857299805	-1	1125
18.255231857299805	-1	1125
18.97705054283142	-1	611
18.977065086364746	-1	2932
18.977065086364746	-1	2932
18.977065086364746	-1	2932
18.977065086364746	-1	2932
18.977065086364746	-1	2932
18.977083206176758	-1	2932
18.977083206176758	-1	2932
18.977083206176758	-1	2932
18.977083206176758	-1	2932
18.977083206176758	-1	2932
18.989027738571167	-1	653
19.071498155593872	-1	611
19.071730136871338	-1	611
19.98832893371582	-1	1125
19.98832893371582	-1	1125
20.08531904220581	-1	2098
20.08531904220581	-1	2098
20.08531904220581	-1	2098
20.08531904220581	-1	2098
20.813289880752563	-1	831
20.814698696136475	-1	1125
20.814698696136475	-1	1125
20.821571826934814	-1	1154
20.821571826934814	-1	1154
20.82419228553772	-1	1516
20.82419228553772	-1	1516
20.842301607131958	-1	1516
20.842301607131958	-1	1516
20.90163826942444	-1	1516
20.90163826942444	-1	1516
21.44127655029297	-1	2098
21.44127655029297	-1	2098
21.44127655029297	-1	2098
21.44127655029297	-1	2098
21.441298007965088	-1	2208
21.441298007965088	-1	2208
21.441298007965088	-1	2208
21.441298007965088	-1	2208
21.441303968429565	-1	2098
21.441303968429565	-1	2098
21.441303968429565	-1	2098
21.441303968429565	-1	2098
21.44130778312683	-1	2932
21.44130778312683	-1	2932
21.44130778312683	-1	2932
21.44130778312683	-1	2932
21.44130778312683	-1	2932
21.441315412521362	-1	1718
21.441315412521362	-1	1718
21.441315412521362	-1	1718
21.441319227218628	-1	2098
21.441319227218628	-1	2098
21.441319227218628	-1	2098
21.441319227218628	-1	2098
21.441584825515747	-1	611
21.452343702316284	-1	1516
21.452343702316284	-1	1516
21.533915281295776	-1	2098
21.533915281295776	-1	2098
21.533915281295776	-1	2098
21.533915281295776	-1	2098
21.53408670425415	-1	611
21.541492462158203	-1	1736
21.541492462158203	-1	1736
21.541492462158203	-1	1736
21.54306697845459	-1	2932
21.54306697845459	-1	2932
21.54306697845459	-1	2932
21.54306697845459	-1	2932
21.54306697845459	-1	2932
21.553178548812866	-1	611
21.553202867507935	-1	1516
21.553202867507935	-1	1516
21.574938535690308	-1	1371
21.574938535690308	-1	1371
21.612349271774292	-1	611
21.987476587295532	-1	611
22.221940517425537	-1	1500
22.221940517425537	-1	1500
22.221946716308594	-1	611
22.22220802307129	-1	1125
22.22220802307129	-1	1125
22.222580909729004	-1	1639
22.222580909729004	-1	1639
22.222580909729004	-1	1639
22.578693151474	-1	1264
22.578693151474	-1	1264
22.57888889312744	-1	611
22.60510492324829	-1	611
22.624587059020996	-1	611
22.62460231781006	-1	611
22.639262914657593	-1	611
22.98979377746582	-1	611
23.055400133132935	-1	1125
23.055400133132935	-1	1125
23.25856852531433	-1	1125
23.25856852531433	-1	1125
23.258872985839844	-1	611
23.268110275268555	-1	1125
23.268110275268555	-1	1125
23.3927059173584	-1	1500
23.3927059173584	-1	1500
23.442959547042847	-1	611
23.4526948928833	-1	1516
23.4526948928833	-1	1516
23.4557523727417	-1	705
23.519181966781616	-1	611
23.519591093063354	-1	611
23.54263186454773	-1	611
23.55238389968872	-1	611
23.989633321762085	-1	1516
23.989633321762085	-1	1516
24.50414729118347	-1	2098
24.50414729118347	-1	2098
24.50414729118347	-1	2098
24.50414729118347	-1	2098
24.504181385040283	-1	2116
24.504181385040283	-1	2116
24.504181385040283	-1	2116
24.504181385040283	-1	2116
24.50419282913208	-1	2704
24.50419282913208	-1	2704
24.50419282913208	-1	2704
24.50419282913208	-1	2704
24.50419282913208	-1	2704
24.50420904159546	-1	2134
24.50420904159546	-1	2134
24.50420904159546	-1	2134
24.50420904159546	-1	2134
24.504215240478516	-1	2534
24.504215240478516	-1	2534
24.504215240478516	-1	2534
24.504215240478516	-1	2534
24.504955530166626	-1	611
24.507484197616577	-1	2116
24.507484197616577	-1	2116
24.507484197616577	-1	2116
24.507484197616577	-1	2116
24.507511138916016	-1	2098
24.507511138916016	-1	2098
24.507511138916016	-1	2098
24.507511138916016	-1	2098
24.50752019882202	-1	3386
24.50752019882202	-1	3386
24.50752019882202	-1	3386
24.50752019882202	-1	3386
24.50752019882202	-1	3386
24.50752019882202	-1	3386
24.507524490356445	-1	2116
24.507524490356445	-1	2116
24.507524490356445	-1	2116
24.507524490356445	-1	2116
24.51685404777527	-1	1125
24.51685404777527	-1	1125
24.521706581115723	-1	2098
24.521706581115723	-1	2098
24.521706581115723	-1	2098
24.521706581115723	-1	2098
24.521727561950684	-1	2170
24.521727561950684	-1	2170
24.521727561950684	-1	2170
24.521727561950684	-1	2170
24.527488708496094	-1	611
24.54681158065796	-1	2098
24.54681158065796	-1	2098
24.54681158065796	-1	2098
24.54681158065796	-1	2098
24.81097650527954	-1	2098
24.81097650527954	-1	2098
24.81097650527954	-1	2098
24.81097650527954	-1	2098
24.81101655960083	-1	2098
24.81101655960083	-1	2098
24.81101655960083	-1	2098
24.81101655960083	-1	2098
24.81101942062378	-1	2098
24.81101942062378	-1	2098
24.81101942062378	-1	2098
24.81101942062378	-1	2098
24.81102442741394	-1	2098
24.81102442741394	-1	2098
24.81102442741394	-1	2098
24.81102442741394	-1	2098
24.814614057540894	-1	2098
24.814614057540894	-1	2098
24.814614057540894	-1	2098
24.814614057540894	-1	2098
24.814642667770386	-1	2188
24.814642667770386	-1	2188
24.814642667770386	-1	2188
24.814642667770386	-1	2188
24.814655780792236	-1	2118
24.814655780792236	-1	2118
24.814655780792236	-1	2118
24.814655780792236	-1	2118
24.814668655395508	-1	2134
24.814668655395508	-1	2134
24.814668655395508	-1	2134
24.814668655395508	-1	2134
24.81487727165222	-1	611
24.818307161331177	-1	2098
24.818307161331177	-1	2098
24.818307161331177	-1	2098
24.818307161331177	-1	2098
24.828819274902344	-1	2098
24.828819274902344	-1	2098
24.828819274902344	-1	2098
24.828819274902344	-1	2098
24.82884907722473	-1	623
24.86492133140564	-1	4412
24.86492133140564	-1	4412
24.86492133140564	-1	4412
24.86492133140564	-1	4412
24.86492133140564	-1	4412
24.86492133140564	-1	4412
24.86492133140564	-1	4412
24.86492133140564	-1	4412
24.87284755706787	-1	7308
24.87284755706787	-1	7308
24.87284755706787	-1	7308
24.87284755706787	-1	7308
24.87284755706787	-1	7308
24.87284755706787	-1	7308
24.87284755706787	-1	7308
24.87284755706787	-1	7308
24.87284755706787	-1	7308
24.87284755706787	-1	7308
24.87284755706787	-1	7308
24.87284755706787	-1	7308
24.87284755706787	-1	7308
24.87284755706787	-1	7308
24.89887046813965	-1	8532
24.89887046813965	-1	8532
24.89887046813965	-1	8532
24.89887046813965	-1	8532
24.89887046813965	-1	8532
24.89887046813965	-1	8532
24.89887046813965	-1	8532
24.89887046813965	-1	8532
24.89887046813965	-1	8532
24.89887046813965	-1	8532
24.89887046813965	-1	8532
24.89887046813965	-1	8532
24.89887046813965	-1	8532
24.89887046813965	-1	8532
24.89887046813965	-1	8532
24.89887046813965	-1	8532
24.972618341445923	-1	2116
24.972618341445923	-1	2116
24.972618341445923	-1	2116
24.972618341445923	-1	2116
24.982425928115845	-1	2098
24.982425928115845	-1	2098
24.982425928115845	-1	2098
24.982425928115845	-1	2098
24.990954160690308	-1	611
24.994161367416382	-1	1516
24.994161367416382	-1	1516
24.995185136795044	-1	2334
24.995185136795044	-1	2334
24.995185136795044	-1	2334
24.995185136795044	-1	2334
25.00475001335144	-1	2098
25.00475001335144	-1	2098
25.00475001335144	-1	2098
25.00475001335144	-1	2098
25.00490140914917	-1	611
25.038541793823242	-1	2964
25.038541793823242	-1	2964
25.038541793823242	-1	2964
25.038541793823242	-1	2964
25.038541793823242	-1	2964
25.039090394973755	-1	2116
25.039090394973755	-1	2116
25.039090394973755	-1	2116
25.039090394973755	-1	2116
25.046850442886353	-1	2570
25.046850442886353	-1	2570
25.046850442886353	-1	2570
25.046850442886353	-1	2570
25.046850442886353	-1	2570
25.047016143798828	-1	611
25.104132890701294	-1	5860
25.104132890701294	-1	5860
25.104132890701294	-1	5860
25.104132890701294	-1	5860
25.104132890701294	-1	5860
25.104132890701294	-1	5860
25.104132890701294	-1	5860
25.104132890701294	-1	5860
25.104132890701294	-1	5860
25.104132890701294	-1	5860
25.104132890701294	-1	5860
25.104541778564453	-1	611
25.124818325042725	-1	7308
25.124818325042725	-1	7308
25.124818325042725	-1	7308
25.124818325042725	-1	7308
25.124818325042725	-1	7308
25.124818325042725	-1	7308
25.124818325042725	-1	7308
25.124818325042725	-1	7308
25.124818325042725	-1	7308
25.124818325042725	-1	7308
25.124818325042725	-1	7308
25.124818325042725	-1	7308
25.124818325042725	-1	7308
25.124818325042725	-1	7308
25.12486457824707	-1	1125
25.12486457824707	-1	1125
25.135077238082886	-1	7308
25.135077238082886	-1	7308
25.135077238082886	-1	7308
25.135077238082886	-1	7308
25.135077238082886	-1	7308
25.135077238082886	-1	7308
25.135077238082886	-1	7308
25.135077238082886	-1	7308
25.135077238082886	-1	7308
25.135077238082886	-1	7308
25.135077238082886	-1	7308
25.135077238082886	-1	7308
25.135077238082886	-1	7308
25.135077238082886	-1	7308
25.135330200195312	-1	611
25.144696950912476	-1	7308
25.144696950912476	-1	7308
25.144696950912476	-1	7308
25.144696950912476	-1	7308
25.144696950912476	-1	7308
25.144696950912476	-1	7308
25.144696950912476	-1	7308
25.144696950912476	-1	7308
25.144696950912476	-1	7308
25.144696950912476	-1	7308
25.144696950912476	-1	7308
25.144696950912476	-1	7308
25.144696950912476	-1	7308
25.144696950912476	-1	7308
25.238903522491455	-1	611
25.35627841949463	-1	2263
25.35627841949463	-1	2263
25.35627841949463	-1	2263
25.35627841949463	-1	2263
25.399495363235474	-1	1500
25.399495363235474	-1	1500
25.39951801300049	-1	2098
25.39951801300049	-1	2098
25.39951801300049	-1	2098
25.39951801300049	-1	2098
25.415149688720703	-1	902
25.42163062095642	-1	2098
25.42163062095642	-1	2098
25.42163062095642	-1	2098
25.42163062095642	-1	2098
25.42163896560669	-1	1956
25.42163896560669	-1	1956
25.42163896560669	-1	1956
25.48098349571228	-1	611
25.492878913879395	-1	611
25.493274450302124	-1	611
25.572781801223755	-1	2098
25.572781801223755	-1	2098
25.572781801223755	-1	2098
25.572781801223755	-1	2098
25.574288845062256	-1	2116
25.574288845062256	-1	2116
25.574288845062256	-1	2116
25.574288845062256	-1	2116
25.57430410385132	-1	2098
25.57430410385132	-1	2098
25.57430410385132	-1	2098
25.57430410385132	-1	2098
25.585569381713867	-1	2098
25.585569381713867	-1	2098
25.585569381713867	-1	2098
25.585569381713867	-1	2098
25.586060762405396	-1	2334
25.586060762405396	-1	2334
25.586060762405396	-1	2334
25.586060762405396	-1	2334
25.59584403038025	-1	3530
25.59584403038025	-1	3530
25.59584403038025	-1	3530
25.59584403038025	-1	3530
25.59584403038025	-1	3530
25.59584403038025	-1	3530
25.595978498458862	-1	611
25.60764503479004	-1	1516
25.60764503479004	-1	1516
25.61019468307495	-1	2964
25.61019468307495	-1	2964
25.61019468307495	-1	2964
25.61019468307495	-1	2964
25.61019468307495	-1	2964
25.612597465515137	-1	611
25.628506660461426	-1	806
25.711331844329834	-1	1500
25.711331844329834	-1	1500
25.74828052520752	-1	796
25.99033784866333	-1	611
26.047056198120117	-1	611
26.047330617904663	-1	611
26.343629360198975	-1	611
26.34420943260193	-1	1125
26.34420943260193	-1	1125
26.351402521133423	-1	611
26.353923559188843	-1	611
26.50639772415161	-1	611
26.601171016693115	-1	611
26.960793018341064	-1	611
26.960806608200073	-1	1500
26.960806608200073	-1	1500
26.96081018447876	-1	2098
26.96081018447876	-1	2098
26.96081018447876	-1	2098
26.96081018447876	-1	2098
26.960811853408813	-1	611
26.960827827453613	-1	2098
26.960827827453613	-1	2098
26.960827827453613	-1	2098
26.960827827453613	-1	2098
26.96084427833557	-1	2932
26.96084427833557	-1	2932
26.96084427833557	-1	2932
26.96084427833557	-1	2932
26.96084427833557	-1	2932
26.96831202507019	-1	3150
26.96831202507019	-1	3150
26.96831202507019	-1	3150
26.96831202507019	-1	3150
26.96831202507019	-1	3150
26.96831202507019	-1	3150
26.989811420440674	-1	611
27.041977167129517	-1	1028
27.041977167129517	-1	1028
27.042140245437622	-1	611
27.10766053199768	-1	925
27.134445667266846	-1	611
27.14978575706482	-1	611
27.183170795440674	-1	611
27.19304919242859	-1	1516
27.19304919242859	-1	1516
27.439488172531128	-1	611
27.5331449508667	-1	1125
27.5331449508667	-1	1125
27.546701192855835	-1	1500
27.546701192855835	-1	1500
27.578407287597656	-1	1500
27.578407287597656	-1	1500
27.57845973968506	-1	1154
27.57845973968506	-1	1154
27.57891345024109	-1	611
27.59389066696167	-1	1500
27.59389066696167	-1	1500
27.593915224075317	-1	611
27.60544991493225	-1	2098
27.60544991493225	-1	2098
27.60544991493225	-1	2098
27.60544991493225	-1	2098
27.616211414337158	-1	2098
27.616211414337158	-1	2098
27.616211414337158	-1	2098
27.616211414337158	-1	2098
27.6457679271698	-1	1516
27.6457679271698	-1	1516
27.65891695022583	-1	2029
27.65891695022583	-1	2029
27.65891695022583	-1	2029
27.659043073654175	-1	611
27.68374013900757	-1	611
27.69387698173523	-1	1516
27.69387698173523	-1	1516
27.721272468566895	-1	611
27.769187211990356	-1	860
27.880885362625122	-1	1235
27.880885362625122	-1	1235
27.881311893463135	-1	611
27.892096996307373	-1	2098
27.892096996307373	-1	2098
27.892096996307373	-1	2098
27.892096996307373	-1	2098
27.892112493515015	-1	2116
27.892112493515015	-1	2116
27.892112493515015	-1	2116
27.892112493515015	-1	2116
27.903247833251953	-1	2098
27.903247833251953	-1	2098
27.903247833251953	-1	2098
27.903247833251953	-1	2098
27.90718936920166	-1	522
27.91398596763611	-1	2098
27.91398596763611	-1	2098
27.91398596763611	-1	2098
27.91398596763611	-1	2098
27.914000511169434	-1	2098
27.914000511169434	-1	2098
27.914000511169434	-1	2098
27.914000511169434	-1	2098
27.914122819900513	-1	611
27.924717664718628	-1	2098
27.924717664718628	-1	2098
27.924717664718628	-1	2098
27.924717664718628	-1	2098
27.936209440231323	-1	4200
27.936209440231323	-1	4200
27.936209440231323	-1	4200
27.936209440231323	-1	4200
27.936209440231323	-1	4200
27.936209440231323	-1	4200
27.936209440231323	-1	4200
27.936209440231323	-1	4200
27.936234712600708	-1	611
27.951283931732178	-1	5860
27.951283931732178	-1	5860
27.951283931732178	-1	5860
27.951283931732178	-1	5860
27.951283931732178	-1	5860
27.951283931732178	-1	5860
27.951283931732178	-1	5860
27.951283931732178	-1	5860
27.951283931732178	-1	5860
27.951283931732178	-1	5860
27.951283931732178	-1	5860
27.970024824142456	-1	2964
27.970024824142456	-1	2964
27.970024824142456	-1	2964
27.970024824142456	-1	2964
27.970024824142456	-1	2964
27.970065593719482	-1	4412
27.970065593719482	-1	4412
27.970065593719482	-1	4412
27.970065593719482	-1	4412
27.970065593719482	-1	4412
27.970065593719482	-1	4412
27.970065593719482	-1	4412
27.970065593719482	-1	4412
27.970619201660156	-1	1516
27.970619201660156	-1	1516
27.97152066230774	-1	611
27.990264892578125	-1	1572
27.990264892578125	-1	1572
27.990264892578125	-1	1572
27.993465662002563	-1	2098
27.993465662002563	-1	2098
27.993465662002563	-1	2098
27.993465662002563	-1	2098
27.994581937789917	-1	2098
27.994581937789917	-1	2098
27.994581937789917	-1	2098
27.994581937789917	-1	2098
27.994591236114502	-1	1516
27.994591236114502	-1	1516
28.00286316871643	-1	611
28.008079051971436	-1	1516
28.008079051971436	-1	1516
28.008081436157227	-1	1392
28.008081436157227	-1	1392
28.01519799232483	-1	2098
28.01519799232483	-1	2098
28.01519799232483	-1	2098
28.01519799232483	-1	2098
28.021063327789307	-1	611
28.05082631111145	-1	4180
28.05082631111145	-1	4180
28.05082631111145	-1	4180
28.05082631111145	-1	4180
28.05082631111145	-1	4180
28.05082631111145	-1	4180
28.05082631111145	-1	4180
28.05082631111145	-1	4180
28.198137521743774	-1	2098
28.198137521743774	-1	2098
28.198137521743774	-1	2098
28.198137521743774	-1	2098
28.2088885307312	-1	2098
28.2088885307312	-1	2098
28.2088885307312	-1	2098
28.2088885307312	-1	2098
28.208916902542114	-1	2098
28.208916902542114	-1	2098
28.208916902542114	-1	2098
28.208916902542114	-1	2098
28.231973886489868	-1	2098
28.231973886489868	-1	2098
28.231973886489868	-1	2098
28.231973886489868	-1	2098
28.245182514190674	-1	2098
28.245182514190674	-1	2098
28.245182514190674	-1	2098
28.245182514190674	-1	2098
28.255900621414185	-1	2098
28.255900621414185	-1	2098
28.255900621414185	-1	2098
28.255900621414185	-1	2098
28.256038427352905	-1	611
28.25645661354065	-1	2098
28.25645661354065	-1	2098
28.25645661354065	-1	2098
28.25645661354065	-1	2098
28.289098739624023	-1	2098
28.289098739624023	-1	2098
28.289098739624023	-1	2098
28.289098739624023	-1	2098
28.289117336273193	-1	2098
28.289117336273193	-1	2098
28.289117336273193	-1	2098
28.289117336273193	-1	2098
28.289123058319092	-1	2098
28.289123058319092	-1	2098
28.289123058319092	-1	2098
28.289123058319092	-1	2098
28.29728627204895	-1	1516
28.29728627204895	-1	1516
28.321739673614502	-1	5860
28.321739673614502	-1	5860
28.321739673614502	-1	5860
28.321739673614502	-1	5860
28.321739673614502	-1	5860
28.321739673614502	-1	5860
28.321739673614502	-1	5860
28.321739673614502	-1	5860
28.321739673614502	-1	5860
28.321739673614502	-1	5860
28.321739673614502	-1	5860
28.330992698669434	-1	8756
28.330992698669434	-1	8756
28.330992698669434	-1	8756
28.330992698669434	-1	8756
28.330992698669434	-1	8756
28.330992698669434	-1	8756
28.330992698669434	-1	8756
28.330992698669434	-1	8756
28.330992698669434	-1	8756
28.330992698669434	-1	8756
28.330992698669434	-1	8756
28.330992698669434	-1	8756
28.330992698669434	-1	8756
28.330992698669434	-1	8756
28.330992698669434	-1	8756
28.330992698669434	-1	8756
28.330992698669434	-1	8756
28.331303358078003	-1	1125
28.331303358078003	-1	1125
28.34553551673889	-1	11652
28.34553551673889	-1	11652
28.34553551673889	-1	11652
28.34553551673889	-1	11652
28.34553551673889	-1	11652
28.34553551673889	-1	11652
28.34553551673889	-1	11652
28.34553551673889	-1	11652
28.34553551673889	-1	11652
28.34553551673889	-1	11652
28.34553551673889	-1	11652
28.34553551673889	-1	11652
28.34553551673889	-1	11652
28.34553551673889	-1	11652
28.34553551673889	-1	11652
28.34553551673889	-1	11652
28.34553551673889	-1	11652
28.34553551673889	-1	11652
28.34553551673889	-1	11652
28.34553551673889	-1	11652
28.34553551673889	-1	11652
28.34553551673889	-1	11652
28.345815181732178	-1	611
28.380253791809082	-1	1516
28.380253791809082	-1	1516
28.38036036491394	-1	11652
28.38036036491394	-1	11652
28.38036036491394	-1	11652
28.38036036491394	-1	11652
28.38036036491394	-1	11652
28.38036036491394	-1	11652
28.38036036491394	-1	11652
28.38036036491394	-1	11652
28.38036036491394	-1	11652
28.38036036491394	-1	11652
28.38036036491394	-1	11652
28.38036036491394	-1	11652
28.38036036491394	-1	11652
28.38036036491394	-1	11652
28.38036036491394	-1	11652
28.38036036491394	-1	11652
28.38036036491394	-1	11652
28.38036036491394	-1	11652
28.38036036491394	-1	11652
28.38036036491394	-1	11652
28.38036036491394	-1	11652
28.38036036491394	-1	11652
28.39061427116394	-1	2964
28.39061427116394	-1	2964
28.39061427116394	-1	2964
28.39061427116394	-1	2964
28.39061427116394	-1	2964
28.39065957069397	-1	7045
28.39065957069397	-1	7045
28.39065957069397	-1	7045
28.39065957069397	-1	7045
28.39065957069397	-1	7045
28.39065957069397	-1	7045
28.39065957069397	-1	7045
28.39065957069397	-1	7045
28.39065957069397	-1	7045
28.39065957069397	-1	7045
28.39065957069397	-1	7045
28.39065957069397	-1	7045
28.39065957069397	-1	7045
28.391237020492554	-1	611
28.408995628356934	-1	611
28.420653820037842	-1	1516
28.420653820037842	-1	1516
28.452206134796143	-1	1235
28.452206134796143	-1	1235
28.452229499816895	-1	2098
28.452229499816895	-1	2098
28.452229499816895	-1	2098
28.452229499816895	-1	2098
28.461435079574585	-1	1516
28.461435079574585	-1	1516
28.461444854736328	-1	1494
28.461444854736328	-1	1494
28.461453199386597	-1	2098
28.461453199386597	-1	2098
28.461453199386597	-1	2098
28.461453199386597	-1	2098
28.461755752563477	-1	2316
28.461755752563477	-1	2316
28.461755752563477	-1	2316
28.461755752563477	-1	2316
28.476175785064697	-1	2932
28.476175785064697	-1	2932
28.476175785064697	-1	2932
28.476175785064697	-1	2932
28.476175785064697	-1	2932
28.479861974716187	-1	1516
28.479861974716187	-1	1516
28.482840538024902	-1	5198
28.482840538024902	-1	5198
28.482840538024902	-1	5198
28.482840538024902	-1	5198
28.482840538024902	-1	5198
28.482840538024902	-1	5198
28.482840538024902	-1	5198
28.482840538024902	-1	5198
28.482840538024902	-1	5198
28.482840538024902	-1	5198
28.483853101730347	-1	763
28.497472763061523	-1	1125
28.497472763061523	-1	1125
28.698456287384033	-1	611
28.707082986831665	-1	1313
28.707082986831665	-1	1313
28.710415363311768	-1	611
28.99008870124817	-1	611
28.998770236968994	-1	2098
28.998770236968994	-1	2098
28.998770236968994	-1	2098
28.998770236968994	-1	2098
28.998786687850952	-1	2334
28.998786687850952	-1	2334
28.998786687850952	-1	2334
28.998786687850952	-1	2334
28.998790502548218	-1	2098
28.998790502548218	-1	2098
28.998790502548218	-1	2098
28.998790502548218	-1	2098
28.998795986175537	-1	2316
28.998795986175537	-1	2316
28.998795986175537	-1	2316
28.998795986175537	-1	2316
29.00233244895935	-1	611
29.0118727684021	-1	1093
29.0118727684021	-1	1093
29.013310432434082	-1	611
29.025811910629272	-1	1125
29.025811910629272	-1	1125
29.428189516067505	-1	2667
29.428189516067505	-1	2667
29.428189516067505	-1	2667
29.428189516067505	-1	2667
29.428189516067505	-1	2667
29.439913988113403	-1	611
29.506447792053223	-1	611
29.557157516479492	-1	1500
29.557157516479492	-1	1500
29.557170391082764	-1	2431
29.557170391082764	-1	2431
29.557170391082764	-1	2431
29.557170391082764	-1	2431
29.557446718215942	-1	1516
29.557446718215942	-1	1516
29.557451963424683	-1	705
29.568166732788086	-1	1125
29.568166732788086	-1	1125
30.03019642829895	-1	611
30.030522108078003	-1	611
30.035528898239136	-1	611
30.051214694976807	-1	1500
30.051214694976807	-1	1500
30.957808256149292	-1	611
31.010146856307983	-1	611
31.01048493385315	-1	611
32.488569021224976	-1	611
33.992804527282715	-1	1516
33.992804527282715	-1	1516
35.61706614494324	-1	611
35.617443561553955	-1	611
36.19438314437866	-1	611
36.194700956344604	-1	611
36.571112871170044	-1	611
36.634888648986816	-1	611
37.71032929420471	-1	611
37.71063256263733	-1	611
37.8825204372406	-1	611
37.892353534698486	-1	1125
37.892353534698486	-1	1125
37.980830669403076	-1	1516
37.980830669403076	-1	1516
37.986477851867676	-1	1516
37.986477851867676	-1	1516
37.98648643493652	-1	922
38.00488018989563	-1	1125
38.00488018989563	-1	1125
38.46474313735962	-1	611
38.984102964401245	-1	1516
38.984102964401245	-1	1516
39.06397485733032	-1	1516
39.06397485733032	-1	1516
39.369125843048096	-1	1516
39.369125843048096	-1	1516
39.36913347244263	-1	1074
39.36913347244263	-1	1074
39.369139194488525	-1	611
39.36915063858032	-1	1639
39.36915063858032	-1	1639
39.36915063858032	-1	1639
39.376209020614624	-1	1516
39.376209020614624	-1	1516
39.38906383514404	-1	1516
39.38906383514404	-1	1516
39.416884660720825	-1	1500
39.416884660720825	-1	1500
39.472559213638306	-1	1516
39.472559213638306	-1	1516
39.50686264038086	-1	1235
39.50686264038086	-1	1235
39.5068793296814	-1	1516
39.5068793296814	-1	1516
39.50688672065735	-1	1479
39.50688672065735	-1	1479
39.51978158950806	-1	1516
39.51978158950806	-1	1516
39.522722482681274	-1	1219
39.522722482681274	-1	1219
39.55348825454712	-1	1500
39.55348825454712	-1	1500
39.668070793151855	-1	1264
39.668070793151855	-1	1264
39.66844940185547	-1	1125
39.66844940185547	-1	1125
39.683711767196655	-1	1125
39.683711767196655	-1	1125
40.529386043548584	-1	1500
40.529386043548584	-1	1500
40.52940034866333	-1	1778
40.52940034866333	-1	1778
40.52940034866333	-1	1778
40.529404163360596	-1	2098
40.529404163360596	-1	2098
40.529404163360596	-1	2098
40.529404163360596	-1	2098
40.5298011302948	-1	611
40.537529706954956	-1	1665
40.537529706954956	-1	1665
40.537529706954956	-1	1665
40.53754234313965	-1	2098
40.53754234313965	-1	2098
40.53754234313965	-1	2098
40.53754234313965	-1	2098
40.540157318115234	-1	1516
40.540157318115234	-1	1516
40.54740786552429	-1	2098
40.54740786552429	-1	2098
40.54740786552429	-1	2098
40.54740786552429	-1	2098
40.54741597175598	-1	2098
40.54741597175598	-1	2098
40.54741597175598	-1	2098
40.54741597175598	-1	2098
40.559563636779785	-1	1954
40.559563636779785	-1	1954
40.559563636779785	-1	1954
40.77123403549194	-1	2098
40.77123403549194	-1	2098
40.77123403549194	-1	2098
40.77123403549194	-1	2098
40.782841205596924	-1	1516
40.782841205596924	-1	1516
40.78307104110718	-1	611
40.80193114280701	-1	1516
40.80193114280701	-1	1516
40.80247950553894	-1	1516
40.80247950553894	-1	1516
40.8026328086853	-1	668
40.81199312210083	-1	2098
40.81199312210083	-1	2098
40.81199312210083	-1	2098
40.81199312210083	-1	2098
40.825520515441895	-1	2170
40.825520515441895	-1	2170
40.825520515441895	-1	2170
40.825520515441895	-1	2170
40.82611131668091	-1	2098
40.82611131668091	-1	2098
40.82611131668091	-1	2098
40.82611131668091	-1	2098
40.83786082267761	-1	2086
40.83786082267761	-1	2086
40.83786082267761	-1	2086
40.83786082267761	-1	2086
41.090179443359375	-1	1516
41.090179443359375	-1	1516
41.09030342102051	-1	611
41.09243702888489	-1	2098
41.09243702888489	-1	2098
41.09243702888489	-1	2098
41.09243702888489	-1	2098
41.09292817115784	-1	2170
41.09292817115784	-1	2170
41.09292817115784	-1	2170
41.09292817115784	-1	2170
41.096869707107544	-1	1516
41.096869707107544	-1	1516
41.097378730773926	-1	2952
41.097378730773926	-1	2952
41.097378730773926	-1	2952
41.097378730773926	-1	2952
41.097378730773926	-1	2952
41.097996950149536	-1	1516
41.097996950149536	-1	1516
41.09904766082764	-1	2170
41.09904766082764	-1	2170
41.09904766082764	-1	2170
41.09904766082764	-1	2170
41.0990571975708	-1	1516
41.0990571975708	-1	1516
41.100528955459595	-1	2098
41.100528955459595	-1	2098
41.100528955459595	-1	2098
41.100528955459595	-1	2098
41.11056423187256	-1	4412
41.11056423187256	-1	4412
41.11056423187256	-1	4412
41.11056423187256	-1	4412
41.11056423187256	-1	4412
41.11056423187256	-1	4412
41.11056423187256	-1	4412
41.11056423187256	-1	4412
41.11060094833374	-1	7308
41.11060094833374	-1	7308
41.11060094833374	-1	7308
41.11060094833374	-1	7308
41.11060094833374	-1	7308
41.11060094833374	-1	7308
41.11060094833374	-1	7308
41.11060094833374	-1	7308
41.11060094833374	-1	7308
41.11060094833374	-1	7308
41.11060094833374	-1	7308
41.11060094833374	-1	7308
41.11060094833374	-1	7308
41.11060094833374	-1	7308
41.110612630844116	-1	1125
41.110612630844116	-1	1125
41.139854431152344	-1	2964
41.139854431152344	-1	2964
41.139854431152344	-1	2964
41.139854431152344	-1	2964
41.139854431152344	-1	2964
41.16891384124756	-1	1174
41.16891384124756	-1	1174
41.20151710510254	-1	611
41.28259062767029	-1	2098
41.28259062767029	-1	2098
41.28259062767029	-1	2098
41.28259062767029	-1	2098
41.28260350227356	-1	2116
41.28260350227356	-1	2116
41.28260350227356	-1	2116
41.28260350227356	-1	2116
41.28260803222656	-1	1516
41.28260803222656	-1	1516
41.28276991844177	-1	611
41.296008348464966	-1	8756
41.296008348464966	-1	8756
41.296008348464966	-1	8756
41.296008348464966	-1	8756
41.296008348464966	-1	8756
41.296008348464966	-1	8756
41.296008348464966	-1	8756
41.296008348464966	-1	8756
41.296008348464966	-1	8756
41.296008348464966	-1	8756
41.296008348464966	-1	8756
41.296008348464966	-1	8756
41.296008348464966	-1	8756
41.296008348464966	-1	8756
41.296008348464966	-1	8756
41.296008348464966	-1	8756
41.296008348464966	-1	8756
41.30530571937561	-1	1516
41.30530571937561	-1	1516
41.30673003196716	-1	4796
41.30673003196716	-1	4796
41.30673003196716	-1	4796
41.30673003196716	-1	4796
41.30673003196716	-1	4796
41.30673003196716	-1	4796
41.30673003196716	-1	4796
41.30673003196716	-1	4796
41.30673003196716	-1	4796
41.30675172805786	-1	2098
41.30675172805786	-1	2098
41.30675172805786	-1	2098
41.30675172805786	-1	2098
41.30675554275513	-1	2098
41.30675554275513	-1	2098
41.30675554275513	-1	2098
41.30675554275513	-1	2098
41.30707120895386	-1	611
41.70646381378174	-1	2098
41.70646381378174	-1	2098
41.70646381378174	-1	2098
41.70646381378174	-1	2098
41.707480907440186	-1	611
41.71341037750244	-1	1337
41.71341037750244	-1	1337
41.71781063079834	-1	1516
41.71781063079834	-1	1516
41.7712025642395	-1	2098
41.7712025642395	-1	2098
41.7712025642395	-1	2098
41.7712025642395	-1	2098
41.78163528442383	-1	2116
41.78163528442383	-1	2116
41.78163528442383	-1	2116
41.78163528442383	-1	2116
41.78715944290161	-1	2098
41.78715944290161	-1	2098
41.78715944290161	-1	2098
41.78715944290161	-1	2098
41.79743194580078	-1	3244
41.79743194580078	-1	3244
41.79743194580078	-1	3244
41.79743194580078	-1	3244
41.79743194580078	-1	3244
41.79743194580078	-1	3244
41.80748653411865	-1	2334
41.80748653411865	-1	2334
41.80748653411865	-1	2334
41.80748653411865	-1	2334
41.81967306137085	-1	2334
41.81967306137085	-1	2334
41.81967306137085	-1	2334
41.81967306137085	-1	2334
41.83059573173523	-1	1516
41.83059573173523	-1	1516
41.83151125907898	-1	611
41.83601474761963	-1	2050
41.83601474761963	-1	2050
41.83601474761963	-1	2050
41.83601474761963	-1	2050
41.84560537338257	-1	611
41.84561729431152	-1	2098
41.84561729431152	-1	2098
41.84561729431152	-1	2098
41.84561729431152	-1	2098
41.85582756996155	-1	611
41.85627198219299	-1	2098
41.85627198219299	-1	2098
41.85627198219299	-1	2098
41.85627198219299	-1	2098
41.86426877975464	-1	1125
41.86426877975464	-1	1125
41.890602111816406	-1	2334
41.890602111816406	-1	2334
41.890602111816406	-1	2334
41.890602111816406	-1	2334
41.89120411872864	-1	2098
41.89120411872864	-1	2098
41.89120411872864	-1	2098
41.89120411872864	-1	2098
41.89779591560364	-1	2098
41.89779591560364	-1	2098
41.89779591560364	-1	2098
41.89779591560364	-1	2098
41.90022873878479	-1	611
42.31970262527466	-1	2098
42.31970262527466	-1	2098
42.31970262527466	-1	2098
42.31970262527466	-1	2098
42.320244789123535	-1	1516
42.320244789123535	-1	1516
42.32119631767273	-1	2098
42.32119631767273	-1	2098
42.32119631767273	-1	2098
42.32119631767273	-1	2098
42.32165718078613	-1	2206
42.32165718078613	-1	2206
42.32165718078613	-1	2206
42.32165718078613	-1	2206
42.3222119808197	-1	1516
42.3222119808197	-1	1516
42.32243013381958	-1	611
42.3246705532074	-1	650
42.547969341278076	-1	611
43.2614107131958	-1	3262
43.2614107131958	-1	3262
43.2614107131958	-1	3262
43.2614107131958	-1	3262
43.2614107131958	-1	3262
43.2614107131958	-1	3262
43.70802164077759	-1	611
43.744006872177124	-1	611
43.744969606399536	-1	2098
43.744969606399536	-1	2098
43.744969606399536	-1	2098
43.744969606399536	-1	2098
43.778624057769775	-1	2098
43.778624057769775	-1	2098
43.778624057769775	-1	2098
43.778624057769775	-1	2098
43.78901433944702	-1	2098
43.78901433944702	-1	2098
43.78901433944702	-1	2098
43.78901433944702	-1	2098
43.789148807525635	-1	611
43.798914670944214	-1	2098
43.798914670944214	-1	2098
43.798914670944214	-1	2098
43.798914670944214	-1	2098
43.80462908744812	-1	611
43.81170845031738	-1	2098
43.81170845031738	-1	2098
43.81170845031738	-1	2098
43.81170845031738	-1	2098
43.824251890182495	-1	2098
43.824251890182495	-1	2098
43.824251890182495	-1	2098
43.824251890182495	-1	2098
43.82454991340637	-1	2022
43.82454991340637	-1	2022
43.82454991340637	-1	2022
43.82477307319641	-1	611
43.83298587799072	-1	1500
43.83298587799072	-1	1500
43.83359432220459	-1	3530
43.83359432220459	-1	3530
43.83359432220459	-1	3530
43.83359432220459	-1	3530
43.83359432220459	-1	3530
43.83359432220459	-1	3530
43.836920499801636	-1	611
43.84404969215393	-1	2098
43.84404969215393	-1	2098
43.84404969215393	-1	2098
43.84404969215393	-1	2098
43.84443426132202	-1	2098
43.84443426132202	-1	2098
43.84443426132202	-1	2098
43.84443426132202	-1	2098
43.84884476661682	-1	1516
43.84884476661682	-1	1516
43.84885931015015	-1	705
43.8682336807251	-1	2932
43.8682336807251	-1	2932
43.8682336807251	-1	2932
43.8682336807251	-1	2932
43.8682336807251	-1	2932
43.868690967559814	-1	2593
43.868690967559814	-1	2593
43.868690967559814	-1	2593
43.868690967559814	-1	2593
43.868690967559814	-1	2593
43.868964195251465	-1	611
43.8821120262146	-1	2098
43.8821120262146	-1	2098
43.8821120262146	-1	2098
43.8821120262146	-1	2098
43.89125871658325	-1	1954
43.89125871658325	-1	1954
43.89125871658325	-1	1954
43.89156365394592	-1	611
43.89236330986023	-1	2098
43.89236330986023	-1	2098
43.89236330986023	-1	2098
43.89236330986023	-1	2098
43.902312994003296	-1	3065
43.902312994003296	-1	3065
43.902312994003296	-1	3065
43.902312994003296	-1	3065
43.902312994003296	-1	3065
43.908416509628296	-1	1665
43.908416509628296	-1	1665
43.908416509628296	-1	1665
43.90883421897888	-1	2098
43.90883421897888	-1	2098
43.90883421897888	-1	2098
43.90883421897888	-1	2098
43.90885305404663	-1	611
43.91242861747742	-1	2098
43.91242861747742	-1	2098
43.91242861747742	-1	2098
43.91242861747742	-1	2098
43.93687105178833	-1	674
43.93689036369324	-1	1154
43.93689036369324	-1	1154
43.963740825653076	-1	611
44.47192883491516	-1	611
44.47195363044739	-1	2098
44.47195363044739	-1	2098
44.47195363044739	-1	2098
44.47195363044739	-1	2098
44.47195768356323	-1	2932
44.47195768356323	-1	2932
44.47195768356323	-1	2932
44.47195768356323	-1	2932
44.47195768356323	-1	2932
44.4719660282135	-1	2098
44.4719660282135	-1	2098
44.4719660282135	-1	2098
44.4719660282135	-1	2098
44.47196984291077	-1	3150
44.47196984291077	-1	3150
44.47196984291077	-1	3150
44.47196984291077	-1	3150
44.47196984291077	-1	3150
44.47196984291077	-1	3150
44.47239899635315	-1	1736
44.47239899635315	-1	1736
44.47239899635315	-1	1736
44.47249174118042	-1	611
44.48022651672363	-1	1423
44.48022651672363	-1	1423
44.5161874294281	-1	611
44.55896282196045	-1	611
44.579153537750244	-1	2098
44.579153537750244	-1	2098
44.579153537750244	-1	2098
44.579153537750244	-1	2098
44.57989048957825	-1	2116
44.57989048957825	-1	2116
44.57989048957825	-1	2116
44.57989048957825	-1	2116
44.579901695251465	-1	2316
44.579901695251465	-1	2316
44.579901695251465	-1	2316
44.579901695251465	-1	2316
44.580018281936646	-1	611
44.591248750686646	-1	2098
44.591248750686646	-1	2098
44.591248750686646	-1	2098
44.591248750686646	-1	2098
44.60127830505371	-1	2098
44.60127830505371	-1	2098
44.60127830505371	-1	2098
44.60127830505371	-1	2098
44.616917848587036	-1	2098
44.616917848587036	-1	2098
44.616917848587036	-1	2098
44.616917848587036	-1	2098
44.628236532211304	-1	2098
44.628236532211304	-1	2098
44.628236532211304	-1	2098
44.628236532211304	-1	2098
44.6418182849884	-1	2098
44.6418182849884	-1	2098
44.6418182849884	-1	2098
44.6418182849884	-1	2098
44.641836404800415	-1	2118
44.641836404800415	-1	2118
44.641836404800415	-1	2118
44.641836404800415	-1	2118
44.66353368759155	-1	2098
44.66353368759155	-1	2098
44.66353368759155	-1	2098
44.66353368759155	-1	2098
44.66355633735657	-1	2534
44.66355633735657	-1	2534
44.66355633735657	-1	2534
44.66355633735657	-1	2534
44.66365957260132	-1	1125
44.66365957260132	-1	1125
44.67343997955322	-1	2932
44.67343997955322	-1	2932
44.67343997955322	-1	2932
44.67343997955322	-1	2932
44.67343997955322	-1	2932
44.70507287979126	-1	1516
44.70507287979126	-1	1516
44.70538353919983	-1	611
44.71781635284424	-1	1516
44.71781635284424	-1	1516
44.85134792327881	-1	1516
44.85134792327881	-1	1516
44.852070808410645	-1	2098
44.852070808410645	-1	2098
44.852070808410645	-1	2098
44.852070808410645	-1	2098
45.08854937553406	-1	611
45.09090328216553	-1	3404
45.09090328216553	-1	3404
45.09090328216553	-1	3404
45.09090328216553	-1	3404
45.09090328216553	-1	3404
45.09090328216553	-1	3404
45.09123516082764	-1	2116
45.09123516082764	-1	2116
45.09123516082764	-1	2116
45.09123516082764	-1	2116
45.104217529296875	-1	2098
45.104217529296875	-1	2098
45.104217529296875	-1	2098
45.104217529296875	-1	2098
45.1092689037323	-1	2098
45.1092689037323	-1	2098
45.1092689037323	-1	2098
45.1092689037323	-1	2098
45.112468957901	-1	2152
45.112468957901	-1	2152
45.112468957901	-1	2152
45.112468957901	-1	2152
45.11260437965393	-1	611
45.12177753448486	-1	2098
45.12177753448486	-1	2098
45.12177753448486	-1	2098
45.12177753448486	-1	2098
45.13139820098877	-1	2098
45.13139820098877	-1	2098
45.13139820098877	-1	2098
45.13139820098877	-1	2098
45.140429973602295	-1	2098
45.140429973602295	-1	2098
45.140429973602295	-1	2098
45.140429973602295	-1	2098
45.140554666519165	-1	611
45.14618992805481	-1	2098
45.14618992805481	-1	2098
45.14618992805481	-1	2098
45.14618992805481	-1	2098
45.15567588806152	-1	2098
45.15567588806152	-1	2098
45.15567588806152	-1	2098
45.15567588806152	-1	2098
45.16633176803589	-1	2098
45.16633176803589	-1	2098
45.16633176803589	-1	2098
45.16633176803589	-1	2098
45.1953809261322	-1	2098
45.1953809261322	-1	2098
45.1953809261322	-1	2098
45.1953809261322	-1	2098
45.196197271347046	-1	2098
45.196197271347046	-1	2098
45.196197271347046	-1	2098
45.196197271347046	-1	2098
45.199050426483154	-1	2098
45.199050426483154	-1	2098
45.199050426483154	-1	2098
45.199050426483154	-1	2098
45.21068549156189	-1	1736
45.21068549156189	-1	1736
45.21068549156189	-1	1736
45.21089220046997	-1	611
45.21740102767944	-1	2098
45.21740102767944	-1	2098
45.21740102767944	-1	2098
45.21740102767944	-1	2098
45.25316333770752	-1	2098
45.25316333770752	-1	2098
45.25316333770752	-1	2098
45.25316333770752	-1	2098
45.2531681060791	-1	2098
45.2531681060791	-1	2098
45.2531681060791	-1	2098
45.2531681060791	-1	2098
45.25328588485718	-1	611
45.381563901901245	-1	611
45.482316970825195	-1	2098
45.482316970825195	-1	2098
45.482316970825195	-1	2098
45.482316970825195	-1	2098
45.50229620933533	-1	2098
45.50229620933533	-1	2098
45.50229620933533	-1	2098
45.50229620933533	-1	2098
45.50233197212219	-1	611
45.83221459388733	-1	1125
45.83221459388733	-1	1125
45.84034037590027	-1	2098
45.84034037590027	-1	2098
45.84034037590027	-1	2098
45.84034037590027	-1	2098
45.84034442901611	-1	2098
45.84034442901611	-1	2098
45.84034442901611	-1	2098
45.84034442901611	-1	2098
45.84034848213196	-1	3530
45.84034848213196	-1	3530
45.84034848213196	-1	3530
45.84034848213196	-1	3530
45.84034848213196	-1	3530
45.84034848213196	-1	3530
45.84035062789917	-1	2116
45.84035062789917	-1	2116
45.84035062789917	-1	2116
45.84035062789917	-1	2116
45.84259557723999	-1	2098
45.84259557723999	-1	2098
45.84259557723999	-1	2098
45.84259557723999	-1	2098
45.84260439872742	-1	2170
45.84260439872742	-1	2170
45.84260439872742	-1	2170
45.84260439872742	-1	2170
45.84260869026184	-1	2098
45.84260869026184	-1	2098
45.84260869026184	-1	2098
45.84260869026184	-1	2098
45.84261655807495	-1	2098
45.84261655807495	-1	2098
45.84261655807495	-1	2098
45.84261655807495	-1	2098
45.84264636039734	-1	1516
45.84264636039734	-1	1516
45.84498047828674	-1	1516
45.84498047828674	-1	1516
45.845223903656006	-1	2098
45.845223903656006	-1	2098
45.845223903656006	-1	2098
45.845223903656006	-1	2098
45.84522843360901	-1	1972
45.84522843360901	-1	1972
45.84522843360901	-1	1972
45.84523057937622	-1	2098
45.84523057937622	-1	2098
45.84523057937622	-1	2098
45.84523057937622	-1	2098
45.845235109329224	-1	2098
45.845235109329224	-1	2098
45.845235109329224	-1	2098
45.845235109329224	-1	2098
45.852840185165405	-1	705
45.85562872886658	-1	9379
45.85562872886658	-1	9379
45.85562872886658	-1	9379
45.85562872886658	-1	9379
45.85562872886658	-1	9379
45.85562872886658	-1	9379
45.85562872886658	-1	9379
45.85562872886658	-1	9379
45.85562872886658	-1	9379
45.85562872886658	-1	9379
45.85562872886658	-1	9379
45.85562872886658	-1	9379
45.85562872886658	-1	9379
45.85562872886658	-1	9379
45.85562872886658	-1	9379
45.85562872886658	-1	9379
45.85562872886658	-1	9379
45.85562872886658	-1	9379
45.859354972839355	-1	3042
45.859354972839355	-1	3042
45.859354972839355	-1	3042
45.859354972839355	-1	3042
45.859354972839355	-1	3042
45.861483097076416	-1	1516
45.861483097076416	-1	1516
45.869349241256714	-1	1736
45.869349241256714	-1	1736
45.869349241256714	-1	1736
45.871278285980225	-1	705
45.871577501297	-1	2098
45.871577501297	-1	2098
45.871577501297	-1	2098
45.871577501297	-1	2098
45.87934136390686	-1	1736
45.87934136390686	-1	1736
45.87934136390686	-1	1736
45.8829391002655	-1	2098
45.8829391002655	-1	2098
45.8829391002655	-1	2098
45.8829391002655	-1	2098
45.8916175365448	-1	2098
45.8916175365448	-1	2098
45.8916175365448	-1	2098
45.8916175365448	-1	2098
45.93042755126953	-1	2098
45.93042755126953	-1	2098
45.93042755126953	-1	2098
45.93042755126953	-1	2098
45.93047618865967	-1	2098
45.93047618865967	-1	2098
45.93047618865967	-1	2098
45.93047618865967	-1	2098
45.93048071861267	-1	2098
45.93048071861267	-1	2098
45.93048071861267	-1	2098
45.93048071861267	-1	2098
45.93048691749573	-1	1516
45.93048691749573	-1	1516
45.93117570877075	-1	996
45.9311785697937	-1	2098
45.9311785697937	-1	2098
45.9311785697937	-1	2098
45.9311785697937	-1	2098
45.931180477142334	-1	2098
45.931180477142334	-1	2098
45.931180477142334	-1	2098
45.931180477142334	-1	2098
45.94399547576904	-1	3168
45.94399547576904	-1	3168
45.94399547576904	-1	3168
45.94399547576904	-1	3168
45.94399547576904	-1	3168
45.94399547576904	-1	3168
45.944783449172974	-1	2932
45.944783449172974	-1	2932
45.944783449172974	-1	2932
45.944783449172974	-1	2932
45.944783449172974	-1	2932
45.94478917121887	-1	2098
45.94478917121887	-1	2098
45.94478917121887	-1	2098
45.94478917121887	-1	2098
45.948737144470215	-1	2098
45.948737144470215	-1	2098
45.948737144470215	-1	2098
45.948737144470215	-1	2098
45.948747634887695	-1	934
45.94893407821655	-1	611
45.96040725708008	-1	1125
45.96040725708008	-1	1125
46.8905508518219	-1	2098
46.8905508518219	-1	2098
46.8905508518219	-1	2098
46.8905508518219	-1	2098
46.89057898521423	-1	1516
46.89057898521423	-1	1516
46.891080379486084	-1	668
46.89109992980957	-1	1516
46.89109992980957	-1	1516
46.891108751297	-1	1516
46.891108751297	-1	1516
46.903258085250854	-1	611
46.90326905250549	-1	1232
46.90326905250549	-1	1232
47.541520833969116	-1	2098
47.541520833969116	-1	2098
47.541520833969116	-1	2098
47.541520833969116	-1	2098
47.643497943878174	-1	2098
47.643497943878174	-1	2098
47.643497943878174	-1	2098
47.643497943878174	-1	2098
47.655083417892456	-1	2098
47.655083417892456	-1	2098
47.655083417892456	-1	2098
47.655083417892456	-1	2098
47.66657567024231	-1	2118
47.66657567024231	-1	2118
47.66657567024231	-1	2118
47.66657567024231	-1	2118
47.66862177848816	-1	2098
47.66862177848816	-1	2098
47.66862177848816	-1	2098
47.66862177848816	-1	2098
47.66863512992859	-1	1516
47.66863512992859	-1	1516
47.66906452178955	-1	686
47.66908311843872	-1	2098
47.66908311843872	-1	2098
47.66908311843872	-1	2098
47.66908311843872	-1	2098
47.67947769165039	-1	2098
47.67947769165039	-1	2098
47.67947769165039	-1	2098
47.67947769165039	-1	2098
47.679503440856934	-1	1516
47.679503440856934	-1	1516
47.679903745651245	-1	650
47.67991375923157	-1	2098
47.67991375923157	-1	2098
47.67991375923157	-1	2098
47.67991375923157	-1	2098
47.680036783218384	-1	611
47.69134879112244	-1	2098
47.69134879112244	-1	2098
47.69134879112244	-1	2098
47.69134879112244	-1	2098
47.69246864318848	-1	2098
47.69246864318848	-1	2098
47.69246864318848	-1	2098
47.69246864318848	-1	2098
47.700942039489746	-1	2098
47.700942039489746	-1	2098
47.700942039489746	-1	2098
47.700942039489746	-1	2098
47.70137906074524	-1	650
47.70139122009277	-1	2098
47.70139122009277	-1	2098
47.70139122009277	-1	2098
47.70139122009277	-1	2098
47.70704793930054	-1	611
47.71208453178406	-1	2098
47.71208453178406	-1	2098
47.71208453178406	-1	2098
47.71208453178406	-1	2098
47.71210265159607	-1	1516
47.71210265159607	-1	1516
47.71251440048218	-1	650
47.712522745132446	-1	2098
47.712522745132446	-1	2098
47.712522745132446	-1	2098
47.712522745132446	-1	2098
47.72174692153931	-1	2952
47.72174692153931	-1	2952
47.72174692153931	-1	2952
47.72174692153931	-1	2952
47.72174692153931	-1	2952
47.7255334854126	-1	2098
47.7255334854126	-1	2098
47.7255334854126	-1	2098
47.7255334854126	-1	2098
47.725865840911865	-1	1987
47.725865840911865	-1	1987
47.725865840911865	-1	1987
47.72597336769104	-1	611
47.733630657196045	-1	2641
47.733630657196045	-1	2641
47.733630657196045	-1	2641
47.733630657196045	-1	2641
47.733630657196045	-1	2641
47.73461699485779	-1	1665
47.73461699485779	-1	1665
47.73461699485779	-1	1665
47.73933982849121	-1	611
47.854044675827026	-1	1125
47.854044675827026	-1	1125
47.86436867713928	-1	611
47.87674140930176	-1	611
47.89616823196411	-1	1516
47.89616823196411	-1	1516
47.98824381828308	-1	1516
47.98824381828308	-1	1516
48.260449171066284	-1	611
48.280269384384155	-1	2098
48.280269384384155	-1	2098
48.280269384384155	-1	2098
48.280269384384155	-1	2098
48.28028345108032	-1	2116
48.28028345108032	-1	2116
48.28028345108032	-1	2116
48.28028345108032	-1	2116
48.28065347671509	-1	2098
48.28065347671509	-1	2098
48.28065347671509	-1	2098
48.28065347671509	-1	2098
48.31563138961792	-1	1728
48.31563138961792	-1	1728
48.31563138961792	-1	1728
48.32654643058777	-1	2098
48.32654643058777	-1	2098
48.32654643058777	-1	2098
48.32654643058777	-1	2098
48.341692209243774	-1	1736
48.341692209243774	-1	1736
48.341692209243774	-1	1736
48.7747597694397	-1	2098
48.7747597694397	-1	2098
48.7747597694397	-1	2098
48.7747597694397	-1	2098
48.7747962474823	-1	2098
48.7747962474823	-1	2098
48.7747962474823	-1	2098
48.7747962474823	-1	2098
48.774805545806885	-1	2098
48.774805545806885	-1	2098
48.774805545806885	-1	2098
48.774805545806885	-1	2098
48.780439615249634	-1	1326
48.780439615249634	-1	1326
48.780906438827515	-1	611
48.98151159286499	-1	1516
48.98151159286499	-1	1516
48.998207330703735	-1	1516
48.998207330703735	-1	1516
49.006367206573486	-1	1516
49.006367206573486	-1	1516
49.03914737701416	-1	1516
49.03914737701416	-1	1516
49.06320571899414	-1	545
49.391549587249756	-1	611
49.3918251991272	-1	611
51.84532451629639	-1	611
53.00073218345642	-1	611
57.385146617889404	-1	611
58.007384061813354	-1	1516
58.007384061813354	-1	1516
58.01653456687927	-1	799
58.08578395843506	-1	611
58.601680755615234	-1	611
58.60770606994629	-1	611
58.60801339149475	-1	611
59.2160370349884	-1	611
59.21641731262207	-1	611
60.13735318183899	-1	611
61.80272030830383	-1	611
62.90269899368286	-1	611
64.0084159374237	-1	1516
64.0084159374237	-1	1516
64.01437067985535	-1	1516
64.01437067985535	-1	1516
64.11922645568848	-1	1516
64.11922645568848	-1	1516
64.11925101280212	-1	1516
64.11925101280212	-1	1516
64.12760996818542	-1	1508
64.12760996818542	-1	1508
64.1538462638855	-1	611
64.59316849708557	-1	1125
64.59316849708557	-1	1125
66.01097297668457	-1	611
66.01101088523865	-1	611
66.24797320365906	-1	611
67.20437431335449	-1	1125
67.20437431335449	-1	1125
67.20440459251404	-1	611
68.02072668075562	-1	1516
68.02072668075562	-1	1516
68.0230643749237	-1	1219
68.0230643749237	-1	1219
68.0255835056305	-1	611
68.02560019493103	-1	611
68.0257294178009	-1	611
68.09075117111206	-1	611
68.740487575531	-1	611
68.74076294898987	-1	611
69.35458040237427	-1	611
69.35486364364624	-1	611
69.62536573410034	-1	611
70.22779989242554	-1	611
71.19985628128052	-1	611
71.30960726737976	-1	611
72.43729948997498	-1	611
72.43768358230591	-1	611
72.46109127998352	-1	611
73.02194285392761	-1	1125
73.02194285392761	-1	1125
73.02579951286316	-1	611
73.02965331077576	-1	611
73.35025119781494	-1	611
75.22825050354004	-1	611
76.73475360870361	-1	611
77.42979264259338	-1	611
78.90061259269714	-1	611
79.02744221687317	-1	1516
79.02744221687317	-1	1516
79.9329285621643	-1	1125
79.9329285621643	-1	1125
79.93653321266174	-1	1516
79.93653321266174	-1	1516
79.93653893470764	-1	1494
79.93653893470764	-1	1494
79.99707651138306	-1	1516
79.99707651138306	-1	1516
79.99709153175354	-1	1219
79.99709153175354	-1	1219
80.01475858688354	-1	1516
80.01475858688354	-1	1516
80.01476860046387	-1	1219
80.01476860046387	-1	1219
80.04388165473938	-1	1516
80.04388165473938	-1	1516
80.04388952255249	-1	1219
80.04388952255249	-1	1219
81.9524130821228	-1	611
83.03270244598389	-1	1516
83.03270244598389	-1	1516
83.03498649597168	-1	1219
83.03498649597168	-1	1219
83.66274547576904	-1	611
84.19251751899719	-1	1125
84.19251751899719	-1	1125
84.64084720611572	-1	611
85.02528262138367	-1	611
85.02557563781738	-1	611
85.17403364181519	-1	611
85.57224869728088	-1	611
85.57262206077576	-1	611
86.26181411743164	-1	611
88.02818489074707	-1	1125
88.02818489074707	-1	1125
89.2295389175415	-1	611
90.2283763885498	-1	611
90.86240124702454	-1	1125
90.86240124702454	-1	1125
90.86242341995239	-1	2932
90.86242341995239	-1	2932
90.86242341995239	-1	2932
90.86242341995239	-1	2932
90.86242341995239	-1	2932
90.86242890357971	-1	2431
90.86242890357971	-1	2431
90.86242890357971	-1	2431
90.86242890357971	-1	2431
90.86243295669556	-1	2182
90.86243295669556	-1	2182
90.86243295669556	-1	2182
90.86243295669556	-1	2182
91.8406240940094	-1	611
92.397225856781	-1	1516
92.397225856781	-1	1516
92.81790399551392	-1	611
94.03567266464233	-1	1516
94.03567266464233	-1	1516
94.06869316101074	-1	1516
94.06869316101074	-1	1516
94.0687038898468	-1	1465
94.0687038898468	-1	1465
94.07508611679077	-1	1516
94.07508611679077	-1	1516
94.12263083457947	-1	1516
94.12263083457947	-1	1516
94.17136192321777	-1	1516
94.17136192321777	-1	1516
94.22334098815918	-1	654
94.85389256477356	-1	611
96.67619824409485	-1	611
97.03506541252136	-1	1516
97.03506541252136	-1	1516
97.18396663665771	-1	611
98.08775854110718	-1	611
98.11770963668823	-1	1125
98.11770963668823	-1	1125
98.12862539291382	-1	1516
98.12862539291382	-1	1516
98.8612151145935	-1	611
98.86158347129822	-1	611
98.8713390827179	-1	1500
98.8713390827179	-1	1500
98.87147760391235	-1	611
98.87685990333557	-1	611
98.88283348083496	-1	611
98.91135764122009	-1	611
98.921053647995	-1	1516
98.921053647995	-1	1516
