0.0	-1	611
0.7489674091339111	-1	611
1.092362642288208	-1	611
3.5373990535736084	-1	611
4.686799764633179	-1	1154
4.686799764633179	-1	1154
5.0499866008758545	-1	611
5.050359010696411	-1	611
5.185850143432617	-1	611
5.289062261581421	-1	611
5.290053844451904	-1	1125
5.290053844451904	-1	1125
5.519859075546265	-1	611
5.548895835876465	-1	611
5.549241065979004	-1	611
5.982238292694092	-1	2098
5.982238292694092	-1	2098
5.982238292694092	-1	2098
5.982238292694092	-1	2098
5.982257127761841	-1	2932
5.982257127761841	-1	2932
5.982257127761841	-1	2932
5.982257127761841	-1	2932
5.982257127761841	-1	2932
5.9822609424591064	-1	2832
5.9822609424591064	-1	2832
5.9822609424591064	-1	2832
5.9822609424591064	-1	2832
5.9822609424591064	-1	2832
6.053018808364868	-1	1293
6.053018808364868	-1	1293
6.053469657897949	-1	611
6.062531232833862	-1	1516
6.062531232833862	-1	1516
6.0778114795684814	-1	705
6.878191232681274	-1	611
6.890623331069946	-1	1125
6.890623331069946	-1	1125
6.890636682510376	-1	2932
6.890636682510376	-1	2932
6.890636682510376	-1	2932
6.890636682510376	-1	2932
6.890636682510376	-1	2932
6.890640497207642	-1	2861
6.890640497207642	-1	2861
6.890640497207642	-1	2861
6.890640497207642	-1	2861
6.890640497207642	-1	2861
6.8906426429748535	-1	2334
6.8906426429748535	-1	2334
6.8906426429748535	-1	2334
6.8906426429748535	-1	2334
6.891027450561523	-1	611
6.899811029434204	-1	611
7.024357080459595	-1	999
7.025235414505005	-1	611
7.038704872131348	-1	611
7.50737190246582	-1	611
7.50839638710022	-1	1125
7.50839638710022	-1	1125
8.186405897140503	-1	611
9.025896787643433	-1	611
9.19430136680603	-1	611
9.194318771362305	-1	2043
9.194318771362305	-1	2043
9.194318771362305	-1	2043
9.19489860534668	-1	611
9.234827518463135	-1	1235
9.234827518463135	-1	1235
9.236644744873047	-1	611
9.247039318084717	-1	611
10.277520418167114	-1	2098
10.277520418167114	-1	2098
10.277520418167114	-1	2098
10.277520418167114	-1	2098
10.277533531188965	-1	2116
10.277533531188965	-1	2116
10.277533531188965	-1	2116
10.277533531188965	-1	2116
10.277536392211914	-1	2704
10.277536392211914	-1	2704
10.277536392211914	-1	2704
10.277536392211914	-1	2704
10.277536392211914	-1	2704
10.277540683746338	-1	2098
10.277540683746338	-1	2098
10.277540683746338	-1	2098
10.277540683746338	-1	2098
10.27754545211792	-1	2316
10.27754545211792	-1	2316
10.27754545211792	-1	2316
10.27754545211792	-1	2316
10.277965068817139	-1	611
10.281958103179932	-1	2134
10.281958103179932	-1	2134
10.281958103179932	-1	2134
10.281958103179932	-1	2134
10.281965255737305	-1	2098
10.281965255737305	-1	2098
10.281965255737305	-1	2098
10.281965255737305	-1	2098
10.287273406982422	-1	5860
10.287273406982422	-1	5860
10.287273406982422	-1	5860
10.287273406982422	-1	5860
10.287273406982422	-1	5860
10.287273406982422	-1	5860
10.287273406982422	-1	5860
10.287273406982422	-1	5860
10.287273406982422	-1	5860
10.287273406982422	-1	5860
10.287273406982422	-1	5860
10.383031845092773	-1	1516
10.383031845092773	-1	1516
10.407912731170654	-1	2098
10.407912731170654	-1	2098
10.407912731170654	-1	2098
10.407912731170654	-1	2098
10.407930135726929	-1	1289
10.407930135726929	-1	1289
10.407946825027466	-1	2098
10.407946825027466	-1	2098
10.407946825027466	-1	2098
10.407946825027466	-1	2098
10.528746366500854	-1	611
10.530957698822021	-1	5860
10.530957698822021	-1	5860
10.530957698822021	-1	5860
10.530957698822021	-1	5860
10.530957698822021	-1	5860
10.530957698822021	-1	5860
10.530957698822021	-1	5860
10.530957698822021	-1	5860
10.530957698822021	-1	5860
10.530957698822021	-1	5860
10.530957698822021	-1	5860
10.538272142410278	-1	1125
10.538272142410278	-1	1125
10.538415431976318	-1	8756
10.538415431976318	-1	8756
10.538415431976318	-1	8756
10.538415431976318	-1	8756
10.538415431976318	-1	8756
10.538415431976318	-1	8756
10.538415431976318	-1	8756
10.538415431976318	-1	8756
10.538415431976318	-1	8756
10.538415431976318	-1	8756
10.538415431976318	-1	8756
10.538415431976318	-1	8756
10.538415431976318	-1	8756
10.538415431976318	-1	8756
10.538415431976318	-1	8756
10.538415431976318	-1	8756
10.538415431976318	-1	8756
10.559455394744873	-1	2964
10.559455394744873	-1	2964
10.559455394744873	-1	2964
10.559455394744873	-1	2964
10.559455394744873	-1	2964
10.562674045562744	-1	8756
10.562674045562744	-1	8756
10.562674045562744	-1	8756
10.562674045562744	-1	8756
10.562674045562744	-1	8756
10.562674045562744	-1	8756
10.562674045562744	-1	8756
10.562674045562744	-1	8756
10.562674045562744	-1	8756
10.562674045562744	-1	8756
10.562674045562744	-1	8756
10.562674045562744	-1	8756
10.562674045562744	-1	8756
10.562674045562744	-1	8756
10.562674045562744	-1	8756
10.562674045562744	-1	8756
10.562674045562744	-1	8756
10.568998336791992	-1	5860
10.568998336791992	-1	5860
10.568998336791992	-1	5860
10.568998336791992	-1	5860
10.568998336791992	-1	5860
10.568998336791992	-1	5860
10.568998336791992	-1	5860
10.568998336791992	-1	5860
10.568998336791992	-1	5860
10.568998336791992	-1	5860
10.568998336791992	-1	5860
10.569143533706665	-1	611
10.572683095932007	-1	11652
10.572683095932007	-1	11652
10.572683095932007	-1	11652
10.572683095932007	-1	11652
10.572683095932007	-1	11652
10.572683095932007	-1	11652
10.572683095932007	-1	11652
10.572683095932007	-1	11652
10.572683095932007	-1	11652
10.572683095932007	-1	11652
10.572683095932007	-1	11652
10.572683095932007	-1	11652
10.572683095932007	-1	11652
10.572683095932007	-1	11652
10.572683095932007	-1	11652
10.572683095932007	-1	11652
10.572683095932007	-1	11652
10.572683095932007	-1	11652
10.572683095932007	-1	11652
10.572683095932007	-1	11652
10.572683095932007	-1	11652
10.572683095932007	-1	11652
10.58358359336853	-1	7764
10.58358359336853	-1	7764
10.58358359336853	-1	7764
10.58358359336853	-1	7764
10.58358359336853	-1	7764
10.58358359336853	-1	7764
10.58358359336853	-1	7764
10.58358359336853	-1	7764
10.58358359336853	-1	7764
10.58358359336853	-1	7764
10.58358359336853	-1	7764
10.58358359336853	-1	7764
10.58358359336853	-1	7764
10.58358359336853	-1	7764
10.58358359336853	-1	7764
10.657971382141113	-1	2098
10.657971382141113	-1	2098
10.657971382141113	-1	2098
10.657971382141113	-1	2098
10.658000230789185	-1	2098
10.658000230789185	-1	2098
10.658000230789185	-1	2098
10.658000230789185	-1	2098
10.658003568649292	-1	2098
10.658003568649292	-1	2098
10.658003568649292	-1	2098
10.658003568649292	-1	2098
10.658090353012085	-1	1125
10.658090353012085	-1	1125
10.671661853790283	-1	611
10.682505130767822	-1	1516
10.682505130767822	-1	1516
10.91715407371521	-1	611
10.917532920837402	-1	611
11.237380027770996	-1	611
11.244104146957397	-1	1125
11.244104146957397	-1	1125
11.254382371902466	-1	611
13.345142364501953	-1	611
13.34550142288208	-1	611
13.345758438110352	-1	1668
13.345758438110352	-1	1668
13.345758438110352	-1	1668
13.345768213272095	-1	1516
13.345768213272095	-1	1516
13.346270561218262	-1	1665
13.346270561218262	-1	1665
13.346270561218262	-1	1665
13.35243272781372	-1	611
13.35424017906189	-1	1516
13.35424017906189	-1	1516
13.366982221603394	-1	1516
13.366982221603394	-1	1516
13.397625923156738	-1	1516
13.397625923156738	-1	1516
13.399873495101929	-1	748
13.959506034851074	-1	611
13.963500738143921	-1	2098
13.963500738143921	-1	2098
13.963500738143921	-1	2098
13.963500738143921	-1	2098
14.010865688323975	-1	2098
14.010865688323975	-1	2098
14.010865688323975	-1	2098
14.010865688323975	-1	2098
14.012433767318726	-1	611
14.068790435791016	-1	705
14.069414138793945	-1	611
14.090524673461914	-1	611
14.096086502075195	-1	2098
14.096086502075195	-1	2098
14.096086502075195	-1	2098
14.096086502075195	-1	2098
14.096543312072754	-1	2116
14.096543312072754	-1	2116
14.096543312072754	-1	2116
14.096543312072754	-1	2116
14.100191354751587	-1	611
14.182785749435425	-1	1500
14.182785749435425	-1	1500
14.258220195770264	-1	2098
14.258220195770264	-1	2098
14.258220195770264	-1	2098
14.258220195770264	-1	2098
14.2591552734375	-1	2932
14.2591552734375	-1	2932
14.2591552734375	-1	2932
14.2591552734375	-1	2932
14.2591552734375	-1	2932
14.259398221969604	-1	611
14.270481586456299	-1	1125
14.270481586456299	-1	1125
14.573165893554688	-1	2098
14.573165893554688	-1	2098
14.573165893554688	-1	2098
14.573165893554688	-1	2098
14.573185920715332	-1	1736
14.573185920715332	-1	1736
14.573185920715332	-1	1736
14.573188304901123	-1	2247
14.573188304901123	-1	2247
14.573188304901123	-1	2247
14.573188304901123	-1	2247
14.573190212249756	-1	2932
14.573190212249756	-1	2932
14.573190212249756	-1	2932
14.573190212249756	-1	2932
14.573190212249756	-1	2932
14.573812484741211	-1	611
14.578642129898071	-1	1466
14.578642129898071	-1	1466
14.587042808532715	-1	1516
14.587042808532715	-1	1516
14.58706259727478	-1	1219
14.58706259727478	-1	1219
14.61694598197937	-1	1500
14.61694598197937	-1	1500
14.786179542541504	-1	750
14.786572694778442	-1	611
14.798655271530151	-1	1516
14.798655271530151	-1	1516
14.881166696548462	-1	611
14.890480756759644	-1	1500
14.890480756759644	-1	1500
14.890981197357178	-1	611
15.098016262054443	-1	1500
15.098016262054443	-1	1500
15.098600625991821	-1	1125
15.098600625991821	-1	1125
15.242122411727905	-1	1500
15.242122411727905	-1	1500
15.362247228622437	-1	1500
15.362247228622437	-1	1500
15.363026857376099	-1	611
15.373440980911255	-1	2098
15.373440980911255	-1	2098
15.373440980911255	-1	2098
15.373440980911255	-1	2098
15.382398843765259	-1	2098
15.382398843765259	-1	2098
15.382398843765259	-1	2098
15.382398843765259	-1	2098
15.382979154586792	-1	611
15.418843507766724	-1	650
15.418862581253052	-1	623
15.418866634368896	-1	2098
15.418866634368896	-1	2098
15.418866634368896	-1	2098
15.418866634368896	-1	2098
15.418875217437744	-1	2558
15.418875217437744	-1	2558
15.418875217437744	-1	2558
15.418875217437744	-1	2558
15.418877601623535	-1	2098
15.418877601623535	-1	2098
15.418877601623535	-1	2098
15.418877601623535	-1	2098
15.430792570114136	-1	2098
15.430792570114136	-1	2098
15.430792570114136	-1	2098
15.430792570114136	-1	2098
15.442233324050903	-1	1516
15.442233324050903	-1	1516
15.450665712356567	-1	4412
15.450665712356567	-1	4412
15.450665712356567	-1	4412
15.450665712356567	-1	4412
15.450665712356567	-1	4412
15.450665712356567	-1	4412
15.450665712356567	-1	4412
15.450665712356567	-1	4412
15.450687646865845	-1	2268
15.450687646865845	-1	2268
15.450687646865845	-1	2268
15.450687646865845	-1	2268
15.519897222518921	-1	1125
15.519897222518921	-1	1125
15.51993179321289	-1	611
17.15993881225586	-1	2098
17.15993881225586	-1	2098
17.15993881225586	-1	2098
17.15993881225586	-1	2098
17.172094345092773	-1	2098
17.172094345092773	-1	2098
17.172094345092773	-1	2098
17.172094345092773	-1	2098
17.18383526802063	-1	2134
17.18383526802063	-1	2134
17.18383526802063	-1	2134
17.18383526802063	-1	2134
17.183847904205322	-1	2098
17.183847904205322	-1	2098
17.183847904205322	-1	2098
17.183847904205322	-1	2098
17.19240975379944	-1	2098
17.19240975379944	-1	2098
17.19240975379944	-1	2098
17.19240975379944	-1	2098
17.213574171066284	-1	2098
17.213574171066284	-1	2098
17.213574171066284	-1	2098
17.213574171066284	-1	2098
17.22842264175415	-1	2652
17.22842264175415	-1	2652
17.22842264175415	-1	2652
17.22842264175415	-1	2652
17.22842264175415	-1	2652
17.23894739151001	-1	1500
17.23894739151001	-1	1500
17.238977193832397	-1	2376
17.238977193832397	-1	2376
17.238977193832397	-1	2376
17.238977193832397	-1	2376
17.24183988571167	-1	1665
17.24183988571167	-1	1665
17.24183988571167	-1	1665
17.249403715133667	-1	2098
17.249403715133667	-1	2098
17.249403715133667	-1	2098
17.249403715133667	-1	2098
17.251702308654785	-1	2932
17.251702308654785	-1	2932
17.251702308654785	-1	2932
17.251702308654785	-1	2932
17.251702308654785	-1	2932
17.25973129272461	-1	2316
17.25973129272461	-1	2316
17.25973129272461	-1	2316
17.25973129272461	-1	2316
17.260753631591797	-1	1736
17.260753631591797	-1	1736
17.260753631591797	-1	1736
17.271418571472168	-1	2932
17.271418571472168	-1	2932
17.271418571472168	-1	2932
17.271418571472168	-1	2932
17.271418571472168	-1	2932
17.271441221237183	-1	2483
17.271441221237183	-1	2483
17.271441221237183	-1	2483
17.271441221237183	-1	2483
17.27478003501892	-1	2208
17.27478003501892	-1	2208
17.27478003501892	-1	2208
17.27478003501892	-1	2208
17.399757146835327	-1	1154
17.399757146835327	-1	1154
17.402528524398804	-1	1516
17.402528524398804	-1	1516
17.43209981918335	-1	799
17.475508213043213	-1	611
17.836442947387695	-1	1125
17.836442947387695	-1	1125
17.83660387992859	-1	611
17.98320436477661	-1	2098
17.98320436477661	-1	2098
17.98320436477661	-1	2098
17.98320436477661	-1	2098
17.98365807533264	-1	2116
17.98365807533264	-1	2116
17.98365807533264	-1	2116
17.98365807533264	-1	2116
18.059922695159912	-1	1702
18.059922695159912	-1	1702
18.059922695159912	-1	1702
18.06343722343445	-1	2098
18.06343722343445	-1	2098
18.06343722343445	-1	2098
18.06343722343445	-1	2098
18.07882809638977	-1	1516
18.07882809638977	-1	1516
18.23994255065918	-1	2098
18.23994255065918	-1	2098
18.23994255065918	-1	2098
18.23994255065918	-1	2098
18.240487337112427	-1	2098
18.240487337112427	-1	2098
18.240487337112427	-1	2098
18.240487337112427	-1	2098
18.240612983703613	-1	1125
18.240612983703613	-1	1125
18.2427978515625	-1	1516
18.2427978515625	-1	1516
18.24765181541443	-1	1516
18.24765181541443	-1	1516
18.24766206741333	-1	1232
18.24766206741333	-1	1232
18.250469207763672	-1	611
18.250654935836792	-1	650
18.253019332885742	-1	1516
18.253019332885742	-1	1516
18.256988286972046	-1	2790
18.256988286972046	-1	2790
18.256988286972046	-1	2790
18.256988286972046	-1	2790
18.256988286972046	-1	2790
18.271881103515625	-1	2098
18.271881103515625	-1	2098
18.271881103515625	-1	2098
18.271881103515625	-1	2098
18.27599310874939	-1	2098
18.27599310874939	-1	2098
18.27599310874939	-1	2098
18.27599310874939	-1	2098
18.27600622177124	-1	2098
18.27600622177124	-1	2098
18.27600622177124	-1	2098
18.27600622177124	-1	2098
18.27600860595703	-1	2098
18.27600860595703	-1	2098
18.27600860595703	-1	2098
18.27600860595703	-1	2098
18.289522409439087	-1	540
18.341628551483154	-1	2098
18.341628551483154	-1	2098
18.341628551483154	-1	2098
18.341628551483154	-1	2098
18.347763061523438	-1	902
18.371543169021606	-1	2098
18.371543169021606	-1	2098
18.371543169021606	-1	2098
18.371543169021606	-1	2098
18.372111797332764	-1	2098
18.372111797332764	-1	2098
18.372111797332764	-1	2098
18.372111797332764	-1	2098
18.396428108215332	-1	2098
18.396428108215332	-1	2098
18.396428108215332	-1	2098
18.396428108215332	-1	2098
18.396435260772705	-1	2098
18.396435260772705	-1	2098
18.396435260772705	-1	2098
18.396435260772705	-1	2098
18.39795446395874	-1	2098
18.39795446395874	-1	2098
18.39795446395874	-1	2098
18.39795446395874	-1	2098
18.397968292236328	-1	2098
18.397968292236328	-1	2098
18.397968292236328	-1	2098
18.397968292236328	-1	2098
18.397971630096436	-1	2098
18.397971630096436	-1	2098
18.397971630096436	-1	2098
18.397971630096436	-1	2098
18.39806866645813	-1	611
18.415385484695435	-1	4412
18.415385484695435	-1	4412
18.415385484695435	-1	4412
18.415385484695435	-1	4412
18.415385484695435	-1	4412
18.415385484695435	-1	4412
18.415385484695435	-1	4412
18.415385484695435	-1	4412
18.41540813446045	-1	1526
18.41540813446045	-1	1526
18.49700355529785	-1	2098
18.49700355529785	-1	2098
18.49700355529785	-1	2098
18.49700355529785	-1	2098
18.49702548980713	-1	2098
18.49702548980713	-1	2098
18.49702548980713	-1	2098
18.49702548980713	-1	2098
18.507911682128906	-1	2098
18.507911682128906	-1	2098
18.507911682128906	-1	2098
18.507911682128906	-1	2098
18.509246349334717	-1	3168
18.509246349334717	-1	3168
18.509246349334717	-1	3168
18.509246349334717	-1	3168
18.509246349334717	-1	3168
18.509246349334717	-1	3168
18.509252071380615	-1	2098
18.509252071380615	-1	2098
18.509252071380615	-1	2098
18.509252071380615	-1	2098
18.509395122528076	-1	611
18.520129203796387	-1	2098
18.520129203796387	-1	2098
18.520129203796387	-1	2098
18.520129203796387	-1	2098
18.52099585533142	-1	3168
18.52099585533142	-1	3168
18.52099585533142	-1	3168
18.52099585533142	-1	3168
18.52099585533142	-1	3168
18.52099585533142	-1	3168
18.526825666427612	-1	2098
18.526825666427612	-1	2098
18.526825666427612	-1	2098
18.526825666427612	-1	2098
18.53009271621704	-1	2098
18.53009271621704	-1	2098
18.53009271621704	-1	2098
18.53009271621704	-1	2098
18.530112266540527	-1	2098
18.530112266540527	-1	2098
18.530112266540527	-1	2098
18.530112266540527	-1	2098
18.530640125274658	-1	2098
18.530640125274658	-1	2098
18.530640125274658	-1	2098
18.530640125274658	-1	2098
18.53943109512329	-1	2098
18.53943109512329	-1	2098
18.53943109512329	-1	2098
18.53943109512329	-1	2098
18.54051661491394	-1	2098
18.54051661491394	-1	2098
18.54051661491394	-1	2098
18.54051661491394	-1	2098
18.540533542633057	-1	2208
18.540533542633057	-1	2208
18.540533542633057	-1	2208
18.540533542633057	-1	2208
18.600192546844482	-1	2964
18.600192546844482	-1	2964
18.600192546844482	-1	2964
18.600192546844482	-1	2964
18.600192546844482	-1	2964
18.600214958190918	-1	1516
18.600214958190918	-1	1516
18.60102152824402	-1	1516
18.60102152824402	-1	1516
18.601032733917236	-1	1516
18.601032733917236	-1	1516
18.601036548614502	-1	1516
18.601036548614502	-1	1516
18.601856231689453	-1	4412
18.601856231689453	-1	4412
18.601856231689453	-1	4412
18.601856231689453	-1	4412
18.601856231689453	-1	4412
18.601856231689453	-1	4412
18.601856231689453	-1	4412
18.601856231689453	-1	4412
18.615302562713623	-1	1847
18.615302562713623	-1	1847
18.615302562713623	-1	1847
18.615309476852417	-1	1516
18.615309476852417	-1	1516
18.616876125335693	-1	934
18.617090225219727	-1	611
18.6403489112854	-1	611
18.65112614631653	-1	611
18.68605923652649	-1	611
18.694735765457153	-1	1516
18.694735765457153	-1	1516
18.911659955978394	-1	611
19.170090436935425	-1	611
19.18178105354309	-1	1516
19.18178105354309	-1	1516
19.218114852905273	-1	734
19.272846698760986	-1	1516
19.272846698760986	-1	1516
19.27339816093445	-1	2116
19.27339816093445	-1	2116
19.27339816093445	-1	2116
19.27339816093445	-1	2116
19.273690462112427	-1	1516
19.273690462112427	-1	1516
19.295936107635498	-1	7308
19.295936107635498	-1	7308
19.295936107635498	-1	7308
19.295936107635498	-1	7308
19.295936107635498	-1	7308
19.295936107635498	-1	7308
19.295936107635498	-1	7308
19.295936107635498	-1	7308
19.295936107635498	-1	7308
19.295936107635498	-1	7308
19.295936107635498	-1	7308
19.295936107635498	-1	7308
19.295936107635498	-1	7308
19.295936107635498	-1	7308
19.295972108840942	-1	3289
19.295972108840942	-1	3289
19.295972108840942	-1	3289
19.295972108840942	-1	3289
19.295972108840942	-1	3289
19.295972108840942	-1	3289
19.296162843704224	-1	1125
19.296162843704224	-1	1125
19.306594133377075	-1	611
19.800602197647095	-1	2098
19.800602197647095	-1	2098
19.800602197647095	-1	2098
19.800602197647095	-1	2098
19.800641298294067	-1	3150
19.800641298294067	-1	3150
19.800641298294067	-1	3150
19.800641298294067	-1	3150
19.800641298294067	-1	3150
19.800641298294067	-1	3150
19.80065631866455	-1	2334
19.80065631866455	-1	2334
19.80065631866455	-1	2334
19.80065631866455	-1	2334
19.80066752433777	-1	2098
19.80066752433777	-1	2098
19.80066752433777	-1	2098
19.80066752433777	-1	2098
19.800862789154053	-1	611
19.810210943222046	-1	1516
19.810210943222046	-1	1516
19.835176467895508	-1	1516
19.835176467895508	-1	1516
19.84712290763855	-1	1516
19.84712290763855	-1	1516
21.00062346458435	-1	14548
21.00062346458435	-1	14548
21.00062346458435	-1	14548
21.00062346458435	-1	14548
21.00062346458435	-1	14548
21.00062346458435	-1	14548
21.00062346458435	-1	14548
21.00062346458435	-1	14548
21.00062346458435	-1	14548
21.00062346458435	-1	14548
21.00062346458435	-1	14548
21.00062346458435	-1	14548
21.00062346458435	-1	14548
21.00062346458435	-1	14548
21.00062346458435	-1	14548
21.00062346458435	-1	14548
21.00062346458435	-1	14548
21.00062346458435	-1	14548
21.00062346458435	-1	14548
21.00062346458435	-1	14548
21.00062346458435	-1	14548
21.00062346458435	-1	14548
21.00062346458435	-1	14548
21.00062346458435	-1	14548
21.00062346458435	-1	14548
21.00062346458435	-1	14548
21.00062346458435	-1	14548
21.00062346458435	-1	14548
21.00063157081604	-1	1516
21.00063157081604	-1	1516
21.000635385513306	-1	1516
21.000635385513306	-1	1516
21.015793085098267	-1	14440
21.015793085098267	-1	14440
21.015793085098267	-1	14440
21.015793085098267	-1	14440
21.015793085098267	-1	14440
21.015793085098267	-1	14440
21.015793085098267	-1	14440
21.015793085098267	-1	14440
21.015793085098267	-1	14440
21.015793085098267	-1	14440
21.015793085098267	-1	14440
21.015793085098267	-1	14440
21.015793085098267	-1	14440
21.015793085098267	-1	14440
21.015793085098267	-1	14440
21.015793085098267	-1	14440
21.015793085098267	-1	14440
21.015793085098267	-1	14440
21.015793085098267	-1	14440
21.015793085098267	-1	14440
21.015793085098267	-1	14440
21.015793085098267	-1	14440
21.015793085098267	-1	14440
21.015793085098267	-1	14440
21.015793085098267	-1	14440
21.015793085098267	-1	14440
21.015793085098267	-1	14440
21.015793085098267	-1	14440
21.029853343963623	-1	2952
21.029853343963623	-1	2952
21.029853343963623	-1	2952
21.029853343963623	-1	2952
21.029853343963623	-1	2952
21.02989625930786	-1	5062
21.02989625930786	-1	5062
21.02989625930786	-1	5062
21.02989625930786	-1	5062
21.02989625930786	-1	5062
21.02989625930786	-1	5062
21.02989625930786	-1	5062
21.02989625930786	-1	5062
21.02989625930786	-1	5062
21.03746724128723	-1	1516
21.03746724128723	-1	1516
21.03748083114624	-1	1074
21.03748083114624	-1	1074
21.049573183059692	-1	611
21.442099571228027	-1	2098
21.442099571228027	-1	2098
21.442099571228027	-1	2098
21.442099571228027	-1	2098
21.442253828048706	-1	611
21.46225905418396	-1	2098
21.46225905418396	-1	2098
21.46225905418396	-1	2098
21.46225905418396	-1	2098
21.46227192878723	-1	2098
21.46227192878723	-1	2098
21.46227192878723	-1	2098
21.46227192878723	-1	2098
21.46307897567749	-1	2098
21.46307897567749	-1	2098
21.46307897567749	-1	2098
21.46307897567749	-1	2098
21.472368955612183	-1	2098
21.472368955612183	-1	2098
21.472368955612183	-1	2098
21.472368955612183	-1	2098
21.482392072677612	-1	2098
21.482392072677612	-1	2098
21.482392072677612	-1	2098
21.482392072677612	-1	2098
21.483484029769897	-1	2570
21.483484029769897	-1	2570
21.483484029769897	-1	2570
21.483484029769897	-1	2570
21.483484029769897	-1	2570
21.483585596084595	-1	611
21.492727994918823	-1	2098
21.492727994918823	-1	2098
21.492727994918823	-1	2098
21.492727994918823	-1	2098
21.507773876190186	-1	2098
21.507773876190186	-1	2098
21.507773876190186	-1	2098
21.507773876190186	-1	2098
21.512471199035645	-1	2098
21.512471199035645	-1	2098
21.512471199035645	-1	2098
21.512471199035645	-1	2098
21.514961004257202	-1	2098
21.514961004257202	-1	2098
21.514961004257202	-1	2098
21.514961004257202	-1	2098
21.519277334213257	-1	2098
21.519277334213257	-1	2098
21.519277334213257	-1	2098
21.519277334213257	-1	2098
21.528879165649414	-1	2098
21.528879165649414	-1	2098
21.528879165649414	-1	2098
21.528879165649414	-1	2098
21.530125379562378	-1	2098
21.530125379562378	-1	2098
21.530125379562378	-1	2098
21.530125379562378	-1	2098
21.530224561691284	-1	611
21.53649091720581	-1	2098
21.53649091720581	-1	2098
21.53649091720581	-1	2098
21.53649091720581	-1	2098
21.54144859313965	-1	2098
21.54144859313965	-1	2098
21.54144859313965	-1	2098
21.54144859313965	-1	2098
21.541969299316406	-1	611
21.54197859764099	-1	1516
21.54197859764099	-1	1516
21.55161762237549	-1	2334
21.55161762237549	-1	2334
21.55161762237549	-1	2334
21.55161762237549	-1	2334
21.56633496284485	-1	2098
21.56633496284485	-1	2098
21.56633496284485	-1	2098
21.56633496284485	-1	2098
21.56705069541931	-1	1516
21.56705069541931	-1	1516
21.56755042076111	-1	2098
21.56755042076111	-1	2098
21.56755042076111	-1	2098
21.56755042076111	-1	2098
21.56836724281311	-1	2098
21.56836724281311	-1	2098
21.56836724281311	-1	2098
21.56836724281311	-1	2098
21.56850790977478	-1	611
21.578100442886353	-1	2098
21.578100442886353	-1	2098
21.578100442886353	-1	2098
21.578100442886353	-1	2098
21.589406490325928	-1	2334
21.589406490325928	-1	2334
21.589406490325928	-1	2334
21.589406490325928	-1	2334
21.589428663253784	-1	2098
21.589428663253784	-1	2098
21.589428663253784	-1	2098
21.589428663253784	-1	2098
21.628334283828735	-1	2925
21.628334283828735	-1	2925
21.628334283828735	-1	2925
21.628334283828735	-1	2925
21.628334283828735	-1	2925
21.628359079360962	-1	3294
21.628359079360962	-1	3294
21.628359079360962	-1	3294
21.628359079360962	-1	3294
21.628359079360962	-1	3294
21.628359079360962	-1	3294
21.62836217880249	-1	2116
21.62836217880249	-1	2116
21.62836217880249	-1	2116
21.62836217880249	-1	2116
21.629748821258545	-1	1125
21.629748821258545	-1	1125
21.64057230949402	-1	2098
21.64057230949402	-1	2098
21.64057230949402	-1	2098
21.64057230949402	-1	2098
21.64058542251587	-1	1728
21.64058542251587	-1	1728
21.64058542251587	-1	1728
21.640588521957397	-1	2098
21.640588521957397	-1	2098
21.640588521957397	-1	2098
21.640588521957397	-1	2098
21.652355432510376	-1	611
21.70604944229126	-1	2098
21.70604944229126	-1	2098
21.70604944229126	-1	2098
21.70604944229126	-1	2098
21.770763635635376	-1	2098
21.770763635635376	-1	2098
21.770763635635376	-1	2098
21.770763635635376	-1	2098
21.834745168685913	-1	2098
21.834745168685913	-1	2098
21.834745168685913	-1	2098
21.834745168685913	-1	2098
21.834757804870605	-1	2037
21.834757804870605	-1	2037
21.834757804870605	-1	2037
21.836034774780273	-1	1125
21.836034774780273	-1	1125
21.850820779800415	-1	2098
21.850820779800415	-1	2098
21.850820779800415	-1	2098
21.850820779800415	-1	2098
21.850841283798218	-1	611
21.865723371505737	-1	2098
21.865723371505737	-1	2098
21.865723371505737	-1	2098
21.865723371505737	-1	2098
21.86760687828064	-1	1125
21.86760687828064	-1	1125
22.106330633163452	-1	624
22.10763382911682	-1	1125
22.10763382911682	-1	1125
22.1205472946167	-1	611
22.130144596099854	-1	611
22.565953731536865	-1	2098
22.565953731536865	-1	2098
22.565953731536865	-1	2098
22.565953731536865	-1	2098
22.565967559814453	-1	2208
22.565967559814453	-1	2208
22.565967559814453	-1	2208
22.565967559814453	-1	2208
22.56597137451172	-1	2098
22.56597137451172	-1	2098
22.56597137451172	-1	2098
22.56597137451172	-1	2098
22.56597399711609	-1	2932
22.56597399711609	-1	2932
22.56597399711609	-1	2932
22.56597399711609	-1	2932
22.56597399711609	-1	2932
22.567180156707764	-1	1125
22.567180156707764	-1	1125
22.569544315338135	-1	1718
22.569544315338135	-1	1718
22.569544315338135	-1	1718
22.5933096408844	-1	1125
22.5933096408844	-1	1125
22.65538263320923	-1	873
22.656331539154053	-1	611
22.66641926765442	-1	1516
22.66641926765442	-1	1516
22.82869577407837	-1	2098
22.82869577407837	-1	2098
22.82869577407837	-1	2098
22.82869577407837	-1	2098
22.8287091255188	-1	2334
22.8287091255188	-1	2334
22.8287091255188	-1	2334
22.8287091255188	-1	2334
22.829092025756836	-1	2098
22.829092025756836	-1	2098
22.829092025756836	-1	2098
22.829092025756836	-1	2098
22.913528442382812	-1	815
22.914266347885132	-1	611
22.928248643875122	-1	1500
22.928248643875122	-1	1500
23.486705780029297	-1	2098
23.486705780029297	-1	2098
23.486705780029297	-1	2098
23.486705780029297	-1	2098
23.486743450164795	-1	2410
23.486743450164795	-1	2410
23.486743450164795	-1	2410
23.486743450164795	-1	2410
23.486754417419434	-1	1736
23.486754417419434	-1	1736
23.486754417419434	-1	1736
23.486759185791016	-1	2932
23.486759185791016	-1	2932
23.486759185791016	-1	2932
23.486759185791016	-1	2932
23.486759185791016	-1	2932
23.486979007720947	-1	611
23.49861979484558	-1	1516
23.49861979484558	-1	1516
23.53184151649475	-1	1516
23.53184151649475	-1	1516
23.67792797088623	-1	611
23.829244136810303	-1	611
25.354827404022217	-1	1639
25.354827404022217	-1	1639
25.354827404022217	-1	1639
25.355947017669678	-1	611
25.434749126434326	-1	611
25.488312244415283	-1	1125
25.488312244415283	-1	1125
25.73097324371338	-1	611
26.256497144699097	-1	2098
26.256497144699097	-1	2098
26.256497144699097	-1	2098
26.256497144699097	-1	2098
26.256532430648804	-1	2932
26.256532430648804	-1	2932
26.256532430648804	-1	2932
26.256532430648804	-1	2932
26.256532430648804	-1	2932
26.25697636604309	-1	611
26.26478123664856	-1	14548
26.26478123664856	-1	14548
26.26478123664856	-1	14548
26.26478123664856	-1	14548
26.26478123664856	-1	14548
26.26478123664856	-1	14548
26.26478123664856	-1	14548
26.26478123664856	-1	14548
26.26478123664856	-1	14548
26.26478123664856	-1	14548
26.26478123664856	-1	14548
26.26478123664856	-1	14548
26.26478123664856	-1	14548
26.26478123664856	-1	14548
26.26478123664856	-1	14548
26.26478123664856	-1	14548
26.26478123664856	-1	14548
26.26478123664856	-1	14548
26.26478123664856	-1	14548
26.26478123664856	-1	14548
26.26478123664856	-1	14548
26.26478123664856	-1	14548
26.26478123664856	-1	14548
26.26478123664856	-1	14548
26.26478123664856	-1	14548
26.26478123664856	-1	14548
26.26478123664856	-1	14548
26.26478123664856	-1	14548
26.296590566635132	-1	11652
26.296590566635132	-1	11652
26.296590566635132	-1	11652
26.296590566635132	-1	11652
26.296590566635132	-1	11652
26.296590566635132	-1	11652
26.296590566635132	-1	11652
26.296590566635132	-1	11652
26.296590566635132	-1	11652
26.296590566635132	-1	11652
26.296590566635132	-1	11652
26.296590566635132	-1	11652
26.296590566635132	-1	11652
26.296590566635132	-1	11652
26.296590566635132	-1	11652
26.296590566635132	-1	11652
26.296590566635132	-1	11652
26.296590566635132	-1	11652
26.296590566635132	-1	11652
26.296590566635132	-1	11652
26.296590566635132	-1	11652
26.296590566635132	-1	11652
26.29677939414978	-1	611
26.297250509262085	-1	4412
26.297250509262085	-1	4412
26.297250509262085	-1	4412
26.297250509262085	-1	4412
26.297250509262085	-1	4412
26.297250509262085	-1	4412
26.297250509262085	-1	4412
26.297250509262085	-1	4412
26.32783603668213	-1	3959
26.32783603668213	-1	3959
26.32783603668213	-1	3959
26.32783603668213	-1	3959
26.32783603668213	-1	3959
26.32783603668213	-1	3959
26.32783603668213	-1	3959
26.327876567840576	-1	623
26.35135531425476	-1	2316
26.35135531425476	-1	2316
26.35135531425476	-1	2316
26.35135531425476	-1	2316
26.35148787498474	-1	611
26.351959228515625	-1	2098
26.351959228515625	-1	2098
26.351959228515625	-1	2098
26.351959228515625	-1	2098
26.397631406784058	-1	1500
26.397631406784058	-1	1500
26.504674911499023	-1	2098
26.504674911499023	-1	2098
26.504674911499023	-1	2098
26.504674911499023	-1	2098
26.51312017440796	-1	2552
26.51312017440796	-1	2552
26.51312017440796	-1	2552
26.51312017440796	-1	2552
26.520378828048706	-1	2116
26.520378828048706	-1	2116
26.520378828048706	-1	2116
26.520378828048706	-1	2116
26.52410316467285	-1	611
26.533864974975586	-1	611
26.543484449386597	-1	611
26.55567955970764	-1	1125
26.55567955970764	-1	1125
26.914950370788574	-1	1125
26.914950370788574	-1	1125
27.47905445098877	-1	1125
27.47905445098877	-1	1125
27.479084253311157	-1	1639
27.479084253311157	-1	1639
27.479084253311157	-1	1639
27.480562210083008	-1	1125
27.480562210083008	-1	1125
27.490950107574463	-1	1516
27.490950107574463	-1	1516
29.188879013061523	-1	2098
29.188879013061523	-1	2098
29.188879013061523	-1	2098
29.188879013061523	-1	2098
29.200190544128418	-1	1665
29.200190544128418	-1	1665
29.200190544128418	-1	1665
29.200206995010376	-1	2098
29.200206995010376	-1	2098
29.200206995010376	-1	2098
29.200206995010376	-1	2098
29.214360237121582	-1	868
29.21436834335327	-1	2098
29.21436834335327	-1	2098
29.21436834335327	-1	2098
29.21436834335327	-1	2098
29.215261220932007	-1	611
29.226680755615234	-1	1516
29.226680755615234	-1	1516
29.362520217895508	-1	611
29.37491226196289	-1	1516
29.37491226196289	-1	1516
29.374927520751953	-1	705
29.382384061813354	-1	1125
29.382384061813354	-1	1125
29.39497137069702	-1	1125
29.39497137069702	-1	1125
29.532761335372925	-1	1516
29.532761335372925	-1	1516
29.55430841445923	-1	1516
29.55430841445923	-1	1516
29.554316997528076	-1	1436
29.554316997528076	-1	1436
29.643155574798584	-1	1500
29.643155574798584	-1	1500
29.643173456192017	-1	2116
29.643173456192017	-1	2116
29.643173456192017	-1	2116
29.643173456192017	-1	2116
29.6439311504364	-1	611
29.652121543884277	-1	2098
29.652121543884277	-1	2098
29.652121543884277	-1	2098
29.652121543884277	-1	2098
29.654531955718994	-1	611
29.66351318359375	-1	2098
29.66351318359375	-1	2098
29.66351318359375	-1	2098
29.66351318359375	-1	2098
29.672554969787598	-1	1736
29.672554969787598	-1	1736
29.672554969787598	-1	1736
29.684079885482788	-1	2098
29.684079885482788	-1	2098
29.684079885482788	-1	2098
29.684079885482788	-1	2098
29.684168577194214	-1	611
29.69452691078186	-1	2134
29.69452691078186	-1	2134
29.69452691078186	-1	2134
29.69452691078186	-1	2134
29.708958864212036	-1	2534
29.708958864212036	-1	2534
29.708958864212036	-1	2534
29.708958864212036	-1	2534
29.720856428146362	-1	2098
29.720856428146362	-1	2098
29.720856428146362	-1	2098
29.720856428146362	-1	2098
29.720880031585693	-1	1516
29.720880031585693	-1	1516
29.730453729629517	-1	1543
29.730453729629517	-1	1543
29.730453729629517	-1	1543
29.96898341178894	-1	611
29.96899914741516	-1	2098
29.96899914741516	-1	2098
29.96899914741516	-1	2098
29.96899914741516	-1	2098
29.96941328048706	-1	611
30.04570174217224	-1	1028
30.04570174217224	-1	1028
30.07660961151123	-1	1500
30.07660961151123	-1	1500
30.221617698669434	-1	2098
30.221617698669434	-1	2098
30.221617698669434	-1	2098
30.221617698669434	-1	2098
30.227623462677002	-1	2316
30.227623462677002	-1	2316
30.227623462677002	-1	2316
30.227623462677002	-1	2316
30.253492832183838	-1	2134
30.253492832183838	-1	2134
30.253492832183838	-1	2134
30.253492832183838	-1	2134
30.267162084579468	-1	2534
30.267162084579468	-1	2534
30.267162084579468	-1	2534
30.267162084579468	-1	2534
30.523911714553833	-1	1516
30.523911714553833	-1	1516
30.534059047698975	-1	1516
30.534059047698975	-1	1516
30.54021644592285	-1	1516
30.54021644592285	-1	1516
30.550188541412354	-1	1516
30.550188541412354	-1	1516
30.552786111831665	-1	965
30.695371627807617	-1	1827
30.695371627807617	-1	1827
30.695371627807617	-1	1827
30.695404529571533	-1	2098
30.695404529571533	-1	2098
30.695404529571533	-1	2098
30.695404529571533	-1	2098
30.722533226013184	-1	2914
30.722533226013184	-1	2914
30.722533226013184	-1	2914
30.722533226013184	-1	2914
30.722533226013184	-1	2914
30.726560831069946	-1	2098
30.726560831069946	-1	2098
30.726560831069946	-1	2098
30.726560831069946	-1	2098
30.73799467086792	-1	2552
30.73799467086792	-1	2552
30.73799467086792	-1	2552
30.73799467086792	-1	2552
30.738115310668945	-1	1125
30.738115310668945	-1	1125
30.7499680519104	-1	2932
30.7499680519104	-1	2932
30.7499680519104	-1	2932
30.7499680519104	-1	2932
30.7499680519104	-1	2932
30.787856817245483	-1	2098
30.787856817245483	-1	2098
30.787856817245483	-1	2098
30.787856817245483	-1	2098
30.787871837615967	-1	1736
30.787871837615967	-1	1736
30.787871837615967	-1	1736
30.799492120742798	-1	2932
30.799492120742798	-1	2932
30.799492120742798	-1	2932
30.799492120742798	-1	2932
30.799492120742798	-1	2932
30.804208040237427	-1	611
30.840763092041016	-1	1516
30.840763092041016	-1	1516
30.86032724380493	-1	4412
30.86032724380493	-1	4412
30.86032724380493	-1	4412
30.86032724380493	-1	4412
30.86032724380493	-1	4412
30.86032724380493	-1	4412
30.86032724380493	-1	4412
30.86032724380493	-1	4412
30.86846947669983	-1	4412
30.86846947669983	-1	4412
30.86846947669983	-1	4412
30.86846947669983	-1	4412
30.86846947669983	-1	4412
30.86846947669983	-1	4412
30.86846947669983	-1	4412
30.86846947669983	-1	4412
30.868571281433105	-1	611
30.874799728393555	-1	611
30.87641191482544	-1	7308
30.87641191482544	-1	7308
30.87641191482544	-1	7308
30.87641191482544	-1	7308
30.87641191482544	-1	7308
30.87641191482544	-1	7308
30.87641191482544	-1	7308
30.87641191482544	-1	7308
30.87641191482544	-1	7308
30.87641191482544	-1	7308
30.87641191482544	-1	7308
30.87641191482544	-1	7308
30.87641191482544	-1	7308
30.87641191482544	-1	7308
30.890605449676514	-1	1516
30.890605449676514	-1	1516
30.89195418357849	-1	7308
30.89195418357849	-1	7308
30.89195418357849	-1	7308
30.89195418357849	-1	7308
30.89195418357849	-1	7308
30.89195418357849	-1	7308
30.89195418357849	-1	7308
30.89195418357849	-1	7308
30.89195418357849	-1	7308
30.89195418357849	-1	7308
30.89195418357849	-1	7308
30.89195418357849	-1	7308
30.89195418357849	-1	7308
30.89195418357849	-1	7308
30.90472912788391	-1	1516
30.90472912788391	-1	1516
30.90787172317505	-1	8756
30.90787172317505	-1	8756
30.90787172317505	-1	8756
30.90787172317505	-1	8756
30.90787172317505	-1	8756
30.90787172317505	-1	8756
30.90787172317505	-1	8756
30.90787172317505	-1	8756
30.90787172317505	-1	8756
30.90787172317505	-1	8756
30.90787172317505	-1	8756
30.90787172317505	-1	8756
30.90787172317505	-1	8756
30.90787172317505	-1	8756
30.90787172317505	-1	8756
30.90787172317505	-1	8756
30.90787172317505	-1	8756
30.907981157302856	-1	1125
30.907981157302856	-1	1125
30.916041135787964	-1	1516
30.916041135787964	-1	1516
30.939295053482056	-1	10204
30.939295053482056	-1	10204
30.939295053482056	-1	10204
30.939295053482056	-1	10204
30.939295053482056	-1	10204
30.939295053482056	-1	10204
30.939295053482056	-1	10204
30.939295053482056	-1	10204
30.939295053482056	-1	10204
30.939295053482056	-1	10204
30.939295053482056	-1	10204
30.939295053482056	-1	10204
30.939295053482056	-1	10204
30.939295053482056	-1	10204
30.939295053482056	-1	10204
30.939295053482056	-1	10204
30.939295053482056	-1	10204
30.939295053482056	-1	10204
30.939295053482056	-1	10204
30.972357273101807	-1	13100
30.972357273101807	-1	13100
30.972357273101807	-1	13100
30.972357273101807	-1	13100
30.972357273101807	-1	13100
30.972357273101807	-1	13100
30.972357273101807	-1	13100
30.972357273101807	-1	13100
30.972357273101807	-1	13100
30.972357273101807	-1	13100
30.972357273101807	-1	13100
30.972357273101807	-1	13100
30.972357273101807	-1	13100
30.972357273101807	-1	13100
30.972357273101807	-1	13100
30.972357273101807	-1	13100
30.972357273101807	-1	13100
30.972357273101807	-1	13100
30.972357273101807	-1	13100
30.972357273101807	-1	13100
30.972357273101807	-1	13100
30.972357273101807	-1	13100
30.972357273101807	-1	13100
30.972357273101807	-1	13100
30.972357273101807	-1	13100
30.972554206848145	-1	611
30.982340812683105	-1	11652
30.982340812683105	-1	11652
30.982340812683105	-1	11652
30.982340812683105	-1	11652
30.982340812683105	-1	11652
30.982340812683105	-1	11652
30.982340812683105	-1	11652
30.982340812683105	-1	11652
30.982340812683105	-1	11652
30.982340812683105	-1	11652
30.982340812683105	-1	11652
30.982340812683105	-1	11652
30.982340812683105	-1	11652
30.982340812683105	-1	11652
30.982340812683105	-1	11652
30.982340812683105	-1	11652
30.982340812683105	-1	11652
30.982340812683105	-1	11652
30.982340812683105	-1	11652
30.982340812683105	-1	11652
30.982340812683105	-1	11652
30.982340812683105	-1	11652
30.982882261276245	-1	2964
30.982882261276245	-1	2964
30.982882261276245	-1	2964
30.982882261276245	-1	2964
30.982882261276245	-1	2964
30.995140552520752	-1	10204
30.995140552520752	-1	10204
30.995140552520752	-1	10204
30.995140552520752	-1	10204
30.995140552520752	-1	10204
30.995140552520752	-1	10204
30.995140552520752	-1	10204
30.995140552520752	-1	10204
30.995140552520752	-1	10204
30.995140552520752	-1	10204
30.995140552520752	-1	10204
30.995140552520752	-1	10204
30.995140552520752	-1	10204
30.995140552520752	-1	10204
30.995140552520752	-1	10204
30.995140552520752	-1	10204
30.995140552520752	-1	10204
30.995140552520752	-1	10204
30.995140552520752	-1	10204
30.995294332504272	-1	611
30.996161460876465	-1	2964
30.996161460876465	-1	2964
30.996161460876465	-1	2964
30.996161460876465	-1	2964
30.996161460876465	-1	2964
30.996176958084106	-1	2964
30.996176958084106	-1	2964
30.996176958084106	-1	2964
30.996176958084106	-1	2964
30.996176958084106	-1	2964
31.00671935081482	-1	7689
31.00671935081482	-1	7689
31.00671935081482	-1	7689
31.00671935081482	-1	7689
31.00671935081482	-1	7689
31.00671935081482	-1	7689
31.00671935081482	-1	7689
31.00671935081482	-1	7689
31.00671935081482	-1	7689
31.00671935081482	-1	7689
31.00671935081482	-1	7689
31.00671935081482	-1	7689
31.00671935081482	-1	7689
31.00671935081482	-1	7689
31.00671935081482	-1	7689
31.006734609603882	-1	611
31.00675129890442	-1	2098
31.00675129890442	-1	2098
31.00675129890442	-1	2098
31.00675129890442	-1	2098
31.008097887039185	-1	650
31.01932692527771	-1	8338
31.01932692527771	-1	8338
31.01932692527771	-1	8338
31.01932692527771	-1	8338
31.01932692527771	-1	8338
31.01932692527771	-1	8338
31.01932692527771	-1	8338
31.01932692527771	-1	8338
31.01932692527771	-1	8338
31.01932692527771	-1	8338
31.01932692527771	-1	8338
31.01932692527771	-1	8338
31.01932692527771	-1	8338
31.01932692527771	-1	8338
31.01932692527771	-1	8338
31.01932692527771	-1	8338
31.01943874359131	-1	611
31.05009889602661	-1	2098
31.05009889602661	-1	2098
31.05009889602661	-1	2098
31.05009889602661	-1	2098
31.050124645233154	-1	2098
31.050124645233154	-1	2098
31.050124645233154	-1	2098
31.050124645233154	-1	2098
31.050132751464844	-1	2098
31.050132751464844	-1	2098
31.050132751464844	-1	2098
31.050132751464844	-1	2098
31.050142526626587	-1	2098
31.050142526626587	-1	2098
31.050142526626587	-1	2098
31.050142526626587	-1	2098
31.050146341323853	-1	2098
31.050146341323853	-1	2098
31.050146341323853	-1	2098
31.050146341323853	-1	2098
31.0501492023468	-1	2098
31.0501492023468	-1	2098
31.0501492023468	-1	2098
31.0501492023468	-1	2098
31.059816360473633	-1	2098
31.059816360473633	-1	2098
31.059816360473633	-1	2098
31.059816360473633	-1	2098
31.079582929611206	-1	1115
31.079582929611206	-1	1115
31.081281900405884	-1	1125
31.081281900405884	-1	1125
31.12359881401062	-1	611
31.256155490875244	-1	611
32.526034355163574	-1	1516
32.526034355163574	-1	1516
32.528334856033325	-1	705
34.81501507759094	-1	611
34.83555269241333	-1	611
35.48753380775452	-1	2098
35.48753380775452	-1	2098
35.48753380775452	-1	2098
35.48753380775452	-1	2098
35.48756790161133	-1	1665
35.48756790161133	-1	1665
35.48756790161133	-1	1665
35.48767638206482	-1	611
35.4989287853241	-1	1516
35.4989287853241	-1	1516
36.39562630653381	-1	2098
36.39562630653381	-1	2098
36.39562630653381	-1	2098
36.39562630653381	-1	2098
36.42095589637756	-1	1151
36.42095589637756	-1	1151
36.421674728393555	-1	1516
36.421674728393555	-1	1516
38.849969148635864	-1	1125
38.849969148635864	-1	1125
38.85000038146973	-1	2098
38.85000038146973	-1	2098
38.85000038146973	-1	2098
38.85000038146973	-1	2098
38.85000920295715	-1	2116
38.85000920295715	-1	2116
38.85000920295715	-1	2116
38.85000920295715	-1	2116
38.8500120639801	-1	2098
38.8500120639801	-1	2098
38.8500120639801	-1	2098
38.8500120639801	-1	2098
38.850016832351685	-1	2552
38.850016832351685	-1	2552
38.850016832351685	-1	2552
38.850016832351685	-1	2552
38.85031175613403	-1	611
38.890385150909424	-1	1516
38.890385150909424	-1	1516
38.89451193809509	-1	10204
38.89451193809509	-1	10204
38.89451193809509	-1	10204
38.89451193809509	-1	10204
38.89451193809509	-1	10204
38.89451193809509	-1	10204
38.89451193809509	-1	10204
38.89451193809509	-1	10204
38.89451193809509	-1	10204
38.89451193809509	-1	10204
38.89451193809509	-1	10204
38.89451193809509	-1	10204
38.89451193809509	-1	10204
38.89451193809509	-1	10204
38.89451193809509	-1	10204
38.89451193809509	-1	10204
38.89451193809509	-1	10204
38.89451193809509	-1	10204
38.89451193809509	-1	10204
38.89535140991211	-1	2964
38.89535140991211	-1	2964
38.89535140991211	-1	2964
38.89535140991211	-1	2964
38.89535140991211	-1	2964
38.895509243011475	-1	611
38.90825533866882	-1	15996
38.90825533866882	-1	15996
38.90825533866882	-1	15996
38.90825533866882	-1	15996
38.90825533866882	-1	15996
38.90825533866882	-1	15996
38.90825533866882	-1	15996
38.90825533866882	-1	15996
38.90825533866882	-1	15996
38.90825533866882	-1	15996
38.90825533866882	-1	15996
38.90825533866882	-1	15996
38.90825533866882	-1	15996
38.90825533866882	-1	15996
38.90825533866882	-1	15996
38.90825533866882	-1	15996
38.90825533866882	-1	15996
38.90825533866882	-1	15996
38.90825533866882	-1	15996
38.90825533866882	-1	15996
38.90825533866882	-1	15996
38.90825533866882	-1	15996
38.90825533866882	-1	15996
38.90825533866882	-1	15996
38.90825533866882	-1	15996
38.90825533866882	-1	15996
38.90825533866882	-1	15996
38.90825533866882	-1	15996
38.90825533866882	-1	15996
38.90825533866882	-1	15996
38.90825533866882	-1	15996
38.9085967540741	-1	767
38.90862798690796	-1	611
38.91898250579834	-1	11652
38.91898250579834	-1	11652
38.91898250579834	-1	11652
38.91898250579834	-1	11652
38.91898250579834	-1	11652
38.91898250579834	-1	11652
38.91898250579834	-1	11652
38.91898250579834	-1	11652
38.91898250579834	-1	11652
38.91898250579834	-1	11652
38.91898250579834	-1	11652
38.91898250579834	-1	11652
38.91898250579834	-1	11652
38.91898250579834	-1	11652
38.91898250579834	-1	11652
38.91898250579834	-1	11652
38.91898250579834	-1	11652
38.91898250579834	-1	11652
38.91898250579834	-1	11652
38.91898250579834	-1	11652
38.91898250579834	-1	11652
38.91898250579834	-1	11652
38.92048740386963	-1	5860
38.92048740386963	-1	5860
38.92048740386963	-1	5860
38.92048740386963	-1	5860
38.92048740386963	-1	5860
38.92048740386963	-1	5860
38.92048740386963	-1	5860
38.92048740386963	-1	5860
38.92048740386963	-1	5860
38.92048740386963	-1	5860
38.92048740386963	-1	5860
38.92051601409912	-1	611
38.92824745178223	-1	7308
38.92824745178223	-1	7308
38.92824745178223	-1	7308
38.92824745178223	-1	7308
38.92824745178223	-1	7308
38.92824745178223	-1	7308
38.92824745178223	-1	7308
38.92824745178223	-1	7308
38.92824745178223	-1	7308
38.92824745178223	-1	7308
38.92824745178223	-1	7308
38.92824745178223	-1	7308
38.92824745178223	-1	7308
38.92824745178223	-1	7308
38.936288595199585	-1	5860
38.936288595199585	-1	5860
38.936288595199585	-1	5860
38.936288595199585	-1	5860
38.936288595199585	-1	5860
38.936288595199585	-1	5860
38.936288595199585	-1	5860
38.936288595199585	-1	5860
38.936288595199585	-1	5860
38.936288595199585	-1	5860
38.936288595199585	-1	5860
38.936312198638916	-1	5860
38.936312198638916	-1	5860
38.936312198638916	-1	5860
38.936312198638916	-1	5860
38.936312198638916	-1	5860
38.936312198638916	-1	5860
38.936312198638916	-1	5860
38.936312198638916	-1	5860
38.936312198638916	-1	5860
38.936312198638916	-1	5860
38.936312198638916	-1	5860
38.936328172683716	-1	2964
38.936328172683716	-1	2964
38.936328172683716	-1	2964
38.936328172683716	-1	2964
38.936328172683716	-1	2964
38.93647336959839	-1	611
38.937559366226196	-1	4412
38.937559366226196	-1	4412
38.937559366226196	-1	4412
38.937559366226196	-1	4412
38.937559366226196	-1	4412
38.937559366226196	-1	4412
38.937559366226196	-1	4412
38.937559366226196	-1	4412
38.951252937316895	-1	4412
38.951252937316895	-1	4412
38.951252937316895	-1	4412
38.951252937316895	-1	4412
38.951252937316895	-1	4412
38.951252937316895	-1	4412
38.951252937316895	-1	4412
38.951252937316895	-1	4412
38.957138538360596	-1	4412
38.957138538360596	-1	4412
38.957138538360596	-1	4412
38.957138538360596	-1	4412
38.957138538360596	-1	4412
38.957138538360596	-1	4412
38.957138538360596	-1	4412
38.957138538360596	-1	4412
38.95795297622681	-1	4412
38.95795297622681	-1	4412
38.95795297622681	-1	4412
38.95795297622681	-1	4412
38.95795297622681	-1	4412
38.95795297622681	-1	4412
38.95795297622681	-1	4412
38.95795297622681	-1	4412
38.95945382118225	-1	1154
38.95945382118225	-1	1154
38.96063280105591	-1	4412
38.96063280105591	-1	4412
38.96063280105591	-1	4412
38.96063280105591	-1	4412
38.96063280105591	-1	4412
38.96063280105591	-1	4412
38.96063280105591	-1	4412
38.96063280105591	-1	4412
38.96145033836365	-1	4412
38.96145033836365	-1	4412
38.96145033836365	-1	4412
38.96145033836365	-1	4412
38.96145033836365	-1	4412
38.96145033836365	-1	4412
38.96145033836365	-1	4412
38.96145033836365	-1	4412
39.00090312957764	-1	4412
39.00090312957764	-1	4412
39.00090312957764	-1	4412
39.00090312957764	-1	4412
39.00090312957764	-1	4412
39.00090312957764	-1	4412
39.00090312957764	-1	4412
39.00090312957764	-1	4412
39.00150012969971	-1	2904
39.00150012969971	-1	2904
39.00150012969971	-1	2904
39.00150012969971	-1	2904
39.00150012969971	-1	2904
39.001518964767456	-1	1125
39.001518964767456	-1	1125
39.00870895385742	-1	611
39.02058792114258	-1	611
39.14324474334717	-1	611
39.34688329696655	-1	2098
39.34688329696655	-1	2098
39.34688329696655	-1	2098
39.34688329696655	-1	2098
39.34690189361572	-1	1665
39.34690189361572	-1	1665
39.34690189361572	-1	1665
39.49898648262024	-1	611
39.5313925743103	-1	1516
39.5313925743103	-1	1516
39.59410357475281	-1	2098
39.59410357475281	-1	2098
39.59410357475281	-1	2098
39.59410357475281	-1	2098
39.6041738986969	-1	1665
39.6041738986969	-1	1665
39.6041738986969	-1	1665
39.60439443588257	-1	611
39.70587682723999	-1	2098
39.70587682723999	-1	2098
39.70587682723999	-1	2098
39.70587682723999	-1	2098
39.7058892250061	-1	2116
39.7058892250061	-1	2116
39.7058892250061	-1	2116
39.7058892250061	-1	2116
39.70600175857544	-1	611
39.71418285369873	-1	2098
39.71418285369873	-1	2098
39.71418285369873	-1	2098
39.71418285369873	-1	2098
39.725430727005005	-1	2098
39.725430727005005	-1	2098
39.725430727005005	-1	2098
39.725430727005005	-1	2098
39.725701332092285	-1	611
39.72687792778015	-1	1736
39.72687792778015	-1	1736
39.72687792778015	-1	1736
39.855262994766235	-1	2098
39.855262994766235	-1	2098
39.855262994766235	-1	2098
39.855262994766235	-1	2098
39.956467390060425	-1	2098
39.956467390060425	-1	2098
39.956467390060425	-1	2098
39.956467390060425	-1	2098
39.95679831504822	-1	611
39.966267347335815	-1	2098
39.966267347335815	-1	2098
39.966267347335815	-1	2098
39.966267347335815	-1	2098
39.975006103515625	-1	2098
39.975006103515625	-1	2098
39.975006103515625	-1	2098
39.975006103515625	-1	2098
39.97862935066223	-1	1166
39.97862935066223	-1	1166
39.97864389419556	-1	2098
39.97864389419556	-1	2098
39.97864389419556	-1	2098
39.97864389419556	-1	2098
39.978758573532104	-1	611
39.98012685775757	-1	2334
39.98012685775757	-1	2334
39.98012685775757	-1	2334
39.98012685775757	-1	2334
39.989307165145874	-1	2098
39.989307165145874	-1	2098
39.989307165145874	-1	2098
39.989307165145874	-1	2098
40.02339291572571	-1	611
40.12138557434082	-1	2098
40.12138557434082	-1	2098
40.12138557434082	-1	2098
40.12138557434082	-1	2098
40.121543407440186	-1	611
40.12255144119263	-1	1736
40.12255144119263	-1	1736
40.12255144119263	-1	1736
40.131386280059814	-1	2098
40.131386280059814	-1	2098
40.131386280059814	-1	2098
40.131386280059814	-1	2098
40.20967888832092	-1	2098
40.20967888832092	-1	2098
40.20967888832092	-1	2098
40.20967888832092	-1	2098
40.209951639175415	-1	611
40.21959137916565	-1	2098
40.21959137916565	-1	2098
40.21959137916565	-1	2098
40.21959137916565	-1	2098
40.22005033493042	-1	2098
40.22005033493042	-1	2098
40.22005033493042	-1	2098
40.22005033493042	-1	2098
40.23037123680115	-1	2098
40.23037123680115	-1	2098
40.23037123680115	-1	2098
40.23037123680115	-1	2098
40.253554821014404	-1	2098
40.253554821014404	-1	2098
40.253554821014404	-1	2098
40.253554821014404	-1	2098
40.25951838493347	-1	2408
40.25951838493347	-1	2408
40.25951838493347	-1	2408
40.25951838493347	-1	2408
40.25952482223511	-1	1516
40.25952482223511	-1	1516
40.26005244255066	-1	650
40.26012444496155	-1	611
40.26666235923767	-1	2098
40.26666235923767	-1	2098
40.26666235923767	-1	2098
40.26666235923767	-1	2098
40.28010082244873	-1	732
40.28037977218628	-1	611
40.287225008010864	-1	2098
40.287225008010864	-1	2098
40.287225008010864	-1	2098
40.287225008010864	-1	2098
40.299724817276	-1	2116
40.299724817276	-1	2116
40.299724817276	-1	2116
40.299724817276	-1	2116
40.30034613609314	-1	2098
40.30034613609314	-1	2098
40.30034613609314	-1	2098
40.30034613609314	-1	2098
40.30037474632263	-1	611
40.33212351799011	-1	2098
40.33212351799011	-1	2098
40.33212351799011	-1	2098
40.33212351799011	-1	2098
40.342265605926514	-1	611
40.34408378601074	-1	2098
40.34408378601074	-1	2098
40.34408378601074	-1	2098
40.34408378601074	-1	2098
40.40241289138794	-1	1500
40.40241289138794	-1	1500
40.4157657623291	-1	2098
40.4157657623291	-1	2098
40.4157657623291	-1	2098
40.4157657623291	-1	2098
40.416017293930054	-1	611
40.442315101623535	-1	2098
40.442315101623535	-1	2098
40.442315101623535	-1	2098
40.442315101623535	-1	2098
40.49319911003113	-1	2098
40.49319911003113	-1	2098
40.49319911003113	-1	2098
40.49319911003113	-1	2098
40.49334216117859	-1	611
40.50956392288208	-1	611
40.5146758556366	-1	2134
40.5146758556366	-1	2134
40.5146758556366	-1	2134
40.5146758556366	-1	2134
40.53243136405945	-1	1048
40.53243136405945	-1	1048
40.53927421569824	-1	1516
40.53927421569824	-1	1516
40.541961431503296	-1	1516
40.541961431503296	-1	1516
40.5452184677124	-1	1516
40.5452184677124	-1	1516
40.553420543670654	-1	1356
40.553420543670654	-1	1356
40.56849551200867	-1	1516
40.56849551200867	-1	1516
41.304651737213135	-1	2098
41.304651737213135	-1	2098
41.304651737213135	-1	2098
41.304651737213135	-1	2098
41.30466628074646	-1	1665
41.30466628074646	-1	1665
41.30466628074646	-1	1665
41.30466938018799	-1	2932
41.30466938018799	-1	2932
41.30466938018799	-1	2932
41.30466938018799	-1	2932
41.30466938018799	-1	2932
41.30467176437378	-1	2098
41.30467176437378	-1	2098
41.30467176437378	-1	2098
41.30467176437378	-1	2098
41.30467367172241	-1	2932
41.30467367172241	-1	2932
41.30467367172241	-1	2932
41.30467367172241	-1	2932
41.30467367172241	-1	2932
41.304682970047	-1	1516
41.304682970047	-1	1516
41.30502963066101	-1	611
41.30837345123291	-1	868
41.308414697647095	-1	1736
41.308414697647095	-1	1736
41.308414697647095	-1	1736
41.30841779708862	-1	2098
41.30841779708862	-1	2098
41.30841779708862	-1	2098
41.30841779708862	-1	2098
41.30842304229736	-1	1718
41.30842304229736	-1	1718
41.30842304229736	-1	1718
41.308425426483154	-1	1516
41.308425426483154	-1	1516
41.31512975692749	-1	1516
41.31512975692749	-1	1516
41.36610746383667	-1	705
42.55230164527893	-1	14548
42.55230164527893	-1	14548
42.55230164527893	-1	14548
42.55230164527893	-1	14548
42.55230164527893	-1	14548
42.55230164527893	-1	14548
42.55230164527893	-1	14548
42.55230164527893	-1	14548
42.55230164527893	-1	14548
42.55230164527893	-1	14548
42.55230164527893	-1	14548
42.55230164527893	-1	14548
42.55230164527893	-1	14548
42.55230164527893	-1	14548
42.55230164527893	-1	14548
42.55230164527893	-1	14548
42.55230164527893	-1	14548
42.55230164527893	-1	14548
42.55230164527893	-1	14548
42.55230164527893	-1	14548
42.55230164527893	-1	14548
42.55230164527893	-1	14548
42.55230164527893	-1	14548
42.55230164527893	-1	14548
42.55230164527893	-1	14548
42.55230164527893	-1	14548
42.55230164527893	-1	14548
42.55230164527893	-1	14548
42.67875266075134	-1	1042
42.67875266075134	-1	1042
42.681034088134766	-1	2098
42.681034088134766	-1	2098
42.681034088134766	-1	2098
42.681034088134766	-1	2098
42.68104910850525	-1	2932
42.68104910850525	-1	2932
42.68104910850525	-1	2932
42.68104910850525	-1	2932
42.68104910850525	-1	2932
42.681058168411255	-1	2316
42.681058168411255	-1	2316
42.681058168411255	-1	2316
42.681058168411255	-1	2316
42.68272423744202	-1	2932
42.68272423744202	-1	2932
42.68272423744202	-1	2932
42.68272423744202	-1	2932
42.68272423744202	-1	2932
42.682748317718506	-1	2334
42.682748317718506	-1	2334
42.682748317718506	-1	2334
42.682748317718506	-1	2334
42.95656728744507	-1	611
43.02878952026367	-1	1125
43.02878952026367	-1	1125
43.03041195869446	-1	2098
43.03041195869446	-1	2098
43.03041195869446	-1	2098
43.03041195869446	-1	2098
43.03191018104553	-1	1736
43.03191018104553	-1	1736
43.03191018104553	-1	1736
43.042288064956665	-1	2944
43.042288064956665	-1	2944
43.042288064956665	-1	2944
43.042288064956665	-1	2944
43.042288064956665	-1	2944
43.046029567718506	-1	1516
43.046029567718506	-1	1516
43.053229570388794	-1	2346
43.053229570388794	-1	2346
43.053229570388794	-1	2346
43.053229570388794	-1	2346
43.06206440925598	-1	1516
43.06206440925598	-1	1516
43.07428812980652	-1	2146
43.07428812980652	-1	2146
43.07428812980652	-1	2146
43.07428812980652	-1	2146
43.084007263183594	-1	2546
43.084007263183594	-1	2546
43.084007263183594	-1	2546
43.084007263183594	-1	2546
43.08464169502258	-1	1516
43.08464169502258	-1	1516
43.08464813232422	-1	1500
43.08464813232422	-1	1500
43.09425187110901	-1	3247
43.09425187110901	-1	3247
43.09425187110901	-1	3247
43.09425187110901	-1	3247
43.09425187110901	-1	3247
43.09425187110901	-1	3247
43.09498071670532	-1	2932
43.09498071670532	-1	2932
43.09498071670532	-1	2932
43.09498071670532	-1	2932
43.09498071670532	-1	2932
43.09655022621155	-1	857
44.68392825126648	-1	611
44.68395519256592	-1	1718
44.68395519256592	-1	1718
44.68395519256592	-1	1718
44.686426401138306	-1	2098
44.686426401138306	-1	2098
44.686426401138306	-1	2098
44.686426401138306	-1	2098
44.68711519241333	-1	1484
44.68711519241333	-1	1484
44.688268423080444	-1	1736
44.688268423080444	-1	1736
44.688268423080444	-1	1736
44.68828320503235	-1	1516
44.68828320503235	-1	1516
44.68898248672485	-1	2932
44.68898248672485	-1	2932
44.68898248672485	-1	2932
44.68898248672485	-1	2932
44.68898248672485	-1	2932
44.68970847129822	-1	2334
44.68970847129822	-1	2334
44.68970847129822	-1	2334
44.68970847129822	-1	2334
44.68983697891235	-1	611
44.69038128852844	-1	2116
44.69038128852844	-1	2116
44.69038128852844	-1	2116
44.69038128852844	-1	2116
44.691131591796875	-1	1516
44.691131591796875	-1	1516
44.692596673965454	-1	1516
44.692596673965454	-1	1516
44.69299936294556	-1	611
44.73982572555542	-1	611
44.74531364440918	-1	8756
44.74531364440918	-1	8756
44.74531364440918	-1	8756
44.74531364440918	-1	8756
44.74531364440918	-1	8756
44.74531364440918	-1	8756
44.74531364440918	-1	8756
44.74531364440918	-1	8756
44.74531364440918	-1	8756
44.74531364440918	-1	8756
44.74531364440918	-1	8756
44.74531364440918	-1	8756
44.74531364440918	-1	8756
44.74531364440918	-1	8756
44.74531364440918	-1	8756
44.74531364440918	-1	8756
44.74531364440918	-1	8756
44.74819993972778	-1	1516
44.74819993972778	-1	1516
44.74821496009827	-1	4412
44.74821496009827	-1	4412
44.74821496009827	-1	4412
44.74821496009827	-1	4412
44.74821496009827	-1	4412
44.74821496009827	-1	4412
44.74821496009827	-1	4412
44.74821496009827	-1	4412
44.74822449684143	-1	611
44.74822807312012	-1	2964
44.74822807312012	-1	2964
44.74822807312012	-1	2964
44.74822807312012	-1	2964
44.74822807312012	-1	2964
44.74823212623596	-1	2964
44.74823212623596	-1	2964
44.74823212623596	-1	2964
44.74823212623596	-1	2964
44.74823212623596	-1	2964
44.74823546409607	-1	1516
44.74823546409607	-1	1516
44.74923753738403	-1	2964
44.74923753738403	-1	2964
44.74923753738403	-1	2964
44.74923753738403	-1	2964
44.74923753738403	-1	2964
44.773096799850464	-1	10204
44.773096799850464	-1	10204
44.773096799850464	-1	10204
44.773096799850464	-1	10204
44.773096799850464	-1	10204
44.773096799850464	-1	10204
44.773096799850464	-1	10204
44.773096799850464	-1	10204
44.773096799850464	-1	10204
44.773096799850464	-1	10204
44.773096799850464	-1	10204
44.773096799850464	-1	10204
44.773096799850464	-1	10204
44.773096799850464	-1	10204
44.773096799850464	-1	10204
44.773096799850464	-1	10204
44.773096799850464	-1	10204
44.773096799850464	-1	10204
44.773096799850464	-1	10204
44.773125648498535	-1	5860
44.773125648498535	-1	5860
44.773125648498535	-1	5860
44.773125648498535	-1	5860
44.773125648498535	-1	5860
44.773125648498535	-1	5860
44.773125648498535	-1	5860
44.773125648498535	-1	5860
44.773125648498535	-1	5860
44.773125648498535	-1	5860
44.773125648498535	-1	5860
44.77314209938049	-1	611
44.77315425872803	-1	4412
44.77315425872803	-1	4412
44.77315425872803	-1	4412
44.77315425872803	-1	4412
44.77315425872803	-1	4412
44.77315425872803	-1	4412
44.77315425872803	-1	4412
44.77315425872803	-1	4412
44.77492713928223	-1	5860
44.77492713928223	-1	5860
44.77492713928223	-1	5860
44.77492713928223	-1	5860
44.77492713928223	-1	5860
44.77492713928223	-1	5860
44.77492713928223	-1	5860
44.77492713928223	-1	5860
44.77492713928223	-1	5860
44.77492713928223	-1	5860
44.77492713928223	-1	5860
44.77496290206909	-1	1516
44.77496290206909	-1	1516
44.77497625350952	-1	2964
44.77497625350952	-1	2964
44.77497625350952	-1	2964
44.77497625350952	-1	2964
44.77497625350952	-1	2964
44.785797119140625	-1	15996
44.785797119140625	-1	15996
44.785797119140625	-1	15996
44.785797119140625	-1	15996
44.785797119140625	-1	15996
44.785797119140625	-1	15996
44.785797119140625	-1	15996
44.785797119140625	-1	15996
44.785797119140625	-1	15996
44.785797119140625	-1	15996
44.785797119140625	-1	15996
44.785797119140625	-1	15996
44.785797119140625	-1	15996
44.785797119140625	-1	15996
44.785797119140625	-1	15996
44.785797119140625	-1	15996
44.785797119140625	-1	15996
44.785797119140625	-1	15996
44.785797119140625	-1	15996
44.785797119140625	-1	15996
44.785797119140625	-1	15996
44.785797119140625	-1	15996
44.785797119140625	-1	15996
44.785797119140625	-1	15996
44.785797119140625	-1	15996
44.785797119140625	-1	15996
44.785797119140625	-1	15996
44.785797119140625	-1	15996
44.785797119140625	-1	15996
44.785797119140625	-1	15996
44.785797119140625	-1	15996
44.785821199417114	-1	1154
44.785821199417114	-1	1154
44.78583073616028	-1	2964
44.78583073616028	-1	2964
44.78583073616028	-1	2964
44.78583073616028	-1	2964
44.78583073616028	-1	2964
44.81151580810547	-1	11652
44.81151580810547	-1	11652
44.81151580810547	-1	11652
44.81151580810547	-1	11652
44.81151580810547	-1	11652
44.81151580810547	-1	11652
44.81151580810547	-1	11652
44.81151580810547	-1	11652
44.81151580810547	-1	11652
44.81151580810547	-1	11652
44.81151580810547	-1	11652
44.81151580810547	-1	11652
44.81151580810547	-1	11652
44.81151580810547	-1	11652
44.81151580810547	-1	11652
44.81151580810547	-1	11652
44.81151580810547	-1	11652
44.81151580810547	-1	11652
44.81151580810547	-1	11652
44.81151580810547	-1	11652
44.81151580810547	-1	11652
44.81151580810547	-1	11652
44.81508111953735	-1	20340
44.81508111953735	-1	20340
44.81508111953735	-1	20340
44.81508111953735	-1	20340
44.81508111953735	-1	20340
44.81508111953735	-1	20340
44.81508111953735	-1	20340
44.81508111953735	-1	20340
44.81508111953735	-1	20340
44.81508111953735	-1	20340
44.81508111953735	-1	20340
44.81508111953735	-1	20340
44.81508111953735	-1	20340
44.81508111953735	-1	20340
44.81508111953735	-1	20340
44.81508111953735	-1	20340
44.81508111953735	-1	20340
44.81508111953735	-1	20340
44.81508111953735	-1	20340
44.81508111953735	-1	20340
44.81508111953735	-1	20340
44.81508111953735	-1	20340
44.81508111953735	-1	20340
44.81508111953735	-1	20340
44.81508111953735	-1	20340
44.81508111953735	-1	20340
44.81508111953735	-1	20340
44.81508111953735	-1	20340
44.81508111953735	-1	20340
44.81508111953735	-1	20340
44.81508111953735	-1	20340
44.81508111953735	-1	20340
44.81508111953735	-1	20340
44.81508111953735	-1	20340
44.81508111953735	-1	20340
44.81508111953735	-1	20340
44.81508111953735	-1	20340
44.81508111953735	-1	20340
44.81508111953735	-1	20340
44.815096855163574	-1	611
44.8269784450531	-1	1516
44.8269784450531	-1	1516
44.83657741546631	-1	2964
44.83657741546631	-1	2964
44.83657741546631	-1	2964
44.83657741546631	-1	2964
44.83657741546631	-1	2964
44.83844876289368	-1	10204
44.83844876289368	-1	10204
44.83844876289368	-1	10204
44.83844876289368	-1	10204
44.83844876289368	-1	10204
44.83844876289368	-1	10204
44.83844876289368	-1	10204
44.83844876289368	-1	10204
44.83844876289368	-1	10204
44.83844876289368	-1	10204
44.83844876289368	-1	10204
44.83844876289368	-1	10204
44.83844876289368	-1	10204
44.83844876289368	-1	10204
44.83844876289368	-1	10204
44.83844876289368	-1	10204
44.83844876289368	-1	10204
44.83844876289368	-1	10204
44.83844876289368	-1	10204
44.84110879898071	-1	8756
44.84110879898071	-1	8756
44.84110879898071	-1	8756
44.84110879898071	-1	8756
44.84110879898071	-1	8756
44.84110879898071	-1	8756
44.84110879898071	-1	8756
44.84110879898071	-1	8756
44.84110879898071	-1	8756
44.84110879898071	-1	8756
44.84110879898071	-1	8756
44.84110879898071	-1	8756
44.84110879898071	-1	8756
44.84110879898071	-1	8756
44.84110879898071	-1	8756
44.84110879898071	-1	8756
44.84110879898071	-1	8756
44.84112787246704	-1	763
44.84317946434021	-1	11652
44.84317946434021	-1	11652
44.84317946434021	-1	11652
44.84317946434021	-1	11652
44.84317946434021	-1	11652
44.84317946434021	-1	11652
44.84317946434021	-1	11652
44.84317946434021	-1	11652
44.84317946434021	-1	11652
44.84317946434021	-1	11652
44.84317946434021	-1	11652
44.84317946434021	-1	11652
44.84317946434021	-1	11652
44.84317946434021	-1	11652
44.84317946434021	-1	11652
44.84317946434021	-1	11652
44.84317946434021	-1	11652
44.84317946434021	-1	11652
44.84317946434021	-1	11652
44.84317946434021	-1	11652
44.84317946434021	-1	11652
44.84317946434021	-1	11652
44.84398818016052	-1	2964
44.84398818016052	-1	2964
44.84398818016052	-1	2964
44.84398818016052	-1	2964
44.84398818016052	-1	2964
44.87407565116882	-1	9997
44.87407565116882	-1	9997
44.87407565116882	-1	9997
44.87407565116882	-1	9997
44.87407565116882	-1	9997
44.87407565116882	-1	9997
44.87407565116882	-1	9997
44.87407565116882	-1	9997
44.87407565116882	-1	9997
44.87407565116882	-1	9997
44.87407565116882	-1	9997
44.87407565116882	-1	9997
44.87407565116882	-1	9997
44.87407565116882	-1	9997
44.87407565116882	-1	9997
44.87407565116882	-1	9997
44.87407565116882	-1	9997
44.87407565116882	-1	9997
44.87407565116882	-1	9997
44.87410569190979	-1	611
44.888927936553955	-1	1154
44.888927936553955	-1	1154
45.5452926158905	-1	611
47.2385950088501	-1	611
47.260252952575684	-1	611
47.26053476333618	-1	611
48.36978316307068	-1	611
48.37019896507263	-1	611
48.98146629333496	-1	611
48.981773376464844	-1	611
49.542314529418945	-1	1516
49.542314529418945	-1	1516
49.54612159729004	-1	611
50.6709406375885	-1	611
51.41914439201355	-1	611
54.97694230079651	-1	611
55.56012582778931	-1	1516
55.56012582778931	-1	1516
56.35791873931885	-1	611
56.38768148422241	-1	1516
56.38768148422241	-1	1516
56.39813804626465	-1	1516
56.39813804626465	-1	1516
56.40880727767944	-1	1516
56.40880727767944	-1	1516
56.413926124572754	-1	1320
56.413926124572754	-1	1320
56.433669090270996	-1	1516
56.433669090270996	-1	1516
56.43367624282837	-1	705
57.257195234298706	-1	611
57.2574622631073	-1	611
57.290438652038574	-1	611
57.55102491378784	-1	1516
57.55102491378784	-1	1516
57.55331492424011	-1	705
57.67341876029968	-1	611
57.673776388168335	-1	611
58.507702112197876	-1	611
63.1947295665741	-1	611
64.03732752799988	-1	611
64.03734683990479	-1	611
64.34589719772339	-1	1500
64.34589719772339	-1	1500
64.34593152999878	-1	1516
64.34593152999878	-1	1516
64.34696984291077	-1	611
64.34779834747314	-1	1219
64.34779834747314	-1	1219
64.36569237709045	-1	779
64.36662745475769	-1	611
64.4029848575592	-1	611
64.51742601394653	-1	611
64.55797052383423	-1	1516
64.55797052383423	-1	1516
64.95880150794983	-1	611
64.9796495437622	-1	611
65.26452708244324	-1	1125
65.26452708244324	-1	1125
65.55758285522461	-1	611
65.66000604629517	-1	611
66.49330639839172	-1	611
70.40651440620422	-1	611
70.9948570728302	-1	611
71.5388662815094	-1	611
71.54644632339478	-1	611
71.55282330513	-1	611
71.92113995552063	-1	1125
71.92113995552063	-1	1125
72.07981181144714	-1	1125
72.07981181144714	-1	1125
72.63802456855774	-1	1154
72.63802456855774	-1	1154
72.64542412757874	-1	611
72.68617916107178	-1	1516
72.68617916107178	-1	1516
72.72982835769653	-1	1516
72.72982835769653	-1	1516
72.75096726417542	-1	1516
72.75096726417542	-1	1516
72.75097393989563	-1	1168
72.75097393989563	-1	1168
72.76019287109375	-1	1516
72.76019287109375	-1	1516
72.7601969242096	-1	1219
72.7601969242096	-1	1219
72.77118062973022	-1	1516
72.77118062973022	-1	1516
72.78117561340332	-1	1516
72.78117561340332	-1	1516
72.79647588729858	-1	1516
72.79647588729858	-1	1516
72.80155563354492	-1	1516
72.80155563354492	-1	1516
72.80828738212585	-1	1516
72.80828738212585	-1	1516
72.82584619522095	-1	885
73.56037020683289	-1	611
73.56643104553223	-1	611
73.567462682724	-1	1125
73.567462682724	-1	1125
73.64987134933472	-1	611
74.4817636013031	-1	2098
74.4817636013031	-1	2098
74.4817636013031	-1	2098
74.4817636013031	-1	2098
74.48179125785828	-1	1665
74.48179125785828	-1	1665
74.48179125785828	-1	1665
74.483389377594	-1	611
75.59860706329346	-1	611
75.5993537902832	-1	611
76.48293828964233	-1	611
76.51613926887512	-1	611
76.51728224754333	-1	1125
76.51728224754333	-1	1125
76.53064703941345	-1	611
77.029629945755	-1	611
77.0298662185669	-1	611
77.24632143974304	-1	2098
77.24632143974304	-1	2098
77.24632143974304	-1	2098
77.24632143974304	-1	2098
77.24633574485779	-1	1665
77.24633574485779	-1	1665
77.24633574485779	-1	1665
77.24777960777283	-1	611
77.26579427719116	-1	2964
77.26579427719116	-1	2964
77.26579427719116	-1	2964
77.26579427719116	-1	2964
77.26579427719116	-1	2964
77.2738585472107	-1	1718
77.2738585472107	-1	1718
77.2738585472107	-1	1718
77.27482032775879	-1	611
77.30499458312988	-1	1500
77.30499458312988	-1	1500
77.4590322971344	-1	873
77.47425961494446	-1	1500
77.47425961494446	-1	1500
77.5586109161377	-1	1516
77.5586109161377	-1	1516
77.58692216873169	-1	611
77.70399498939514	-1	611
78.02779722213745	-1	611
78.10824489593506	-1	1500
78.10824489593506	-1	1500
78.10842776298523	-1	611
78.15984725952148	-1	1500
78.15984725952148	-1	1500
78.15992546081543	-1	611
78.16849184036255	-1	611
78.21595239639282	-1	947
78.21722960472107	-1	1125
78.21722960472107	-1	1125
79.636545419693	-1	611
80.42806363105774	-1	1125
80.42806363105774	-1	1125
80.48278570175171	-1	1668
80.48278570175171	-1	1668
80.48278570175171	-1	1668
83.02825427055359	-1	611
84.92705202102661	-1	611
87.25181746482849	-1	611
89.08231091499329	-1	611
91.24626779556274	-1	611
92.3750274181366	-1	611
94.67047595977783	-1	611
95.69902229309082	-1	611
97.15628361701965	-1	1516
97.15628361701965	-1	1516
