0.0	-1	611
0.483198881149292	-1	611
0.5095202922821045	-1	611
3.978499412536621	-1	611
5.91781210899353	-1	1154
5.91781210899353	-1	1154
5.917826175689697	-1	611
5.938646554946899	-1	611
6.53205943107605	-1	611
6.53241753578186	-1	611
6.551906585693359	-1	1154
6.551906585693359	-1	1154
6.5521228313446045	-1	611
6.566170930862427	-1	1125
6.566170930862427	-1	1125
7.145540237426758	-1	611
7.145902156829834	-1	611
7.253627777099609	-1	2098
7.253627777099609	-1	2098
7.253627777099609	-1	2098
7.253627777099609	-1	2098
7.27211856842041	-1	1151
7.27211856842041	-1	1151
7.37372350692749	-1	2098
7.37372350692749	-1	2098
7.37372350692749	-1	2098
7.37372350692749	-1	2098
7.373997926712036	-1	611
7.424089431762695	-1	2098
7.424089431762695	-1	2098
7.424089431762695	-1	2098
7.424089431762695	-1	2098
7.5117809772491455	-1	611
7.523139238357544	-1	611
8.066342830657959	-1	611
8.194908618927002	-1	611
8.87182092666626	-1	611
8.884190559387207	-1	1154
8.884190559387207	-1	1154
9.111203670501709	-1	1125
9.111203670501709	-1	1125
9.111469745635986	-1	611
9.123380184173584	-1	611
9.431896686553955	-1	611
9.978331804275513	-1	611
9.980445384979248	-1	1125
9.980445384979248	-1	1125
10.830668449401855	-1	1500
10.830668449401855	-1	1500
10.837707996368408	-1	1235
10.837707996368408	-1	1235
10.840112209320068	-1	611
10.849741697311401	-1	611
11.455685377120972	-1	611
11.755188465118408	-1	611
11.755220890045166	-1	1697
11.755220890045166	-1	1697
11.755220890045166	-1	1697
11.80145812034607	-1	611
11.802666902542114	-1	1125
11.802666902542114	-1	1125
12.841020822525024	-1	611
13.134417533874512	-1	611
13.904870748519897	-1	2098
13.904870748519897	-1	2098
13.904870748519897	-1	2098
13.904870748519897	-1	2098
13.904893398284912	-1	2116
13.904893398284912	-1	2116
13.904893398284912	-1	2116
13.904893398284912	-1	2116
13.90490174293518	-1	1702
13.90490174293518	-1	1702
13.90490174293518	-1	1702
13.90490460395813	-1	2932
13.90490460395813	-1	2932
13.90490460395813	-1	2932
13.90490460395813	-1	2932
13.90490460395813	-1	2932
13.905794620513916	-1	611
13.92210841178894	-1	611
13.948930740356445	-1	611
14.029184818267822	-1	611
14.146691799163818	-1	611
14.282573699951172	-1	1125
14.282573699951172	-1	1125
14.295672178268433	-1	611
14.306960344314575	-1	611
14.39984130859375	-1	1500
14.39984130859375	-1	1500
15.749024152755737	-1	1500
15.749024152755737	-1	1500
15.749058246612549	-1	1639
15.749058246612549	-1	1639
15.749058246612549	-1	1639
15.749627351760864	-1	611
15.906713008880615	-1	611
17.897892713546753	-1	1500
17.897892713546753	-1	1500
17.89792013168335	-1	2237
17.89792013168335	-1	2237
17.89792013168335	-1	2237
17.89792013168335	-1	2237
17.897929191589355	-1	1665
17.897929191589355	-1	1665
17.897929191589355	-1	1665
17.910066604614258	-1	2098
17.910066604614258	-1	2098
17.910066604614258	-1	2098
17.910066604614258	-1	2098
17.910838842391968	-1	2116
17.910838842391968	-1	2116
17.910838842391968	-1	2116
17.910838842391968	-1	2116
17.91084933280945	-1	1718
17.91084933280945	-1	1718
17.91084933280945	-1	1718
17.921528816223145	-1	1500
17.921528816223145	-1	1500
17.93472647666931	-1	2932
17.93472647666931	-1	2932
17.93472647666931	-1	2932
17.93472647666931	-1	2932
17.93472647666931	-1	2932
17.945881843566895	-1	2098
17.945881843566895	-1	2098
17.945881843566895	-1	2098
17.945881843566895	-1	2098
17.946046352386475	-1	611
17.954440593719482	-1	2098
17.954440593719482	-1	2098
17.954440593719482	-1	2098
17.954440593719482	-1	2098
17.955008506774902	-1	2932
17.955008506774902	-1	2932
17.955008506774902	-1	2932
17.955008506774902	-1	2932
17.955008506774902	-1	2932
17.96512508392334	-1	2098
17.96512508392334	-1	2098
17.96512508392334	-1	2098
17.96512508392334	-1	2098
17.97180676460266	-1	1384
17.97180676460266	-1	1384
17.9772629737854	-1	2098
17.9772629737854	-1	2098
17.9772629737854	-1	2098
17.9772629737854	-1	2098
17.977843046188354	-1	2932
17.977843046188354	-1	2932
17.977843046188354	-1	2932
17.977843046188354	-1	2932
17.977843046188354	-1	2932
17.989165544509888	-1	2098
17.989165544509888	-1	2098
17.989165544509888	-1	2098
17.989165544509888	-1	2098
18.002603769302368	-1	2098
18.002603769302368	-1	2098
18.002603769302368	-1	2098
18.002603769302368	-1	2098
18.003427743911743	-1	611
18.01456356048584	-1	1516
18.01456356048584	-1	1516
18.019437551498413	-1	2098
18.019437551498413	-1	2098
18.019437551498413	-1	2098
18.019437551498413	-1	2098
18.025121450424194	-1	2098
18.025121450424194	-1	2098
18.025121450424194	-1	2098
18.025121450424194	-1	2098
18.02515149116516	-1	2098
18.02515149116516	-1	2098
18.02515149116516	-1	2098
18.02515149116516	-1	2098
18.047980070114136	-1	3404
18.047980070114136	-1	3404
18.047980070114136	-1	3404
18.047980070114136	-1	3404
18.047980070114136	-1	3404
18.047980070114136	-1	3404
18.048008918762207	-1	2116
18.048008918762207	-1	2116
18.048008918762207	-1	2116
18.048008918762207	-1	2116
18.084542512893677	-1	2134
18.084542512893677	-1	2134
18.084542512893677	-1	2134
18.084542512893677	-1	2134
18.084580898284912	-1	1260
18.084580898284912	-1	1260
18.09138059616089	-1	611
18.10694646835327	-1	2964
18.10694646835327	-1	2964
18.10694646835327	-1	2964
18.10694646835327	-1	2964
18.10694646835327	-1	2964
18.13054585456848	-1	4412
18.13054585456848	-1	4412
18.13054585456848	-1	4412
18.13054585456848	-1	4412
18.13054585456848	-1	4412
18.13054585456848	-1	4412
18.13054585456848	-1	4412
18.13054585456848	-1	4412
18.130685091018677	-1	611
18.154277324676514	-1	4412
18.154277324676514	-1	4412
18.154277324676514	-1	4412
18.154277324676514	-1	4412
18.154277324676514	-1	4412
18.154277324676514	-1	4412
18.154277324676514	-1	4412
18.154277324676514	-1	4412
18.154587268829346	-1	1516
18.154587268829346	-1	1516
18.169877529144287	-1	2098
18.169877529144287	-1	2098
18.169877529144287	-1	2098
18.169877529144287	-1	2098
18.170198440551758	-1	1736
18.170198440551758	-1	1736
18.170198440551758	-1	1736
18.176440715789795	-1	3548
18.176440715789795	-1	3548
18.176440715789795	-1	3548
18.176440715789795	-1	3548
18.176440715789795	-1	3548
18.176440715789795	-1	3548
18.18173360824585	-1	2098
18.18173360824585	-1	2098
18.18173360824585	-1	2098
18.18173360824585	-1	2098
18.181754112243652	-1	1516
18.181754112243652	-1	1516
18.193113327026367	-1	2964
18.193113327026367	-1	2964
18.193113327026367	-1	2964
18.193113327026367	-1	2964
18.193113327026367	-1	2964
18.20521354675293	-1	1516
18.20521354675293	-1	1516
18.217472314834595	-1	3530
18.217472314834595	-1	3530
18.217472314834595	-1	3530
18.217472314834595	-1	3530
18.217472314834595	-1	3530
18.217472314834595	-1	3530
18.217485427856445	-1	2116
18.217485427856445	-1	2116
18.217485427856445	-1	2116
18.217485427856445	-1	2116
18.217491388320923	-1	1516
18.217491388320923	-1	1516
18.217618942260742	-1	1125
18.217618942260742	-1	1125
18.235524892807007	-1	611
18.24258065223694	-1	1516
18.24258065223694	-1	1516
19.829386472702026	-1	611
19.830446004867554	-1	1125
19.830446004867554	-1	1125
21.87764024734497	-1	611
21.87766718864441	-1	2098
21.87766718864441	-1	2098
21.87766718864441	-1	2098
21.87766718864441	-1	2098
21.87767243385315	-1	1665
21.87767243385315	-1	1665
21.87767243385315	-1	1665
21.877676248550415	-1	2098
21.877676248550415	-1	2098
21.877676248550415	-1	2098
21.877676248550415	-1	2098
21.877679109573364	-1	2208
21.877679109573364	-1	2208
21.877679109573364	-1	2208
21.877679109573364	-1	2208
21.878835439682007	-1	611
21.888933420181274	-1	1516
21.888933420181274	-1	1516
21.95406413078308	-1	1516
21.95406413078308	-1	1516
21.954068660736084	-1	1494
21.954068660736084	-1	1494
21.9603328704834	-1	1516
21.9603328704834	-1	1516
21.96033811569214	-1	705
22.231794118881226	-1	611
22.506585121154785	-1	2098
22.506585121154785	-1	2098
22.506585121154785	-1	2098
22.506585121154785	-1	2098
22.506601810455322	-1	2208
22.506601810455322	-1	2208
22.506601810455322	-1	2208
22.506601810455322	-1	2208
22.50660538673401	-1	2098
22.50660538673401	-1	2098
22.50660538673401	-1	2098
22.50660538673401	-1	2098
22.507667779922485	-1	611
22.50781559944153	-1	2116
22.50781559944153	-1	2116
22.50781559944153	-1	2116
22.50781559944153	-1	2116
22.508106231689453	-1	1516
22.508106231689453	-1	1516
22.511136770248413	-1	868
22.518800973892212	-1	1516
22.518800973892212	-1	1516
22.52404761314392	-1	2932
22.52404761314392	-1	2932
22.52404761314392	-1	2932
22.52404761314392	-1	2932
22.52404761314392	-1	2932
22.53984522819519	-1	611
22.729244470596313	-1	2098
22.729244470596313	-1	2098
22.729244470596313	-1	2098
22.729244470596313	-1	2098
22.729257106781006	-1	2098
22.729257106781006	-1	2098
22.729257106781006	-1	2098
22.729257106781006	-1	2098
22.729830026626587	-1	611
22.739036560058594	-1	2098
22.739036560058594	-1	2098
22.739036560058594	-1	2098
22.739036560058594	-1	2098
22.74300789833069	-1	1516
22.74300789833069	-1	1516
22.753987550735474	-1	2116
22.753987550735474	-1	2116
22.753987550735474	-1	2116
22.753987550735474	-1	2116
22.754880666732788	-1	2098
22.754880666732788	-1	2098
22.754880666732788	-1	2098
22.754880666732788	-1	2098
22.75489854812622	-1	611
22.767391443252563	-1	1516
22.767391443252563	-1	1516
22.96443223953247	-1	1500
22.96443223953247	-1	1500
23.03265929222107	-1	1293
23.03265929222107	-1	1293
23.033074378967285	-1	611
23.043395042419434	-1	1125
23.043395042419434	-1	1125
23.13927388191223	-1	1500
23.13927388191223	-1	1500
23.155867099761963	-1	1500
23.155867099761963	-1	1500
23.156278133392334	-1	611
23.197364807128906	-1	2098
23.197364807128906	-1	2098
23.197364807128906	-1	2098
23.197364807128906	-1	2098
23.198343992233276	-1	611
23.208086013793945	-1	2098
23.208086013793945	-1	2098
23.208086013793945	-1	2098
23.208086013793945	-1	2098
23.211496591567993	-1	1125
23.211496591567993	-1	1125
23.229228734970093	-1	2298
23.229228734970093	-1	2298
23.229228734970093	-1	2298
23.229228734970093	-1	2298
23.229312658309937	-1	611
23.27793002128601	-1	700
23.99881386756897	-1	2098
23.99881386756897	-1	2098
23.99881386756897	-1	2098
23.99881386756897	-1	2098
23.998832941055298	-1	2116
23.998832941055298	-1	2116
23.998832941055298	-1	2116
23.998832941055298	-1	2116
23.998839616775513	-1	2098
23.998839616775513	-1	2098
23.998839616775513	-1	2098
23.998839616775513	-1	2098
23.998849153518677	-1	2785
23.998849153518677	-1	2785
23.998849153518677	-1	2785
23.998849153518677	-1	2785
23.998849153518677	-1	2785
23.99885392189026	-1	2932
23.99885392189026	-1	2932
23.99885392189026	-1	2932
23.99885392189026	-1	2932
23.99885392189026	-1	2932
23.99982714653015	-1	611
24.002668142318726	-1	2334
24.002668142318726	-1	2334
24.002668142318726	-1	2334
24.002668142318726	-1	2334
24.02132511138916	-1	8756
24.02132511138916	-1	8756
24.02132511138916	-1	8756
24.02132511138916	-1	8756
24.02132511138916	-1	8756
24.02132511138916	-1	8756
24.02132511138916	-1	8756
24.02132511138916	-1	8756
24.02132511138916	-1	8756
24.02132511138916	-1	8756
24.02132511138916	-1	8756
24.02132511138916	-1	8756
24.02132511138916	-1	8756
24.02132511138916	-1	8756
24.02132511138916	-1	8756
24.02132511138916	-1	8756
24.02132511138916	-1	8756
24.02501654624939	-1	15996
24.02501654624939	-1	15996
24.02501654624939	-1	15996
24.02501654624939	-1	15996
24.02501654624939	-1	15996
24.02501654624939	-1	15996
24.02501654624939	-1	15996
24.02501654624939	-1	15996
24.02501654624939	-1	15996
24.02501654624939	-1	15996
24.02501654624939	-1	15996
24.02501654624939	-1	15996
24.02501654624939	-1	15996
24.02501654624939	-1	15996
24.02501654624939	-1	15996
24.02501654624939	-1	15996
24.02501654624939	-1	15996
24.02501654624939	-1	15996
24.02501654624939	-1	15996
24.02501654624939	-1	15996
24.02501654624939	-1	15996
24.02501654624939	-1	15996
24.02501654624939	-1	15996
24.02501654624939	-1	15996
24.02501654624939	-1	15996
24.02501654624939	-1	15996
24.02501654624939	-1	15996
24.02501654624939	-1	15996
24.02501654624939	-1	15996
24.02501654624939	-1	15996
24.02501654624939	-1	15996
24.025113344192505	-1	1516
24.025113344192505	-1	1516
24.774808883666992	-1	611
25.4193434715271	-1	9359
25.4193434715271	-1	9359
25.4193434715271	-1	9359
25.4193434715271	-1	9359
25.4193434715271	-1	9359
25.4193434715271	-1	9359
25.4193434715271	-1	9359
25.4193434715271	-1	9359
25.4193434715271	-1	9359
25.4193434715271	-1	9359
25.4193434715271	-1	9359
25.4193434715271	-1	9359
25.4193434715271	-1	9359
25.4193434715271	-1	9359
25.4193434715271	-1	9359
25.4193434715271	-1	9359
25.4193434715271	-1	9359
25.4193434715271	-1	9359
25.586155652999878	-1	2098
25.586155652999878	-1	2098
25.586155652999878	-1	2098
25.586155652999878	-1	2098
25.59696650505066	-1	1992
25.59696650505066	-1	1992
25.59696650505066	-1	1992
25.596993446350098	-1	2098
25.596993446350098	-1	2098
25.596993446350098	-1	2098
25.596993446350098	-1	2098
25.6104736328125	-1	2098
25.6104736328125	-1	2098
25.6104736328125	-1	2098
25.6104736328125	-1	2098
25.62471294403076	-1	2098
25.62471294403076	-1	2098
25.62471294403076	-1	2098
25.62471294403076	-1	2098
25.634576082229614	-1	2098
25.634576082229614	-1	2098
25.634576082229614	-1	2098
25.634576082229614	-1	2098
25.634678602218628	-1	611
25.645251274108887	-1	2098
25.645251274108887	-1	2098
25.645251274108887	-1	2098
25.645251274108887	-1	2098
25.664958000183105	-1	2098
25.664958000183105	-1	2098
25.664958000183105	-1	2098
25.664958000183105	-1	2098
25.665932655334473	-1	2098
25.665932655334473	-1	2098
25.665932655334473	-1	2098
25.665932655334473	-1	2098
25.679089546203613	-1	2098
25.679089546203613	-1	2098
25.679089546203613	-1	2098
25.679089546203613	-1	2098
25.688013315200806	-1	2098
25.688013315200806	-1	2098
25.688013315200806	-1	2098
25.688013315200806	-1	2098
25.688251495361328	-1	1122
25.688251495361328	-1	1122
25.689286708831787	-1	2098
25.689286708831787	-1	2098
25.689286708831787	-1	2098
25.689286708831787	-1	2098
25.700620889663696	-1	2098
25.700620889663696	-1	2098
25.700620889663696	-1	2098
25.700620889663696	-1	2098
25.71104097366333	-1	2098
25.71104097366333	-1	2098
25.71104097366333	-1	2098
25.71104097366333	-1	2098
25.71325707435608	-1	2098
25.71325707435608	-1	2098
25.71325707435608	-1	2098
25.71325707435608	-1	2098
25.722828149795532	-1	2334
25.722828149795532	-1	2334
25.722828149795532	-1	2334
25.722828149795532	-1	2334
25.863098859786987	-1	2098
25.863098859786987	-1	2098
25.863098859786987	-1	2098
25.863098859786987	-1	2098
25.863117694854736	-1	2116
25.863117694854736	-1	2116
25.863117694854736	-1	2116
25.863117694854736	-1	2116
25.872841596603394	-1	2098
25.872841596603394	-1	2098
25.872841596603394	-1	2098
25.872841596603394	-1	2098
25.8748140335083	-1	1812
25.8748140335083	-1	1812
25.8748140335083	-1	1812
25.898343086242676	-1	1500
25.898343086242676	-1	1500
26.04458999633789	-1	1154
26.04458999633789	-1	1154
26.051274061203003	-1	1516
26.051274061203003	-1	1516
26.089895963668823	-1	750
26.504860639572144	-1	2098
26.504860639572144	-1	2098
26.504860639572144	-1	2098
26.504860639572144	-1	2098
26.50489640235901	-1	2116
26.50489640235901	-1	2116
26.50489640235901	-1	2116
26.50489640235901	-1	2116
26.50490665435791	-1	2316
26.50490665435791	-1	2316
26.50490665435791	-1	2316
26.50490665435791	-1	2316
26.50490927696228	-1	2098
26.50490927696228	-1	2098
26.50490927696228	-1	2098
26.50490927696228	-1	2098
26.504914045333862	-1	2098
26.504914045333862	-1	2098
26.504914045333862	-1	2098
26.504914045333862	-1	2098
26.504926919937134	-1	1516
26.504926919937134	-1	1516
26.50495433807373	-1	922
26.50535488128662	-1	611
26.506091356277466	-1	2098
26.506091356277466	-1	2098
26.506091356277466	-1	2098
26.506091356277466	-1	2098
26.506104707717896	-1	2116
26.506104707717896	-1	2116
26.506104707717896	-1	2116
26.506104707717896	-1	2116
26.506108045578003	-1	2098
26.506108045578003	-1	2098
26.506108045578003	-1	2098
26.506108045578003	-1	2098
26.518099784851074	-1	611
26.54223942756653	-1	611
26.562346935272217	-1	611
26.575316905975342	-1	2098
26.575316905975342	-1	2098
26.575316905975342	-1	2098
26.575316905975342	-1	2098
26.593846559524536	-1	611
26.60384702682495	-1	550
26.60386323928833	-1	611
26.613435745239258	-1	611
26.895748376846313	-1	611
26.962444067001343	-1	2098
26.962444067001343	-1	2098
26.962444067001343	-1	2098
26.962444067001343	-1	2098
26.962458610534668	-1	2116
26.962458610534668	-1	2116
26.962458610534668	-1	2116
26.962458610534668	-1	2116
26.962462186813354	-1	2098
26.962462186813354	-1	2098
26.962462186813354	-1	2098
26.962462186813354	-1	2098
26.97324252128601	-1	2098
26.97324252128601	-1	2098
26.97324252128601	-1	2098
26.97324252128601	-1	2098
26.97427463531494	-1	2170
26.97427463531494	-1	2170
26.97427463531494	-1	2170
26.97427463531494	-1	2170
26.983149528503418	-1	2736
26.983149528503418	-1	2736
26.983149528503418	-1	2736
26.983149528503418	-1	2736
26.983149528503418	-1	2736
26.983310222625732	-1	611
26.996530532836914	-1	2098
26.996530532836914	-1	2098
26.996530532836914	-1	2098
26.996530532836914	-1	2098
26.996896028518677	-1	2098
26.996896028518677	-1	2098
26.996896028518677	-1	2098
26.996896028518677	-1	2098
26.99713397026062	-1	611
26.998446702957153	-1	2098
26.998446702957153	-1	2098
26.998446702957153	-1	2098
26.998446702957153	-1	2098
27.01068663597107	-1	3386
27.01068663597107	-1	3386
27.01068663597107	-1	3386
27.01068663597107	-1	3386
27.01068663597107	-1	3386
27.01068663597107	-1	3386
27.010719299316406	-1	2098
27.010719299316406	-1	2098
27.010719299316406	-1	2098
27.010719299316406	-1	2098
27.016703605651855	-1	611
27.020740747451782	-1	2552
27.020740747451782	-1	2552
27.020740747451782	-1	2552
27.020740747451782	-1	2552
27.021464347839355	-1	2098
27.021464347839355	-1	2098
27.021464347839355	-1	2098
27.021464347839355	-1	2098
27.030346632003784	-1	1972
27.030346632003784	-1	1972
27.030346632003784	-1	1972
27.0305118560791	-1	1516
27.0305118560791	-1	1516
27.04348874092102	-1	763
27.06187605857849	-1	611
27.08953094482422	-1	1516
27.08953094482422	-1	1516
27.097702503204346	-1	734
27.21522283554077	-1	2098
27.21522283554077	-1	2098
27.21522283554077	-1	2098
27.21522283554077	-1	2098
27.215247869491577	-1	1516
27.215247869491577	-1	1516
27.21552038192749	-1	611
27.226121425628662	-1	2098
27.226121425628662	-1	2098
27.226121425628662	-1	2098
27.226121425628662	-1	2098
27.23495650291443	-1	2098
27.23495650291443	-1	2098
27.23495650291443	-1	2098
27.23495650291443	-1	2098
27.242114305496216	-1	2098
27.242114305496216	-1	2098
27.242114305496216	-1	2098
27.242114305496216	-1	2098
27.24937343597412	-1	2098
27.24937343597412	-1	2098
27.24937343597412	-1	2098
27.24937343597412	-1	2098
27.25816774368286	-1	2098
27.25816774368286	-1	2098
27.25816774368286	-1	2098
27.25816774368286	-1	2098
27.259939432144165	-1	2408
27.259939432144165	-1	2408
27.259939432144165	-1	2408
27.259939432144165	-1	2408
27.259963274002075	-1	2098
27.259963274002075	-1	2098
27.259963274002075	-1	2098
27.259963274002075	-1	2098
27.260111808776855	-1	611
27.271668910980225	-1	2098
27.271668910980225	-1	2098
27.271668910980225	-1	2098
27.271668910980225	-1	2098
27.284202098846436	-1	2152
27.284202098846436	-1	2152
27.284202098846436	-1	2152
27.284202098846436	-1	2152
27.285260915756226	-1	2098
27.285260915756226	-1	2098
27.285260915756226	-1	2098
27.285260915756226	-1	2098
27.29094672203064	-1	611
27.296090602874756	-1	2098
27.296090602874756	-1	2098
27.296090602874756	-1	2098
27.296090602874756	-1	2098
27.296114921569824	-1	2098
27.296114921569824	-1	2098
27.296114921569824	-1	2098
27.296114921569824	-1	2098
27.296940088272095	-1	2098
27.296940088272095	-1	2098
27.296940088272095	-1	2098
27.296940088272095	-1	2098
27.30799126625061	-1	611
27.30800223350525	-1	2098
27.30800223350525	-1	2098
27.30800223350525	-1	2098
27.30800223350525	-1	2098
27.30829882621765	-1	2098
27.30829882621765	-1	2098
27.30829882621765	-1	2098
27.30829882621765	-1	2098
27.319398880004883	-1	2098
27.319398880004883	-1	2098
27.319398880004883	-1	2098
27.319398880004883	-1	2098
27.320590257644653	-1	2098
27.320590257644653	-1	2098
27.320590257644653	-1	2098
27.320590257644653	-1	2098
27.320729970932007	-1	611
27.32447838783264	-1	1610
27.32447838783264	-1	1610
27.32447838783264	-1	1610
27.33266282081604	-1	2098
27.33266282081604	-1	2098
27.33266282081604	-1	2098
27.33266282081604	-1	2098
27.33977460861206	-1	1138
27.33977460861206	-1	1138
27.34439516067505	-1	3530
27.34439516067505	-1	3530
27.34439516067505	-1	3530
27.34439516067505	-1	3530
27.34439516067505	-1	3530
27.34439516067505	-1	3530
27.43405556678772	-1	2098
27.43405556678772	-1	2098
27.43405556678772	-1	2098
27.43405556678772	-1	2098
27.43420147895813	-1	611
27.43444538116455	-1	2116
27.43444538116455	-1	2116
27.43444538116455	-1	2116
27.43444538116455	-1	2116
27.4435293674469	-1	2316
27.4435293674469	-1	2316
27.4435293674469	-1	2316
27.4435293674469	-1	2316
27.447494506835938	-1	2334
27.447494506835938	-1	2334
27.447494506835938	-1	2334
27.447494506835938	-1	2334
27.453351736068726	-1	611
27.453363180160522	-1	2098
27.453363180160522	-1	2098
27.453363180160522	-1	2098
27.453363180160522	-1	2098
27.467541933059692	-1	1120
27.467541933059692	-1	1120
27.7295982837677	-1	2098
27.7295982837677	-1	2098
27.7295982837677	-1	2098
27.7295982837677	-1	2098
27.72960901260376	-1	2152
27.72960901260376	-1	2152
27.72960901260376	-1	2152
27.72960901260376	-1	2152
27.729612588882446	-1	2098
27.729612588882446	-1	2098
27.729612588882446	-1	2098
27.729612588882446	-1	2098
27.72961664199829	-1	2098
27.72961664199829	-1	2098
27.72961664199829	-1	2098
27.72961664199829	-1	2098
27.729871034622192	-1	611
27.731597661972046	-1	2098
27.731597661972046	-1	2098
27.731597661972046	-1	2098
27.731597661972046	-1	2098
27.731602907180786	-1	2098
27.731602907180786	-1	2098
27.731602907180786	-1	2098
27.731602907180786	-1	2098
27.731607913970947	-1	2098
27.731607913970947	-1	2098
27.731607913970947	-1	2098
27.731607913970947	-1	2098
27.73162007331848	-1	1516
27.73162007331848	-1	1516
27.742807865142822	-1	15067
27.742807865142822	-1	15067
27.742807865142822	-1	15067
27.742807865142822	-1	15067
27.742807865142822	-1	15067
27.742807865142822	-1	15067
27.742807865142822	-1	15067
27.742807865142822	-1	15067
27.742807865142822	-1	15067
27.742807865142822	-1	15067
27.742807865142822	-1	15067
27.742807865142822	-1	15067
27.742807865142822	-1	15067
27.742807865142822	-1	15067
27.742807865142822	-1	15067
27.742807865142822	-1	15067
27.742807865142822	-1	15067
27.742807865142822	-1	15067
27.742807865142822	-1	15067
27.742807865142822	-1	15067
27.742807865142822	-1	15067
27.742807865142822	-1	15067
27.742807865142822	-1	15067
27.742807865142822	-1	15067
27.742807865142822	-1	15067
27.742807865142822	-1	15067
27.742807865142822	-1	15067
27.742807865142822	-1	15067
27.742807865142822	-1	15067
27.7793869972229	-1	611
27.79129385948181	-1	1125
27.79129385948181	-1	1125
27.803878784179688	-1	611
27.814659357070923	-1	1516
27.814659357070923	-1	1516
27.832592964172363	-1	611
27.839273929595947	-1	1516
27.839273929595947	-1	1516
27.854153156280518	-1	828
27.871074438095093	-1	611
27.904157638549805	-1	1154
27.904157638549805	-1	1154
27.917483806610107	-1	611
27.945639848709106	-1	611
29.572884798049927	-1	611
29.88215398788452	-1	2098
29.88215398788452	-1	2098
29.88215398788452	-1	2098
29.88215398788452	-1	2098
29.882171630859375	-1	2583
29.882171630859375	-1	2583
29.882171630859375	-1	2583
29.882171630859375	-1	2583
29.882171630859375	-1	2583
29.882176637649536	-1	2098
29.882176637649536	-1	2098
29.882176637649536	-1	2098
29.882176637649536	-1	2098
29.8821804523468	-1	2932
29.8821804523468	-1	2932
29.8821804523468	-1	2932
29.8821804523468	-1	2932
29.8821804523468	-1	2932
29.882188081741333	-1	3092
29.882188081741333	-1	3092
29.882188081741333	-1	3092
29.882188081741333	-1	3092
29.882188081741333	-1	3092
29.882188081741333	-1	3092
29.88283920288086	-1	611
29.895254135131836	-1	1516
29.895254135131836	-1	1516
29.90124011039734	-1	1151
29.90124011039734	-1	1151
29.90125870704651	-1	705
29.90497326850891	-1	1516
29.90497326850891	-1	1516
29.91204571723938	-1	1342
29.91204571723938	-1	1342
29.961777448654175	-1	611
29.962839365005493	-1	1125
29.962839365005493	-1	1125
30.495914459228516	-1	1500
30.495914459228516	-1	1500
30.4959237575531	-1	2237
30.4959237575531	-1	2237
30.4959237575531	-1	2237
30.4959237575531	-1	2237
30.495928525924683	-1	2116
30.495928525924683	-1	2116
30.495928525924683	-1	2116
30.495928525924683	-1	2116
30.495931386947632	-1	2098
30.495931386947632	-1	2098
30.495931386947632	-1	2098
30.495931386947632	-1	2098
30.495936393737793	-1	2552
30.495936393737793	-1	2552
30.495936393737793	-1	2552
30.495936393737793	-1	2552
30.4959454536438	-1	1516
30.4959454536438	-1	1516
30.497294187545776	-1	611
30.536006212234497	-1	2116
30.536006212234497	-1	2116
30.536006212234497	-1	2116
30.536006212234497	-1	2116
30.53696584701538	-1	611
30.549214601516724	-1	611
30.580149173736572	-1	2098
30.580149173736572	-1	2098
30.580149173736572	-1	2098
30.580149173736572	-1	2098
30.59412121772766	-1	3530
30.59412121772766	-1	3530
30.59412121772766	-1	3530
30.59412121772766	-1	3530
30.59412121772766	-1	3530
30.59412121772766	-1	3530
30.594656467437744	-1	2116
30.594656467437744	-1	2116
30.594656467437744	-1	2116
30.594656467437744	-1	2116
30.595139741897583	-1	2098
30.595139741897583	-1	2098
30.595139741897583	-1	2098
30.595139741897583	-1	2098
30.603804111480713	-1	2098
30.603804111480713	-1	2098
30.603804111480713	-1	2098
30.603804111480713	-1	2098
30.604707717895508	-1	1736
30.604707717895508	-1	1736
30.604707717895508	-1	1736
30.60479474067688	-1	611
30.99625825881958	-1	2098
30.99625825881958	-1	2098
30.99625825881958	-1	2098
30.99625825881958	-1	2098
30.99628448486328	-1	1516
30.99628448486328	-1	1516
30.996419191360474	-1	611
31.005093812942505	-1	2098
31.005093812942505	-1	2098
31.005093812942505	-1	2098
31.005093812942505	-1	2098
31.0056471824646	-1	2964
31.0056471824646	-1	2964
31.0056471824646	-1	2964
31.0056471824646	-1	2964
31.0056471824646	-1	2964
31.00605821609497	-1	2098
31.00605821609497	-1	2098
31.00605821609497	-1	2098
31.00605821609497	-1	2098
31.00659203529358	-1	2098
31.00659203529358	-1	2098
31.00659203529358	-1	2098
31.00659203529358	-1	2098
31.00903844833374	-1	2170
31.00903844833374	-1	2170
31.00903844833374	-1	2170
31.00903844833374	-1	2170
31.00905179977417	-1	2098
31.00905179977417	-1	2098
31.00905179977417	-1	2098
31.00905179977417	-1	2098
31.0090548992157	-1	2098
31.0090548992157	-1	2098
31.0090548992157	-1	2098
31.0090548992157	-1	2098
31.00906014442444	-1	2407
31.00906014442444	-1	2407
31.00906014442444	-1	2407
31.00906014442444	-1	2407
31.012519359588623	-1	5860
31.012519359588623	-1	5860
31.012519359588623	-1	5860
31.012519359588623	-1	5860
31.012519359588623	-1	5860
31.012519359588623	-1	5860
31.012519359588623	-1	5860
31.012519359588623	-1	5860
31.012519359588623	-1	5860
31.012519359588623	-1	5860
31.012519359588623	-1	5860
31.012548685073853	-1	611
31.02036952972412	-1	2964
31.02036952972412	-1	2964
31.02036952972412	-1	2964
31.02036952972412	-1	2964
31.02036952972412	-1	2964
31.020393133163452	-1	8756
31.020393133163452	-1	8756
31.020393133163452	-1	8756
31.020393133163452	-1	8756
31.020393133163452	-1	8756
31.020393133163452	-1	8756
31.020393133163452	-1	8756
31.020393133163452	-1	8756
31.020393133163452	-1	8756
31.020393133163452	-1	8756
31.020393133163452	-1	8756
31.020393133163452	-1	8756
31.020393133163452	-1	8756
31.020393133163452	-1	8756
31.020393133163452	-1	8756
31.020393133163452	-1	8756
31.020393133163452	-1	8756
31.030977487564087	-1	1516
31.030977487564087	-1	1516
31.046006679534912	-1	2601
31.046006679534912	-1	2601
31.046006679534912	-1	2601
31.046006679534912	-1	2601
31.046006679534912	-1	2601
31.046081066131592	-1	746
31.41475009918213	-1	2098
31.41475009918213	-1	2098
31.41475009918213	-1	2098
31.41475009918213	-1	2098
31.41477656364441	-1	2116
31.41477656364441	-1	2116
31.41477656364441	-1	2116
31.41477656364441	-1	2116
31.414783000946045	-1	1516
31.414783000946045	-1	1516
31.421496629714966	-1	10204
31.421496629714966	-1	10204
31.421496629714966	-1	10204
31.421496629714966	-1	10204
31.421496629714966	-1	10204
31.421496629714966	-1	10204
31.421496629714966	-1	10204
31.421496629714966	-1	10204
31.421496629714966	-1	10204
31.421496629714966	-1	10204
31.421496629714966	-1	10204
31.421496629714966	-1	10204
31.421496629714966	-1	10204
31.421496629714966	-1	10204
31.421496629714966	-1	10204
31.421496629714966	-1	10204
31.421496629714966	-1	10204
31.421496629714966	-1	10204
31.421496629714966	-1	10204
31.421796798706055	-1	611
31.429531574249268	-1	10204
31.429531574249268	-1	10204
31.429531574249268	-1	10204
31.429531574249268	-1	10204
31.429531574249268	-1	10204
31.429531574249268	-1	10204
31.429531574249268	-1	10204
31.429531574249268	-1	10204
31.429531574249268	-1	10204
31.429531574249268	-1	10204
31.429531574249268	-1	10204
31.429531574249268	-1	10204
31.429531574249268	-1	10204
31.429531574249268	-1	10204
31.429531574249268	-1	10204
31.429531574249268	-1	10204
31.429531574249268	-1	10204
31.429531574249268	-1	10204
31.429531574249268	-1	10204
31.456543922424316	-1	650
31.45657229423523	-1	7347
31.45657229423523	-1	7347
31.45657229423523	-1	7347
31.45657229423523	-1	7347
31.45657229423523	-1	7347
31.45657229423523	-1	7347
31.45657229423523	-1	7347
31.45657229423523	-1	7347
31.45657229423523	-1	7347
31.45657229423523	-1	7347
31.45657229423523	-1	7347
31.45657229423523	-1	7347
31.45657229423523	-1	7347
31.45657229423523	-1	7347
31.490888118743896	-1	611
31.50297784805298	-1	1516
31.50297784805298	-1	1516
31.50299048423767	-1	705
31.724419116973877	-1	2098
31.724419116973877	-1	2098
31.724419116973877	-1	2098
31.724419116973877	-1	2098
31.724437713623047	-1	1665
31.724437713623047	-1	1665
31.724437713623047	-1	1665
31.72444224357605	-1	2098
31.72444224357605	-1	2098
31.72444224357605	-1	2098
31.72444224357605	-1	2098
31.735782146453857	-1	8756
31.735782146453857	-1	8756
31.735782146453857	-1	8756
31.735782146453857	-1	8756
31.735782146453857	-1	8756
31.735782146453857	-1	8756
31.735782146453857	-1	8756
31.735782146453857	-1	8756
31.735782146453857	-1	8756
31.735782146453857	-1	8756
31.735782146453857	-1	8756
31.735782146453857	-1	8756
31.735782146453857	-1	8756
31.735782146453857	-1	8756
31.735782146453857	-1	8756
31.735782146453857	-1	8756
31.735782146453857	-1	8756
31.736116647720337	-1	611
31.7457754611969	-1	5102
31.7457754611969	-1	5102
31.7457754611969	-1	5102
31.7457754611969	-1	5102
31.7457754611969	-1	5102
31.7457754611969	-1	5102
31.7457754611969	-1	5102
31.7457754611969	-1	5102
31.7457754611969	-1	5102
31.746047973632812	-1	611
32.03284692764282	-1	2098
32.03284692764282	-1	2098
32.03284692764282	-1	2098
32.03284692764282	-1	2098
32.032861948013306	-1	2021
32.032861948013306	-1	2021
32.032861948013306	-1	2021
32.03286623954773	-1	2098
32.03286623954773	-1	2098
32.03286623954773	-1	2098
32.03286623954773	-1	2098
32.03286910057068	-1	2116
32.03286910057068	-1	2116
32.03286910057068	-1	2116
32.03286910057068	-1	2116
32.032872438430786	-1	2098
32.032872438430786	-1	2098
32.032872438430786	-1	2098
32.032872438430786	-1	2098
32.032877922058105	-1	2098
32.032877922058105	-1	2098
32.032877922058105	-1	2098
32.032877922058105	-1	2098
32.033154010772705	-1	611
32.04273462295532	-1	11596
32.04273462295532	-1	11596
32.04273462295532	-1	11596
32.04273462295532	-1	11596
32.04273462295532	-1	11596
32.04273462295532	-1	11596
32.04273462295532	-1	11596
32.04273462295532	-1	11596
32.04273462295532	-1	11596
32.04273462295532	-1	11596
32.04273462295532	-1	11596
32.04273462295532	-1	11596
32.04273462295532	-1	11596
32.04273462295532	-1	11596
32.04273462295532	-1	11596
32.04273462295532	-1	11596
32.04273462295532	-1	11596
32.04273462295532	-1	11596
32.04273462295532	-1	11596
32.04273462295532	-1	11596
32.04273462295532	-1	11596
32.04273462295532	-1	11596
32.04290223121643	-1	611
32.077369689941406	-1	2098
32.077369689941406	-1	2098
32.077369689941406	-1	2098
32.077369689941406	-1	2098
32.07763957977295	-1	611
32.07883644104004	-1	2098
32.07883644104004	-1	2098
32.07883644104004	-1	2098
32.07883644104004	-1	2098
32.100035667419434	-1	1954
32.100035667419434	-1	1954
32.100035667419434	-1	1954
32.10005187988281	-1	2098
32.10005187988281	-1	2098
32.10005187988281	-1	2098
32.10005187988281	-1	2098
32.10015869140625	-1	611
32.11039209365845	-1	2098
32.11039209365845	-1	2098
32.11039209365845	-1	2098
32.11039209365845	-1	2098
33.258495569229126	-1	2098
33.258495569229126	-1	2098
33.258495569229126	-1	2098
33.258495569229126	-1	2098
33.25853157043457	-1	2208
33.25853157043457	-1	2208
33.25853157043457	-1	2208
33.25853157043457	-1	2208
33.25853514671326	-1	611
33.25871801376343	-1	611
34.18309831619263	-1	1500
34.18309831619263	-1	1500
34.183133125305176	-1	2932
34.183133125305176	-1	2932
34.183133125305176	-1	2932
34.183133125305176	-1	2932
34.183133125305176	-1	2932
34.1831431388855	-1	2098
34.1831431388855	-1	2098
34.1831431388855	-1	2098
34.1831431388855	-1	2098
34.18316030502319	-1	1516
34.18316030502319	-1	1516
34.199745178222656	-1	13100
34.199745178222656	-1	13100
34.199745178222656	-1	13100
34.199745178222656	-1	13100
34.199745178222656	-1	13100
34.199745178222656	-1	13100
34.199745178222656	-1	13100
34.199745178222656	-1	13100
34.199745178222656	-1	13100
34.199745178222656	-1	13100
34.199745178222656	-1	13100
34.199745178222656	-1	13100
34.199745178222656	-1	13100
34.199745178222656	-1	13100
34.199745178222656	-1	13100
34.199745178222656	-1	13100
34.199745178222656	-1	13100
34.199745178222656	-1	13100
34.199745178222656	-1	13100
34.199745178222656	-1	13100
34.199745178222656	-1	13100
34.199745178222656	-1	13100
34.199745178222656	-1	13100
34.199745178222656	-1	13100
34.199745178222656	-1	13100
34.199878454208374	-1	611
34.21219849586487	-1	13100
34.21219849586487	-1	13100
34.21219849586487	-1	13100
34.21219849586487	-1	13100
34.21219849586487	-1	13100
34.21219849586487	-1	13100
34.21219849586487	-1	13100
34.21219849586487	-1	13100
34.21219849586487	-1	13100
34.21219849586487	-1	13100
34.21219849586487	-1	13100
34.21219849586487	-1	13100
34.21219849586487	-1	13100
34.21219849586487	-1	13100
34.21219849586487	-1	13100
34.21219849586487	-1	13100
34.21219849586487	-1	13100
34.21219849586487	-1	13100
34.21219849586487	-1	13100
34.21219849586487	-1	13100
34.21219849586487	-1	13100
34.21219849586487	-1	13100
34.21219849586487	-1	13100
34.21219849586487	-1	13100
34.21219849586487	-1	13100
34.212543964385986	-1	1516
34.212543964385986	-1	1516
34.21255660057068	-1	1466
34.21255660057068	-1	1466
34.212562799453735	-1	611
34.22280955314636	-1	15996
34.22280955314636	-1	15996
34.22280955314636	-1	15996
34.22280955314636	-1	15996
34.22280955314636	-1	15996
34.22280955314636	-1	15996
34.22280955314636	-1	15996
34.22280955314636	-1	15996
34.22280955314636	-1	15996
34.22280955314636	-1	15996
34.22280955314636	-1	15996
34.22280955314636	-1	15996
34.22280955314636	-1	15996
34.22280955314636	-1	15996
34.22280955314636	-1	15996
34.22280955314636	-1	15996
34.22280955314636	-1	15996
34.22280955314636	-1	15996
34.22280955314636	-1	15996
34.22280955314636	-1	15996
34.22280955314636	-1	15996
34.22280955314636	-1	15996
34.22280955314636	-1	15996
34.22280955314636	-1	15996
34.22280955314636	-1	15996
34.22280955314636	-1	15996
34.22280955314636	-1	15996
34.22280955314636	-1	15996
34.22280955314636	-1	15996
34.22280955314636	-1	15996
34.22280955314636	-1	15996
34.22284483909607	-1	1466
34.22284483909607	-1	1466
34.22285175323486	-1	1125
34.22285175323486	-1	1125
34.23199939727783	-1	7206
34.23199939727783	-1	7206
34.23199939727783	-1	7206
34.23199939727783	-1	7206
34.23199939727783	-1	7206
34.23199939727783	-1	7206
34.23199939727783	-1	7206
34.23199939727783	-1	7206
34.23199939727783	-1	7206
34.23199939727783	-1	7206
34.23199939727783	-1	7206
34.23199939727783	-1	7206
34.23199939727783	-1	7206
34.23199939727783	-1	7206
34.23511981964111	-1	1516
34.23511981964111	-1	1516
34.269864082336426	-1	799
34.79499387741089	-1	2098
34.79499387741089	-1	2098
34.79499387741089	-1	2098
34.79499387741089	-1	2098
34.795371770858765	-1	2098
34.795371770858765	-1	2098
34.795371770858765	-1	2098
34.795371770858765	-1	2098
34.796385765075684	-1	2116
34.796385765075684	-1	2116
34.796385765075684	-1	2116
34.796385765075684	-1	2116
34.796406507492065	-1	650
34.79691123962402	-1	2098
34.79691123962402	-1	2098
34.79691123962402	-1	2098
34.79691123962402	-1	2098
34.796921730041504	-1	1516
34.796921730041504	-1	1516
34.79741930961609	-1	2932
34.79741930961609	-1	2932
34.79741930961609	-1	2932
34.79741930961609	-1	2932
34.79741930961609	-1	2932
34.806697368621826	-1	1516
34.806697368621826	-1	1516
34.80688524246216	-1	611
34.915602684020996	-1	689
34.91707801818848	-1	1125
34.91707801818848	-1	1125
34.93878650665283	-1	2098
34.93878650665283	-1	2098
34.93878650665283	-1	2098
34.93878650665283	-1	2098
35.40850067138672	-1	1374
35.40850067138672	-1	1374
35.40853142738342	-1	2098
35.40853142738342	-1	2098
35.40853142738342	-1	2098
35.40853142738342	-1	2098
35.4095823764801	-1	611
35.409990072250366	-1	2932
35.409990072250366	-1	2932
35.409990072250366	-1	2932
35.409990072250366	-1	2932
35.409990072250366	-1	2932
35.4188494682312	-1	1516
35.4188494682312	-1	1516
35.42673301696777	-1	705
35.43157339096069	-1	1125
35.43157339096069	-1	1125
35.498010873794556	-1	1125
35.498010873794556	-1	1125
36.01941752433777	-1	611
36.02467346191406	-1	2098
36.02467346191406	-1	2098
36.02467346191406	-1	2098
36.02467346191406	-1	2098
36.2424156665802	-1	611
36.583882093429565	-1	611
37.24717140197754	-1	611
37.261839389801025	-1	1125
37.261839389801025	-1	1125
37.409982442855835	-1	611
37.42819309234619	-1	611
37.46245980262756	-1	611
37.50036406517029	-1	611
37.51240277290344	-1	2696
37.51240277290344	-1	2696
37.51240277290344	-1	2696
37.51240277290344	-1	2696
37.51240277290344	-1	2696
37.5124306678772	-1	1639
37.5124306678772	-1	1639
37.5124306678772	-1	1639
37.51297688484192	-1	611
37.86651635169983	-1	2098
37.86651635169983	-1	2098
37.86651635169983	-1	2098
37.86651635169983	-1	2098
37.86653709411621	-1	1665
37.86653709411621	-1	1665
37.86653709411621	-1	1665
37.86654281616211	-1	2667
37.86654281616211	-1	2667
37.86654281616211	-1	2667
37.86654281616211	-1	2667
37.86654281616211	-1	2667
37.87192893028259	-1	1125
37.87192893028259	-1	1125
37.91065573692322	-1	2098
37.91065573692322	-1	2098
37.91065573692322	-1	2098
37.91065573692322	-1	2098
37.94157576560974	-1	611
37.94360947608948	-1	1500
37.94360947608948	-1	1500
37.950653076171875	-1	1125
37.950653076171875	-1	1125
38.04893398284912	-1	999
38.489829301834106	-1	2098
38.489829301834106	-1	2098
38.489829301834106	-1	2098
38.489829301834106	-1	2098
38.48986053466797	-1	2116
38.48986053466797	-1	2116
38.48986053466797	-1	2116
38.48986053466797	-1	2116
38.489869594573975	-1	2098
38.489869594573975	-1	2098
38.489869594573975	-1	2098
38.489869594573975	-1	2098
38.489882469177246	-1	2098
38.489882469177246	-1	2098
38.489882469177246	-1	2098
38.489882469177246	-1	2098
38.48988938331604	-1	3167
38.48988938331604	-1	3167
38.48988938331604	-1	3167
38.48988938331604	-1	3167
38.48988938331604	-1	3167
38.48988938331604	-1	3167
38.583847999572754	-1	1516
38.583847999572754	-1	1516
38.59666442871094	-1	1516
38.59666442871094	-1	1516
38.60876226425171	-1	1718
38.60876226425171	-1	1718
38.60876226425171	-1	1718
38.60878801345825	-1	2098
38.60878801345825	-1	2098
38.60878801345825	-1	2098
38.60878801345825	-1	2098
38.61768889427185	-1	2098
38.61768889427185	-1	2098
38.61768889427185	-1	2098
38.61768889427185	-1	2098
38.6199471950531	-1	1516
38.6199471950531	-1	1516
38.62495732307434	-1	1168
38.62495732307434	-1	1168
38.629629135131836	-1	2098
38.629629135131836	-1	2098
38.629629135131836	-1	2098
38.629629135131836	-1	2098
38.63845753669739	-1	2098
38.63845753669739	-1	2098
38.63845753669739	-1	2098
38.63845753669739	-1	2098
38.63846707344055	-1	1516
38.63846707344055	-1	1516
38.6416130065918	-1	2586
38.6416130065918	-1	2586
38.6416130065918	-1	2586
38.6416130065918	-1	2586
38.6416130065918	-1	2586
38.64279913902283	-1	1516
38.64279913902283	-1	1516
39.10507082939148	-1	2098
39.10507082939148	-1	2098
39.10507082939148	-1	2098
39.10507082939148	-1	2098
39.10510754585266	-1	2134
39.10510754585266	-1	2134
39.10510754585266	-1	2134
39.10510754585266	-1	2134
39.1051185131073	-1	2098
39.1051185131073	-1	2098
39.1051185131073	-1	2098
39.1051185131073	-1	2098
39.10512852668762	-1	2098
39.10512852668762	-1	2098
39.10512852668762	-1	2098
39.10512852668762	-1	2098
39.105309009552	-1	611
39.10566854476929	-1	2098
39.10566854476929	-1	2098
39.10566854476929	-1	2098
39.10566854476929	-1	2098
39.10568308830261	-1	2098
39.10568308830261	-1	2098
39.10568308830261	-1	2098
39.10568308830261	-1	2098
39.121989250183105	-1	5860
39.121989250183105	-1	5860
39.121989250183105	-1	5860
39.121989250183105	-1	5860
39.121989250183105	-1	5860
39.121989250183105	-1	5860
39.121989250183105	-1	5860
39.121989250183105	-1	5860
39.121989250183105	-1	5860
39.121989250183105	-1	5860
39.121989250183105	-1	5860
39.14517641067505	-1	1516
39.14517641067505	-1	1516
39.14520311355591	-1	1349
39.14520311355591	-1	1349
39.145214319229126	-1	2964
39.145214319229126	-1	2964
39.145214319229126	-1	2964
39.145214319229126	-1	2964
39.145214319229126	-1	2964
39.14522385597229	-1	4412
39.14522385597229	-1	4412
39.14522385597229	-1	4412
39.14522385597229	-1	4412
39.14522385597229	-1	4412
39.14522385597229	-1	4412
39.14522385597229	-1	4412
39.14522385597229	-1	4412
39.14562201499939	-1	2964
39.14562201499939	-1	2964
39.14562201499939	-1	2964
39.14562201499939	-1	2964
39.14562201499939	-1	2964
39.16050577163696	-1	2964
39.16050577163696	-1	2964
39.16050577163696	-1	2964
39.16050577163696	-1	2964
39.16050577163696	-1	2964
39.188878297805786	-1	611
39.199570178985596	-1	4412
39.199570178985596	-1	4412
39.199570178985596	-1	4412
39.199570178985596	-1	4412
39.199570178985596	-1	4412
39.199570178985596	-1	4412
39.199570178985596	-1	4412
39.199570178985596	-1	4412
39.19986939430237	-1	1516
39.19986939430237	-1	1516
39.19988012313843	-1	611
39.21167325973511	-1	4412
39.21167325973511	-1	4412
39.21167325973511	-1	4412
39.21167325973511	-1	4412
39.21167325973511	-1	4412
39.21167325973511	-1	4412
39.21167325973511	-1	4412
39.21167325973511	-1	4412
39.21234917640686	-1	2964
39.21234917640686	-1	2964
39.21234917640686	-1	2964
39.21234917640686	-1	2964
39.21234917640686	-1	2964
39.212363481521606	-1	1516
39.212363481521606	-1	1516
39.2126190662384	-1	1516
39.2126190662384	-1	1516
39.22748279571533	-1	4412
39.22748279571533	-1	4412
39.22748279571533	-1	4412
39.22748279571533	-1	4412
39.22748279571533	-1	4412
39.22748279571533	-1	4412
39.22748279571533	-1	4412
39.22748279571533	-1	4412
39.227588176727295	-1	611
39.22816300392151	-1	2964
39.22816300392151	-1	2964
39.22816300392151	-1	2964
39.22816300392151	-1	2964
39.22816300392151	-1	2964
39.22817802429199	-1	1516
39.22817802429199	-1	1516
39.228853940963745	-1	4412
39.228853940963745	-1	4412
39.228853940963745	-1	4412
39.228853940963745	-1	4412
39.228853940963745	-1	4412
39.228853940963745	-1	4412
39.228853940963745	-1	4412
39.228853940963745	-1	4412
39.22953701019287	-1	4412
39.22953701019287	-1	4412
39.22953701019287	-1	4412
39.22953701019287	-1	4412
39.22953701019287	-1	4412
39.22953701019287	-1	4412
39.22953701019287	-1	4412
39.22953701019287	-1	4412
39.22980499267578	-1	1516
39.22980499267578	-1	1516
39.24564170837402	-1	4412
39.24564170837402	-1	4412
39.24564170837402	-1	4412
39.24564170837402	-1	4412
39.24564170837402	-1	4412
39.24564170837402	-1	4412
39.24564170837402	-1	4412
39.24564170837402	-1	4412
39.24616312980652	-1	611
39.246174573898315	-1	2964
39.246174573898315	-1	2964
39.246174573898315	-1	2964
39.246174573898315	-1	2964
39.246174573898315	-1	2964
39.246920585632324	-1	1516
39.246920585632324	-1	1516
39.2469277381897	-1	2964
39.2469277381897	-1	2964
39.2469277381897	-1	2964
39.2469277381897	-1	2964
39.2469277381897	-1	2964
39.24752712249756	-1	4412
39.24752712249756	-1	4412
39.24752712249756	-1	4412
39.24752712249756	-1	4412
39.24752712249756	-1	4412
39.24752712249756	-1	4412
39.24752712249756	-1	4412
39.24752712249756	-1	4412
39.27425932884216	-1	4412
39.27425932884216	-1	4412
39.27425932884216	-1	4412
39.27425932884216	-1	4412
39.27425932884216	-1	4412
39.27425932884216	-1	4412
39.27425932884216	-1	4412
39.27425932884216	-1	4412
39.27476119995117	-1	2964
39.27476119995117	-1	2964
39.27476119995117	-1	2964
39.27476119995117	-1	2964
39.27476119995117	-1	2964
39.27477717399597	-1	623
39.27543568611145	-1	2964
39.27543568611145	-1	2964
39.27543568611145	-1	2964
39.27543568611145	-1	2964
39.27543568611145	-1	2964
39.275449991226196	-1	1516
39.275449991226196	-1	1516
39.27611827850342	-1	4412
39.27611827850342	-1	4412
39.27611827850342	-1	4412
39.27611827850342	-1	4412
39.27611827850342	-1	4412
39.27611827850342	-1	4412
39.27611827850342	-1	4412
39.27611827850342	-1	4412
39.27660608291626	-1	2964
39.27660608291626	-1	2964
39.27660608291626	-1	2964
39.27660608291626	-1	2964
39.27660608291626	-1	2964
39.287110805511475	-1	1516
39.287110805511475	-1	1516
39.287115812301636	-1	1516
39.287115812301636	-1	1516
39.30759882926941	-1	1516
39.30759882926941	-1	1516
39.30762219429016	-1	2964
39.30762219429016	-1	2964
39.30762219429016	-1	2964
39.30762219429016	-1	2964
39.30762219429016	-1	2964
39.30787444114685	-1	611
39.3260715007782	-1	10204
39.3260715007782	-1	10204
39.3260715007782	-1	10204
39.3260715007782	-1	10204
39.3260715007782	-1	10204
39.3260715007782	-1	10204
39.3260715007782	-1	10204
39.3260715007782	-1	10204
39.3260715007782	-1	10204
39.3260715007782	-1	10204
39.3260715007782	-1	10204
39.3260715007782	-1	10204
39.3260715007782	-1	10204
39.3260715007782	-1	10204
39.3260715007782	-1	10204
39.3260715007782	-1	10204
39.3260715007782	-1	10204
39.3260715007782	-1	10204
39.3260715007782	-1	10204
39.326096296310425	-1	2964
39.326096296310425	-1	2964
39.326096296310425	-1	2964
39.326096296310425	-1	2964
39.326096296310425	-1	2964
39.32631230354309	-1	611
39.364518880844116	-1	2034
39.364518880844116	-1	2034
39.364518880844116	-1	2034
39.39092397689819	-1	2098
39.39092397689819	-1	2098
39.39092397689819	-1	2098
39.39092397689819	-1	2098
39.39094591140747	-1	2098
39.39094591140747	-1	2098
39.39094591140747	-1	2098
39.39094591140747	-1	2098
39.391053915023804	-1	611
39.40207123756409	-1	2952
39.40207123756409	-1	2952
39.40207123756409	-1	2952
39.40207123756409	-1	2952
39.40207123756409	-1	2952
39.402085304260254	-1	2098
39.402085304260254	-1	2098
39.402085304260254	-1	2098
39.402085304260254	-1	2098
39.402462005615234	-1	611
39.71200752258301	-1	2098
39.71200752258301	-1	2098
39.71200752258301	-1	2098
39.71200752258301	-1	2098
39.71203541755676	-1	2098
39.71203541755676	-1	2098
39.71203541755676	-1	2098
39.71203541755676	-1	2098
39.71203947067261	-1	2098
39.71203947067261	-1	2098
39.71203947067261	-1	2098
39.71203947067261	-1	2098
39.7120418548584	-1	2152
39.7120418548584	-1	2152
39.7120418548584	-1	2152
39.7120418548584	-1	2152
39.71204376220703	-1	2098
39.71204376220703	-1	2098
39.71204376220703	-1	2098
39.71204376220703	-1	2098
39.712045192718506	-1	2098
39.712045192718506	-1	2098
39.712045192718506	-1	2098
39.712045192718506	-1	2098
39.71219038963318	-1	611
39.721394777297974	-1	1049
39.721394777297974	-1	1049
39.72261929512024	-1	611
39.9464168548584	-1	1154
39.9464168548584	-1	1154
40.94146728515625	-1	1049
40.94146728515625	-1	1049
40.941495418548584	-1	1125
40.941495418548584	-1	1125
40.94149827957153	-1	611
40.99442648887634	-1	1516
40.99442648887634	-1	1516
40.99444270133972	-1	611
41.861759662628174	-1	2098
41.861759662628174	-1	2098
41.861759662628174	-1	2098
41.861759662628174	-1	2098
41.86178946495056	-1	2116
41.86178946495056	-1	2116
41.86178946495056	-1	2116
41.86178946495056	-1	2116
41.861799240112305	-1	3529
41.861799240112305	-1	3529
41.861799240112305	-1	3529
41.861799240112305	-1	3529
41.861799240112305	-1	3529
41.861799240112305	-1	3529
41.861801862716675	-1	2098
41.861801862716675	-1	2098
41.861801862716675	-1	2098
41.861801862716675	-1	2098
41.86180591583252	-1	2098
41.86180591583252	-1	2098
41.86180591583252	-1	2098
41.86180591583252	-1	2098
41.950679540634155	-1	2098
41.950679540634155	-1	2098
41.950679540634155	-1	2098
41.950679540634155	-1	2098
41.96186637878418	-1	2098
41.96186637878418	-1	2098
41.96186637878418	-1	2098
41.96186637878418	-1	2098
41.970497131347656	-1	2098
41.970497131347656	-1	2098
41.970497131347656	-1	2098
41.970497131347656	-1	2098
41.97061896324158	-1	611
42.9421968460083	-1	611
43.246419191360474	-1	1125
43.246419191360474	-1	1125
43.705296754837036	-1	2098
43.705296754837036	-1	2098
43.705296754837036	-1	2098
43.705296754837036	-1	2098
43.70532488822937	-1	2116
43.70532488822937	-1	2116
43.70532488822937	-1	2116
43.70532488822937	-1	2116
43.70533227920532	-1	2098
43.70533227920532	-1	2098
43.70533227920532	-1	2098
43.70533227920532	-1	2098
43.705342531204224	-1	2098
43.705342531204224	-1	2098
43.705342531204224	-1	2098
43.705342531204224	-1	2098
43.7053484916687	-1	2170
43.7053484916687	-1	2170
43.7053484916687	-1	2170
43.7053484916687	-1	2170
43.70543050765991	-1	611
44.16039824485779	-1	611
45.858094453811646	-1	2098
45.858094453811646	-1	2098
45.858094453811646	-1	2098
45.858094453811646	-1	2098
45.85810923576355	-1	2098
45.85810923576355	-1	2098
45.85810923576355	-1	2098
45.85810923576355	-1	2098
45.85811448097229	-1	2534
45.85811448097229	-1	2534
45.85811448097229	-1	2534
45.85811448097229	-1	2534
45.85812544822693	-1	3362
45.85812544822693	-1	3362
45.85812544822693	-1	3362
45.85812544822693	-1	3362
45.85812544822693	-1	3362
45.85812544822693	-1	3362
45.858301639556885	-1	611
45.858896255493164	-1	2098
45.858896255493164	-1	2098
45.858896255493164	-1	2098
45.858896255493164	-1	2098
45.8740930557251	-1	12750
45.8740930557251	-1	12750
45.8740930557251	-1	12750
45.8740930557251	-1	12750
45.8740930557251	-1	12750
45.8740930557251	-1	12750
45.8740930557251	-1	12750
45.8740930557251	-1	12750
45.8740930557251	-1	12750
45.8740930557251	-1	12750
45.8740930557251	-1	12750
45.8740930557251	-1	12750
45.8740930557251	-1	12750
45.8740930557251	-1	12750
45.8740930557251	-1	12750
45.8740930557251	-1	12750
45.8740930557251	-1	12750
45.8740930557251	-1	12750
45.8740930557251	-1	12750
45.8740930557251	-1	12750
45.8740930557251	-1	12750
45.8740930557251	-1	12750
45.8740930557251	-1	12750
45.8740930557251	-1	12750
47.25967884063721	-1	611
47.263564348220825	-1	611
47.37808966636658	-1	1125
47.37808966636658	-1	1125
47.579134464263916	-1	1125
47.579134464263916	-1	1125
48.592724084854126	-1	1516
48.592724084854126	-1	1516
48.750417709350586	-1	1516
48.750417709350586	-1	1516
49.846923828125	-1	611
50.189168214797974	-1	1516
50.189168214797974	-1	1516
50.189178466796875	-1	1074
50.189178466796875	-1	1074
50.206965923309326	-1	1516
50.206965923309326	-1	1516
50.206977128982544	-1	1219
50.206977128982544	-1	1219
50.22424030303955	-1	1516
50.22424030303955	-1	1516
50.22836756706238	-1	1219
50.22836756706238	-1	1219
50.583813190460205	-1	1516
50.583813190460205	-1	1516
50.58611845970154	-1	705
50.58789563179016	-1	611
50.60739088058472	-1	611
50.98732233047485	-1	611
50.987595319747925	-1	611
51.69093942642212	-1	611
52.381152629852295	-1	611
55.993386030197144	-1	611
57.084864377975464	-1	611
57.59600591659546	-1	1516
57.59600591659546	-1	1516
59.12934851646423	-1	611
60.60260605812073	-1	611
60.60493183135986	-1	611
61.40554475784302	-1	611
61.405675649642944	-1	611
63.61689281463623	-1	1516
63.61689281463623	-1	1516
63.63249754905701	-1	1516
63.63249754905701	-1	1516
65.51531076431274	-1	1516
65.51531076431274	-1	1516
65.56039643287659	-1	1516
65.56039643287659	-1	1516
65.60880613327026	-1	1516
65.60880613327026	-1	1516
65.60881781578064	-1	705
65.67523241043091	-1	611
66.01604723930359	-1	1154
66.01604723930359	-1	1154
66.01644206047058	-1	611
66.43905258178711	-1	611
66.43945789337158	-1	611
67.36012816429138	-1	611
67.36016058921814	-1	611
67.44970178604126	-1	611
67.509268283844	-1	611
67.60968947410583	-1	1516
67.60968947410583	-1	1516
67.609708070755	-1	705
69.81763935089111	-1	611
71.99609136581421	-1	611
72.61696124076843	-1	1125
72.61696124076843	-1	1125
73.98554944992065	-1	611
74.42597222328186	-1	611
74.50994372367859	-1	611
75.03767466545105	-1	611
75.65493297576904	-1	611
78.62792468070984	-1	1516
78.62792468070984	-1	1516
78.84641647338867	-1	1516
78.84641647338867	-1	1516
79.75667524337769	-1	1516
79.75667524337769	-1	1516
79.75668716430664	-1	1074
79.75668716430664	-1	1074
79.79658913612366	-1	1516
79.79658913612366	-1	1516
79.8147485256195	-1	1516
79.8147485256195	-1	1516
79.82372069358826	-1	922
80.6163501739502	-1	1516
80.6163501739502	-1	1516
80.61865043640137	-1	705
80.65786504745483	-1	611
80.65822887420654	-1	611
81.4925582408905	-1	611
81.49291205406189	-1	611
81.77643656730652	-1	611
82.10979914665222	-1	611
82.61867308616638	-1	1516
82.61867308616638	-1	1516
82.61872577667236	-1	705
84.25614500045776	-1	611
84.26999044418335	-1	1125
84.26999044418335	-1	1125
84.27718019485474	-1	1125
84.27718019485474	-1	1125
87.62218022346497	-1	1125
87.62218022346497	-1	1125
88.5637423992157	-1	2098
88.5637423992157	-1	2098
88.5637423992157	-1	2098
88.5637423992157	-1	2098
88.56376385688782	-1	2612
88.56376385688782	-1	2612
88.56376385688782	-1	2612
88.56376385688782	-1	2612
88.56376385688782	-1	2612
88.56399035453796	-1	611
88.59979438781738	-1	750
89.75644445419312	-1	611
90.09963417053223	-1	611
91.62060737609863	-1	1125
91.62060737609863	-1	1125
91.62085270881653	-1	611
92.55171179771423	-1	1125
92.55171179771423	-1	1125
92.55174660682678	-1	611
92.62305760383606	-1	1125
92.62305760383606	-1	1125
92.8595597743988	-1	1125
92.8595597743988	-1	1125
93.46967077255249	-1	611
93.46979308128357	-1	611
93.62871503829956	-1	1516
93.62871503829956	-1	1516
93.6438410282135	-1	1516
93.6438410282135	-1	1516
93.64385032653809	-1	1465
93.64385032653809	-1	1465
93.6578254699707	-1	1516
93.6578254699707	-1	1516
93.65783548355103	-1	1219
93.65783548355103	-1	1219
93.66731309890747	-1	1516
93.66731309890747	-1	1516
93.66732048988342	-1	1219
93.66732048988342	-1	1219
93.68176174163818	-1	1125
93.68176174163818	-1	1125
93.7054455280304	-1	611
93.70556473731995	-1	611
94.02604937553406	-1	611
94.02630281448364	-1	611
94.70283508300781	-1	611
94.70322942733765	-1	611
94.79031443595886	-1	611
95.62354516983032	-1	1516
95.62354516983032	-1	1516
95.62583637237549	-1	705
97.77459454536438	-1	611
97.77462816238403	-1	2182
97.77462816238403	-1	2182
97.77462816238403	-1	2182
97.77462816238403	-1	2182
97.77463674545288	-1	611
97.92747783660889	-1	1125
97.92747783660889	-1	1125
