0.0	-1	1516
1.71661376953125e-05	-1	705
0.4622526168823242	-1	611
2.023050546646118	-1	1154
4.1231842041015625	-1	611
5.917788028717041	-1	611
8.143233299255371	-1	611
9.152183771133423	-1	611
10.147706031799316	-1	611
11.148921012878418	-1	611
12.156819105148315	-1	611
13.168036460876465	-1	611
16.178247928619385	-1	611
17.193222999572754	-1	611
20.19891119003296	-1	611
21.688591241836548	-1	611
24.220150470733643	-1	611
25.576537609100342	-1	611
28.243117332458496	-1	611
29.570347785949707	-1	611
30.256892442703247	-1	1125
30.28820824623108	-1	611
32.267529010772705	-1	611
33.78802037239075	-1	611
36.295783042907715	-1	611
37.30568218231201	-1	611
40.318090200424194	-1	611
41.332826375961304	-1	611
44.34961700439453	-1	611
45.45594382286072	-1	611
48.36161518096924	-1	611
49.37634491920471	-1	611
52.390952587127686	-1	611
53.40383052825928	-1	611
56.418198585510254	-1	611
56.42297410964966	-1	611
56.42299294471741	-1	1697
56.431212186813354	-1	1154
56.43941378593445	-1	1697
56.43943214416504	-1	1697
56.458582639694214	-1	1697
56.4586079120636	-1	1697
56.45958995819092	-1	1697
56.477153301239014	-1	611
56.47717499732971	-1	1697
56.47945952415466	-1	1697
56.47975730895996	-1	611
56.49536681175232	-1	1154
56.49538803100586	-1	1697
56.49567365646362	-1	611
56.50709390640259	-1	611
56.507357597351074	-1	1516
56.50736856460571	-1	191
56.521414279937744	-1	1154
56.521432399749756	-1	1697
56.521754026412964	-1	611
56.53410625457764	-1	1697
56.53412079811096	-1	1697
56.53574800491333	-1	1668
56.53577280044556	-1	1697
56.541954040527344	-1	1516
56.5497260093689	-1	1697
56.55147886276245	-1	1697
56.55259346961975	-1	1697
56.55362582206726	-1	1516
56.57524132728577	-1	1516
56.57525181770325	-1	980
56.586891651153564	-1	1516
56.58689999580383	-1	1219
56.63018584251404	-1	1516
56.63944864273071	-1	1516
56.639453411102295	-1	408
56.76327109336853	-1	611
56.763550758361816	-1	611
57.13909459114075	-1	1500
57.139108180999756	-1	2932
57.1395480632782	-1	1125
57.13978171348572	-1	2932
57.13978934288025	-1	1516
57.140318393707275	-1	2932
57.148033618927	-1	1500
57.1507134437561	-1	1516
57.164222240448	-1	1516
57.16702938079834	-1	1516
57.17303514480591	-1	1356
57.41705250740051	-1	611
58.984983921051025	-1	653
58.98551154136658	-1	1125
59.003722190856934	-1	1154
59.004106283187866	-1	611
59.02272939682007	-1	2932
59.02325201034546	-1	2932
59.02345609664917	-1	1516
59.02685809135437	-1	1516
59.04319906234741	-1	1500
59.04485058784485	-1	1965
59.04485893249512	-1	2932
59.065115213394165	-1	1516
59.1030957698822	-1	1516
59.103102684020996	-1	1516
59.13891339302063	-1	1516
59.138922929763794	-1	1516
59.152424335479736	-1	799
59.153510093688965	-1	976
59.15809178352356	-1	1154
59.5945098400116	-1	611
59.59488892555237	-1	611
59.600958585739136	-1	1500
59.60136413574219	-1	611
59.610761404037476	-1	611
59.83175206184387	-1	265
59.83205056190491	-1	611
60.43502402305603	-1	611
60.43937849998474	-1	611
60.49517488479614	-1	611
61.13755393028259	-1	611
61.13781547546387	-1	611
61.147193908691406	-1	1154
61.148749351501465	-1	1125
61.16068482398987	-1	1125
61.43173003196716	-1	611
61.59491586685181	-1	611
61.5951988697052	-1	611
61.623870849609375	-1	2098
61.696574687957764	-1	2098
61.75612735748291	-1	1500
61.85856509208679	-1	1219
61.85968589782715	-1	611
61.8767876625061	-1	611
61.93268704414368	-1	1500
61.93293857574463	-1	611
61.94339060783386	-1	2098
62.123844146728516	-1	485
62.12561392784119	-1	611
62.136982440948486	-1	611
62.37175726890564	-1	1500
62.467862606048584	-1	1322
62.46827149391174	-1	611
62.48854041099548	-1	1125
62.97792434692383	-1	1125
62.978442668914795	-1	611
63.03461766242981	-1	1154
63.03589677810669	-1	1125
63.895763874053955	-1	1500
63.89578080177307	-1	2667
63.897422552108765	-1	611
64.08003520965576	-1	1235
64.08006358146667	-1	611
64.0849678516388	-1	611
64.09297466278076	-1	611
64.42374324798584	-1	611
64.51040577888489	-1	611
64.6442551612854	-1	611
64.7662091255188	-1	1154
64.76660180091858	-1	611
65.43000817298889	-1	1125
65.4324243068695	-1	611
65.4428243637085	-1	611
66.03736591339111	-1	611
66.13395357131958	-1	1125
66.14170598983765	-1	611
66.15114092826843	-1	1125
66.57543444633484	-1	386
66.665287733078	-1	1639
67.26620960235596	-1	1154
67.26657676696777	-1	1125
68.50301575660706	-1	2098
68.5030312538147	-1	2116
68.50303649902344	-1	2704
68.50304007530212	-1	2334
68.50304651260376	-1	1539
68.50304985046387	-1	2098
68.60497856140137	-1	1374
68.60693216323853	-1	1125
68.65483379364014	-1	1125
69.4257116317749	-1	611
69.43620085716248	-1	611
69.43624711036682	-1	611
69.46026992797852	-1	611
70.43513178825378	-1	611
71.5691237449646	-1	611
71.56915211677551	-1	2641
71.56942677497864	-1	611
71.58759927749634	-1	611
71.87629699707031	-1	1374
71.87791609764099	-1	611
71.88566613197327	-1	611
71.88703417778015	-1	1516
71.88704419136047	-1	191
72.02585363388062	-1	611
72.02619934082031	-1	611
72.49048447608948	-1	611
72.49087071418762	-1	611
73.11274695396423	-1	1125
73.1131980419159	-1	611
73.19332790374756	-1	1154
73.19373607635498	-1	611
73.41433477401733	-1	2098
73.41434597969055	-1	1665
73.41434836387634	-1	2098
73.41435074806213	-1	2116
73.41435265541077	-1	1718
73.41922307014465	-1	2098
73.51213955879211	-1	611
73.5228624343872	-1	611
73.65660309791565	-1	2098
73.65883684158325	-1	2098
73.65884160995483	-1	2098
73.67188549041748	-1	2552
73.67205882072449	-1	611
75.25596284866333	-1	1080
75.2565438747406	-1	194
75.30489492416382	-1	2098
75.3064477443695	-1	2098
75.30646586418152	-1	2098
75.3068494796753	-1	611
75.35020589828491	-1	2098
75.35030388832092	-1	611
75.37677550315857	-1	2098
75.37679982185364	-1	2098
75.37680673599243	-1	2098
75.37681102752686	-1	2098
75.39864444732666	-1	2988
75.39865612983704	-1	2098
75.40540885925293	-1	2098
75.4197564125061	-1	2098
75.41977047920227	-1	1972
75.41977667808533	-1	1516
75.43107032775879	-1	2100
75.45676469802856	-1	623
75.5720727443695	-1	611
75.62389922142029	-1	5860
75.62404942512512	-1	611
75.66517663002014	-1	5580
75.6652159690857	-1	1125
75.67810106277466	-1	611
75.69690227508545	-1	119
75.69705152511597	-1	108
75.7038185596466	-1	611
75.80020999908447	-1	611
75.80046939849854	-1	611
76.11954045295715	-1	2098
76.14132356643677	-1	108
76.14198589324951	-1	1125
76.57453870773315	-1	611
76.57492446899414	-1	611
77.10673785209656	-1	611
77.10700368881226	-1	611
79.25324487686157	-1	611
79.51330733299255	-1	2098
79.52095627784729	-1	637
79.5226035118103	-1	611
79.53428506851196	-1	611
80.19232225418091	-1	611
80.19262528419495	-1	611
80.3141713142395	-1	1500
80.45892214775085	-1	750
80.4639151096344	-1	611
80.47161865234375	-1	1516
80.49626755714417	-1	1342
80.72499012947083	-1	611
81.41017484664917	-1	2098
81.41020250320435	-1	2932
81.41021299362183	-1	1718
81.41021728515625	-1	2360
81.41024923324585	-1	2932
81.41061091423035	-1	611
81.41929769515991	-1	2066
81.42229461669922	-1	1516
81.42849159240723	-1	1219
83.21843385696411	-1	611
83.21873474121094	-1	611
83.27148580551147	-1	2098
83.2714991569519	-1	2208
83.27210783958435	-1	1516
83.27211833000183	-1	191
83.28316903114319	-1	1516
83.28317761421204	-1	191
83.41276526451111	-1	611
83.42310070991516	-1	1516
83.43041849136353	-1	1516
83.430424451828	-1	922
83.63711714744568	-1	611
83.72986698150635	-1	2098
83.73157954216003	-1	2116
83.73845863342285	-1	286
83.75048327445984	-1	1484
83.76597595214844	-1	1736
83.76622223854065	-1	611
84.12065863609314	-1	2932
84.12067174911499	-1	2098
84.1206841468811	-1	2098
84.12069153785706	-1	2170
84.12119674682617	-1	611
84.12157583236694	-1	3205
84.13084006309509	-1	1516
84.13823366165161	-1	705
84.47731494903564	-1	2098
84.48132872581482	-1	1516
84.48192095756531	-1	2116
84.48201084136963	-1	1125
84.48283696174622	-1	650
84.49090623855591	-1	2134
84.4931058883667	-1	2098
84.49310851097107	-1	2098
84.49311399459839	-1	2098
84.49311995506287	-1	4412
84.5155611038208	-1	3122
84.51558947563171	-1	2098
84.51559543609619	-1	1540
84.51636385917664	-1	3056
84.51636791229248	-1	2116
84.5424473285675	-1	2098
84.54245924949646	-1	2098
84.54246258735657	-1	2098
84.54246473312378	-1	140
84.55915093421936	-1	1516
84.55928754806519	-1	623
84.59010696411133	-1	5860
84.59025883674622	-1	1125
84.60884213447571	-1	8162
84.6464524269104	-1	11524
84.66527199745178	-1	2098
84.66529607772827	-1	2098
84.66529941558838	-1	1954
84.66530132293701	-1	2098
84.6859483718872	-1	2098
84.6859655380249	-1	2334
84.68605279922485	-1	611
84.69037556648254	-1	2098
84.69038987159729	-1	2098
84.70685768127441	-1	2152
84.70688104629517	-1	2098
84.70688462257385	-1	2098
84.70721435546875	-1	2098
84.71048784255981	-1	611
84.71911215782166	-1	1516
84.726069688797	-1	2098
84.72608184814453	-1	2098
84.74285340309143	-1	191
84.7544915676117	-1	2098
84.75449848175049	-1	2098
84.75450134277344	-1	2028
84.75450396537781	-1	2098
84.7545063495636	-1	2098
84.75464296340942	-1	611
84.76714873313904	-1	2098
84.76717042922974	-1	2098
84.76717448234558	-1	1690
84.77030897140503	-1	611
84.7786226272583	-1	1516
84.78874611854553	-1	285
84.81558895111084	-1	611
84.84998917579651	-1	611
84.85745167732239	-1	611
84.86886262893677	-1	611
84.89623594284058	-1	611
85.03952383995056	-1	611
85.70159411430359	-1	2098
85.7016088962555	-1	1665
85.70161247253418	-1	2098
85.7016167640686	-1	2334
85.70161890983582	-1	2334
85.70326375961304	-1	1125
85.72290921211243	-1	1516
85.77025246620178	-1	220
86.62363195419312	-1	873
86.92267656326294	-1	611
86.92877769470215	-1	611
87.368661403656	-1	1125
87.3958432674408	-1	1512
87.4036602973938	-1	733
87.40369296073914	-1	611
87.41300916671753	-1	1125
87.41457772254944	-1	1516
87.42854976654053	-1	285
87.85095024108887	-1	611
87.85097932815552	-1	2098
87.85131812095642	-1	611
87.85601711273193	-1	2932
87.86147928237915	-1	1516
87.87465476989746	-1	191
87.87658977508545	-1	2316
87.89449167251587	-1	1736
87.90898132324219	-1	1516
87.9219172000885	-1	220
88.16641521453857	-1	2932
88.16642260551453	-1	1718
88.166428565979	-1	2098
88.1664400100708	-1	1516
88.16655802726746	-1	611
88.1678249835968	-1	2534
88.17843770980835	-1	1516
88.18215441703796	-1	705
88.19280695915222	-1	1516
88.19399952888489	-1	1835
88.21113228797913	-1	3530
88.21453475952148	-1	2116
88.2146303653717	-1	611
88.29860162734985	-1	2098
88.31576490402222	-1	1516
88.31914019584656	-1	2116
88.37149620056152	-1	2098
88.37153053283691	-1	2098
88.3929033279419	-1	2098
88.3929386138916	-1	2098
88.39294195175171	-1	2098
88.41126108169556	-1	2098
88.41275072097778	-1	611
88.4226713180542	-1	1516
88.43468427658081	-1	734
88.43469905853271	-1	2098
88.43851971626282	-1	2098
88.44405913352966	-1	1516
88.4440746307373	-1	191
88.45705008506775	-1	2098
88.4577088356018	-1	2927
88.45846557617188	-1	611
88.47950196266174	-1	2116
88.47974514961243	-1	1516
88.48001384735107	-1	1718
88.48919177055359	-1	220
88.56730198860168	-1	2098
88.56732106208801	-1	2098
88.56769061088562	-1	611
88.58200550079346	-1	2098
88.58301520347595	-1	2098
88.60095167160034	-1	2952
88.60331010818481	-1	2098
88.61960649490356	-1	1516
88.61971521377563	-1	611
88.62289237976074	-1	2116
88.63863730430603	-1	2098
88.64451909065247	-1	2098
88.644615650177	-1	611
88.64965653419495	-1	2098
88.6593165397644	-1	2098
88.68988370895386	-1	881
88.69014477729797	-1	611
88.69890522956848	-1	1125
89.09117889404297	-1	1500
89.09119772911072	-1	2098
89.09120416641235	-1	1833
89.0912115573883	-1	2098
89.09122109413147	-1	2932
89.09123826026917	-1	2098
89.09242963790894	-1	1125
89.09357976913452	-1	1954
89.09358477592468	-1	3530
89.09359169006348	-1	1718
89.09974980354309	-1	7228
89.10296273231506	-1	1516
89.10376572608948	-1	1516
89.10377383232117	-1	1436
89.19117546081543	-1	392
89.19158887863159	-1	611
89.21795916557312	-1	1125
89.45539426803589	-1	611
89.56172847747803	-1	2098
89.5620744228363	-1	1665
89.56416988372803	-1	611
89.57436060905457	-1	611
89.92904210090637	-1	611
89.96327114105225	-1	1154
90.0036985874176	-1	611
90.30930066108704	-1	1154
90.36764192581177	-1	611
90.37918186187744	-1	1516
90.38052177429199	-1	1219
90.40990662574768	-1	1500
90.51649188995361	-1	1235
90.51662015914917	-1	611
90.53066182136536	-1	611
90.53861546516418	-1	611
91.0952639579773	-1	2098
91.0952832698822	-1	2116
91.0952889919281	-1	2098
91.09529328346252	-1	2730
91.09530115127563	-1	1736
91.09543800354004	-1	611
91.0991759300232	-1	2098
91.09922862052917	-1	2334
91.09924626350403	-1	2098
91.09925484657288	-1	2516
91.13885068893433	-1	12974
91.13887643814087	-1	611
91.13889026641846	-1	2098
91.14103102684021	-1	2098
91.14103507995605	-1	3386
91.14957022666931	-1	611
91.15897989273071	-1	2098
91.15898942947388	-1	2098
91.16727995872498	-1	611
91.18149304389954	-1	2716
91.18177723884583	-1	1516
91.22617268562317	-1	1516
91.22715377807617	-1	2098
91.24441885948181	-1	2098
91.24498772621155	-1	2098
91.28466844558716	-1	611
91.34333562850952	-1	2570
91.364098072052	-1	2964
91.36412239074707	-1	2964
91.38000345230103	-1	7308
91.40205788612366	-1	4220
91.40222406387329	-1	611
91.40444684028625	-1	2098
91.41459774971008	-1	4600
91.41469478607178	-1	611
91.42515182495117	-1	2098
91.43453788757324	-1	4004
91.43456983566284	-1	611
91.44504165649414	-1	2098
91.44506764411926	-1	2098
91.45256686210632	-1	611
91.46500754356384	-1	2098
91.46608209609985	-1	2932
91.47336888313293	-1	1516
91.48848938941956	-1	2098
91.48851680755615	-1	1516
91.48938202857971	-1	650
91.48942136764526	-1	2098
91.49203777313232	-1	220
91.50688219070435	-1	1516
91.51669192314148	-1	6248
91.51671028137207	-1	314
91.52806544303894	-1	611
91.55712032318115	-1	2098
91.55713939666748	-1	2118
91.55714082717896	-1	1169
91.55715036392212	-1	611
91.56187224388123	-1	611
91.57317066192627	-1	1125
92.15117716789246	-1	1500
92.19885802268982	-1	1235
92.33329033851624	-1	611
92.33440351486206	-1	1125
92.40689706802368	-1	2098
92.54048943519592	-1	611
92.62573552131653	-1	831
92.62792611122131	-1	611
92.6406843662262	-1	611
92.69012761116028	-1	1500
92.76443529129028	-1	1500
92.76566243171692	-1	1125
92.77874875068665	-1	1516
92.81479120254517	-1	1342
92.87996125221252	-1	346
92.88121724128723	-1	1125
92.94855237007141	-1	611
92.95792627334595	-1	611
93.10125279426575	-1	1500
93.15344858169556	-1	1235
93.15471315383911	-1	611
93.38702058792114	-1	2098
93.38735914230347	-1	611
93.40078663825989	-1	1694
93.40396070480347	-1	611
93.41184210777283	-1	2098
93.412837266922	-1	2116
93.41284251213074	-1	1718
