0.0	-1	611
3.0398247241973877	-1	611
3.1127071380615234	-1	611
3.740953207015991	-1	611
3.7412655353546143	-1	611
4.144968032836914	-1	611
4.298412799835205	-1	611
4.298687696456909	-1	611
4.667409181594849	-1	611
4.66866660118103	-1	1125
4.812250375747681	-1	611
5.092095136642456	-1	611
5.583026885986328	-1	2098
5.583059072494507	-1	1665
5.589839935302734	-1	1154
5.590189218521118	-1	611
5.6073338985443115	-1	1125
6.201708555221558	-1	611
6.202049493789673	-1	611
6.313000440597534	-1	1125
6.313388347625732	-1	611
7.121416091918945	-1	611
7.208010196685791	-1	1500
7.230472564697266	-1	1235
7.232012033462524	-1	611
7.252572298049927	-1	611
7.719202756881714	-1	611
7.869369745254517	-1	611
9.404241561889648	-1	611
9.461142539978027	-1	611
9.491455554962158	-1	611
9.492578983306885	-1	1125
12.954787969589233	-1	2098
12.95481538772583	-1	1665
13.005544662475586	-1	611
13.007378101348877	-1	611
13.022425413131714	-1	1125
14.093668460845947	-1	1516
14.09596872329712	-1	191
14.10462474822998	-1	611
14.104647874832153	-1	611
14.15164065361023	-1	611
14.173946619033813	-1	2098
14.173969745635986	-1	2116
14.173978567123413	-1	2098
14.195411920547485	-1	2342
14.271114110946655	-1	611
14.285454511642456	-1	611
14.377871751785278	-1	2098
14.377919673919678	-1	2098
14.397154331207275	-1	2098
14.397270679473877	-1	611
14.397626399993896	-1	2170
14.407145500183105	-1	1598
14.415563344955444	-1	2098
14.416279554367065	-1	104
14.436782598495483	-1	2098
14.436792135238647	-1	2098
14.454705238342285	-1	2098
14.45482325553894	-1	611
14.702267408370972	-1	1516
14.702764987945557	-1	2098
14.70340895652771	-1	1516
14.703473567962646	-1	611
14.703946828842163	-1	1516
14.705076932907104	-1	1516
14.706520080566406	-1	1846
14.733848571777344	-1	2098
14.73446249961853	-1	2802
14.735749006271362	-1	1516
14.736122846603394	-1	611
14.738206624984741	-1	650
14.738594055175781	-1	1918
14.751872777938843	-1	2932
14.759304285049438	-1	611
14.983638525009155	-1	1154
16.64891815185547	-1	1290
16.65010118484497	-1	1125
16.656033277511597	-1	1516
16.66052269935608	-1	611
16.660534620285034	-1	705
16.67224884033203	-1	611
16.954153060913086	-1	1125
16.95533323287964	-1	1125
16.97127628326416	-1	1125
17.155527353286743	-1	2098
17.176697492599487	-1	1647
17.178247928619385	-1	611
17.564826488494873	-1	2098
17.56484365463257	-1	2334
17.684629917144775	-1	2098
17.748634338378906	-1	1718
17.74864387512207	-1	2098
17.74865174293518	-1	2098
17.7499577999115	-1	611
17.788060665130615	-1	1112
17.788077116012573	-1	1137
17.81103205680847	-1	2098
17.81105327606201	-1	2932
17.834566831588745	-1	611
17.85731029510498	-1	1109
17.85734510421753	-1	1125
17.862592935562134	-1	611
17.878206729888916	-1	1516
17.88114619255066	-1	705
18.485652685165405	-1	611
18.48566770553589	-1	3530
18.48610281944275	-1	611
18.49263882637024	-1	8756
18.496636390686035	-1	1516
18.50315523147583	-1	2013
18.510863542556763	-1	828
19.085280895233154	-1	611
19.835875749588013	-1	611
19.848403215408325	-1	1516
19.859493017196655	-1	705
20.354042053222656	-1	2098
20.375739574432373	-1	2932
20.396024703979492	-1	2098
20.396049737930298	-1	2228
20.396247625350952	-1	611
20.416349172592163	-1	2098
20.41635298728943	-1	2949
20.41669249534607	-1	611
20.428056955337524	-1	1516
20.436030626296997	-1	1548
20.436036109924316	-1	1668
20.442487239837646	-1	1516
20.442498207092285	-1	437
20.454031705856323	-1	1500
20.454448223114014	-1	611
20.455665349960327	-1	2116
20.463711500167847	-1	1516
20.46372699737549	-1	705
20.47837209701538	-1	2098
20.49382448196411	-1	611
20.501635551452637	-1	2316
20.502774238586426	-1	2134
20.508361101150513	-1	611
20.516807079315186	-1	611
20.67212438583374	-1	902
20.672139167785645	-1	2098
20.67230486869812	-1	611
20.68398380279541	-1	1516
20.69073987007141	-1	2098
20.691044569015503	-1	191
20.70999002456665	-1	2098
20.73067593574524	-1	2098
20.74820375442505	-1	3042
20.76759910583496	-1	2098
20.82844352722168	-1	1104
20.828468799591064	-1	2098
20.82847785949707	-1	1516
20.828566789627075	-1	611
20.847976446151733	-1	2098
20.866926670074463	-1	2098
20.882494926452637	-1	611
20.885895490646362	-1	2098
20.88589906692505	-1	2098
20.906891345977783	-1	2152
20.907047510147095	-1	611
20.928958892822266	-1	2098
20.92898678779602	-1	2098
20.928990125656128	-1	2098
20.949745893478394	-1	2098
20.960776567459106	-1	2098
20.978553533554077	-1	2098
20.988636255264282	-1	2098
21.00694227218628	-1	2098
21.0069522857666	-1	2116
21.00706720352173	-1	611
21.025135040283203	-1	2098
21.0251522064209	-1	2098
21.025271892547607	-1	611
21.04526948928833	-1	2555
21.045634746551514	-1	2098
21.05835723876953	-1	1516
21.063003540039062	-1	2316
21.063422203063965	-1	2334
21.064500093460083	-1	1125
21.08615756034851	-1	1516
21.09020233154297	-1	1516
21.093650341033936	-1	314
21.118114709854126	-1	204
21.119330406188965	-1	1125
21.19033718109131	-1	611
21.71148180961609	-1	1125
21.873111963272095	-1	2098
21.873371839523315	-1	611
21.873717784881592	-1	1516
21.89190936088562	-1	1954
21.893333911895752	-1	3530
21.910861492156982	-1	1718
21.910884618759155	-1	1516
21.910986185073853	-1	611
21.911902904510498	-1	2134
21.92100691795349	-1	1516
21.931786060333252	-1	2254
21.932440519332886	-1	2116
21.932451725006104	-1	2098
21.94264054298401	-1	3150
21.952264547348022	-1	191
21.953472137451172	-1	1736
21.979620218276978	-1	611
22.134329080581665	-1	2098
22.134339332580566	-1	2098
22.135612964630127	-1	611
22.148173570632935	-1	611
22.18327522277832	-1	2098
22.18328285217285	-1	2098
22.183510303497314	-1	611
22.184170961380005	-1	2098
22.204275369644165	-1	2098
22.22526526451111	-1	1736
22.23460602760315	-1	580
22.25780963897705	-1	611
22.282674551010132	-1	611
22.4040424823761	-1	611
23.06833004951477	-1	611
23.291637420654297	-1	611
23.76380944252014	-1	611
23.76951026916504	-1	611
23.77898383140564	-1	611
23.787710666656494	-1	611
24.136446714401245	-1	611
24.178221940994263	-1	1500
24.17942214012146	-1	1125
24.639655351638794	-1	1516
24.641006469726562	-1	1125
24.652316093444824	-1	1516
24.687405824661255	-1	2964
24.718921422958374	-1	4412
24.71894359588623	-1	285
24.72440814971924	-1	1516
24.72441840171814	-1	611
24.731338500976562	-1	5860
24.75589084625244	-1	611
24.75591492652893	-1	8756
24.779860496520996	-1	7385
24.779881238937378	-1	611
25.253314971923828	-1	2098
25.253461837768555	-1	611
25.253827810287476	-1	2098
25.254393339157104	-1	1516
25.25556778907776	-1	2334
25.25620436668396	-1	1484
25.270314931869507	-1	4412
25.27107334136963	-1	4412
25.271088123321533	-1	611
25.27183699607849	-1	4412
25.27233862876892	-1	2964
25.28026056289673	-1	1516
25.308282613754272	-1	4412
25.309025049209595	-1	4412
25.31072998046875	-1	4412
25.311091899871826	-1	1560
25.32042360305786	-1	1516
25.325862646102905	-1	1516
25.335949897766113	-1	1516
25.37643003463745	-1	1516
25.427002429962158	-1	1468
25.427119731903076	-1	480
25.48116970062256	-1	1154
25.865891933441162	-1	1125
25.881075859069824	-1	2098
25.881088495254517	-1	2116
25.892460107803345	-1	286
25.922889471054077	-1	2098
25.92373824119568	-1	2134
25.92525362968445	-1	611
25.944334268569946	-1	1125
25.945353746414185	-1	2534
25.963760137557983	-1	2334
25.987184762954712	-1	2098
25.987218618392944	-1	2098
25.987434148788452	-1	611
26.007707118988037	-1	3168
26.028664588928223	-1	2098
26.02873206138611	-1	1954
26.031113862991333	-1	611
26.048362255096436	-1	2098
26.049126386642456	-1	1736
26.049242734909058	-1	611
26.068453073501587	-1	1500
26.13544201850891	-1	3530
26.136249780654907	-1	2116
26.931934356689453	-1	611
26.944308280944824	-1	1516
26.98288869857788	-1	1516
27.05163884162903	-1	314
27.508420944213867	-1	2098
27.50845432281494	-1	2098
27.50870180130005	-1	611
28.030322551727295	-1	2098
28.030365467071533	-1	2098
28.030372381210327	-1	2098
28.03037929534912	-1	2098
28.0303852558136	-1	2170
28.03039813041687	-1	2098
28.032745838165283	-1	2952
28.032774925231934	-1	2098
28.032787322998047	-1	2570
28.03294587135315	-1	1125
28.07010793685913	-1	2098
28.070159196853638	-1	7167
28.07016944885254	-1	623
28.091026067733765	-1	3184
28.091049432754517	-1	2116
28.091057062149048	-1	2098
28.09685254096985	-1	1516
28.122225999832153	-1	611
28.132190465927124	-1	1516
28.158260345458984	-1	4301
28.17823600769043	-1	1516
28.18602466583252	-1	531
28.632686853408813	-1	1516
28.633804321289062	-1	1972
28.633966207504272	-1	650
28.634056568145752	-1	611
28.66609287261963	-1	4412
28.66683554649353	-1	2964
28.667584896087646	-1	4412
28.668326377868652	-1	4412
28.70959186553955	-1	11652
28.709749937057495	-1	1125
28.712318420410156	-1	2964
28.712342977523804	-1	7308
28.712356567382812	-1	7308
28.72849440574646	-1	13371
28.72868824005127	-1	611
28.762791872024536	-1	611
28.771915197372437	-1	611
28.81541919708252	-1	611
28.82891058921814	-1	611
28.868079900741577	-1	611
28.868094444274902	-1	611
28.872863054275513	-1	611
28.88926386833191	-1	1154
28.900273323059082	-1	1516
28.910284280776978	-1	285
29.54448962211609	-1	611
30.329988718032837	-1	611
30.339637756347656	-1	611
30.40316915512085	-1	1500
30.404067516326904	-1	2321
30.40555453300476	-1	1125
30.627639293670654	-1	1125
32.20983552932739	-1	1516
32.20984148979187	-1	611
32.20985436439514	-1	2098
32.21001935005188	-1	1694
32.2152361869812	-1	611
32.219974517822266	-1	1516
32.288097620010376	-1	1516
32.42564368247986	-1	1516
32.42565178871155	-1	1226
32.45891046524048	-1	1516
32.48165488243103	-1	799
32.922682762145996	-1	611
32.923489570617676	-1	611
32.93306565284729	-1	1516
32.95542860031128	-1	285
33.25216460227966	-1	611
33.25336742401123	-1	1125
33.293865442276	-1	2098
33.3613817691803	-1	1500
33.380860567092896	-1	2098
33.549856662750244	-1	873
33.55024814605713	-1	611
33.55967926979065	-1	1516
33.561545610427856	-1	1500
33.56157040596008	-1	191
33.66586136817932	-1	1500
33.66628384590149	-1	2082
33.66711163520813	-1	1125
33.680232524871826	-1	1516
33.689483404159546	-1	2316
33.70400547981262	-1	2098
33.70401859283447	-1	705
33.70904088020325	-1	3132
33.72440266609192	-1	2098
33.72450256347656	-1	611
33.727365493774414	-1	2334
33.73429203033447	-1	1516
33.749011516571045	-1	191
33.78580641746521	-1	2658
33.7875030040741	-1	611
33.80758738517761	-1	1125
33.939992904663086	-1	2098
33.94654440879822	-1	2098
33.9622962474823	-1	2098
33.96230363845825	-1	2098
33.9813928604126	-1	2098
33.98441696166992	-1	2098
33.999845027923584	-1	2098
34.00000858306885	-1	1125
34.002601146698	-1	2098
34.045886278152466	-1	1184
34.047908306121826	-1	611
34.06035876274109	-1	1125
34.46689701080322	-1	2098
34.46758437156677	-1	1484
34.46832513809204	-1	2316
34.469900608062744	-1	611
34.70763540267944	-1	1125
35.41137337684631	-1	786
35.431063652038574	-1	2098
35.43151044845581	-1	2116
35.45171022415161	-1	2098
35.458932638168335	-1	1154
35.46806287765503	-1	1516
35.47435545921326	-1	1512
35.475255727767944	-1	2110
35.4752893447876	-1	1219
35.48852300643921	-1	1516
35.49322056770325	-1	1718
35.49429249763489	-1	3077
35.49430060386658	-1	2334
35.514350175857544	-1	3530
35.522279262542725	-1	687
35.5608069896698	-1	1516
35.56971049308777	-1	1516
35.56971859931946	-1	980
35.57971143722534	-1	1516
35.610434770584106	-1	1516
35.61044239997864	-1	922
36.30389428138733	-1	611
36.303908824920654	-1	3530
36.30427145957947	-1	611
36.31623458862305	-1	611
36.42678093910217	-1	1500
36.42680740356445	-1	2056
36.42681384086609	-1	2098
36.4270179271698	-1	611
36.436315298080444	-1	1516
36.4440131187439	-1	2098
36.45835018157959	-1	1342
36.46417260169983	-1	1500
36.464332580566406	-1	611
36.47665452957153	-1	1516
36.476672410964966	-1	705
36.505964517593384	-1	1500
36.506369829177856	-1	611
36.52500677108765	-1	611
36.536705017089844	-1	1516
36.539411783218384	-1	1012
36.56973838806152	-1	1516
36.58478808403015	-1	1516
36.58759808540344	-1	1516
36.58760190010071	-1	1516
36.688374042510986	-1	1516
36.71807360649109	-1	1516
36.72382164001465	-1	1037
36.881325244903564	-1	611
36.892338514328	-1	1125
37.08422827720642	-1	1125
37.533488035202026	-1	1639
37.533506631851196	-1	2098
37.53351068496704	-1	2932
37.53352475166321	-1	2316
37.53353428840637	-1	2334
37.53356122970581	-1	886
37.539352893829346	-1	2098
37.54445815086365	-1	2318
37.587695360183716	-1	2098
37.58782148361206	-1	611
37.611045122146606	-1	2098
37.634029388427734	-1	2098
37.63462448120117	-1	2098
37.64978337287903	-1	2098
37.65024518966675	-1	650
37.65025091171265	-1	2098
37.66705274581909	-1	2098
37.67939209938049	-1	2098
37.679757595062256	-1	1125
37.78859305381775	-1	2098
37.807347536087036	-1	2098
37.80761504173279	-1	1516
37.85820484161377	-1	2098
37.858219146728516	-1	2098
37.858564376831055	-1	2098
37.86325740814209	-1	611
37.87756824493408	-1	3332
37.87757158279419	-1	2098
37.87772178649902	-1	611
37.9014048576355	-1	2098
37.90142798423767	-1	2098
37.901753187179565	-1	2098
37.90964365005493	-1	611
37.912686586380005	-1	1516
37.920082092285156	-1	3006
37.92167687416077	-1	2098
37.940099000930786	-1	2098
37.940118074417114	-1	705
37.940128326416016	-1	1972
37.94380235671997	-1	2098
37.9678909778595	-1	3168
37.96791887283325	-1	2098
37.96792721748352	-1	2170
37.9864866733551	-1	2650
38.0172336101532	-1	1516
38.028014183044434	-1	304
38.02803897857666	-1	1248
38.07114839553833	-1	2116
38.07163047790527	-1	2098
38.098480463027954	-1	623
38.09849309921265	-1	2098
38.10915184020996	-1	2118
38.1214394569397	-1	2134
38.12952446937561	-1	2098
38.13878917694092	-1	611
38.17505168914795	-1	1516
38.17850112915039	-1	2964
38.17851209640503	-1	611
38.18704295158386	-1	4412
38.187307596206665	-1	1516
38.19529175758362	-1	4412
38.196043968200684	-1	2964
38.19624400138855	-1	611
38.19659948348999	-1	2964
38.219215393066406	-1	2098
38.219703674316406	-1	2098
39.08674502372742	-1	1516
39.086759090423584	-1	705
39.47744035720825	-1	2098
41.03122401237488	-1	2098
41.06791639328003	-1	2134
41.087459087371826	-1	2098
41.087538719177246	-1	611
41.107271671295166	-1	2098
41.10729670524597	-1	2334
41.10744762420654	-1	611
41.126418352127075	-1	2098
41.12713432312012	-1	2098
41.14879846572876	-1	2098
41.197991371154785	-1	142
41.19812226295471	-1	611
41.20446968078613	-1	2098
41.22562313079834	-1	2098
41.225637435913086	-1	2098
41.24461388587952	-1	2716
41.26494312286377	-1	2334
41.2867374420166	-1	2098
41.30369853973389	-1	2098
41.30389952659607	-1	611
41.30446219444275	-1	2098
41.326122522354126	-1	2098
41.32625341415405	-1	611
41.32664680480957	-1	1516
41.344401836395264	-1	1516
41.36472201347351	-1	2098
41.38376593589783	-1	2098
41.383886098861694	-1	611
41.38503050804138	-1	2098
41.42949628829956	-1	2334
41.42949962615967	-1	2098
41.44051790237427	-1	122
41.44587683677673	-1	2098
41.44812083244324	-1	2098
41.46942496299744	-1	1736
41.49602222442627	-1	2932
41.4961462020874	-1	611
41.50845217704773	-1	2098
41.511533975601196	-1	2098
41.53123211860657	-1	2170
41.53137469291687	-1	611
41.53247284889221	-1	1520
41.54728102684021	-1	2098
41.55912470817566	-1	2098
41.577025413513184	-1	2098
41.57718873023987	-1	650
41.57729196548462	-1	611
41.58663082122803	-1	2098
41.60535168647766	-1	1125
41.61671209335327	-1	611
41.84589099884033	-1	2098
41.84629988670349	-1	1736
41.8468279838562	-1	2098
41.86580538749695	-1	2098
41.86639380455017	-1	1516
41.886350870132446	-1	3404
41.88671612739563	-1	2098
41.886786222457886	-1	611
41.90601897239685	-1	2098
41.90658473968506	-1	1516
41.91044521331787	-1	611
41.92755842208862	-1	2098
41.93431854248047	-1	2098
41.94682502746582	-1	650
41.96748399734497	-1	2098
41.96795129776001	-1	2098
41.98590421676636	-1	2555
41.98604893684387	-1	611
41.98775792121887	-1	2932
41.98776817321777	-1	2932
42.005019426345825	-1	2098
42.009618520736694	-1	2334
42.06041407585144	-1	2098
42.06042695045471	-1	1890
42.0604293346405	-1	2098
42.09106683731079	-1	1516
42.09108281135559	-1	191
42.12296986579895	-1	3181
42.122994899749756	-1	1665
42.12299990653992	-1	2098
42.12300252914429	-1	2116
42.123010873794556	-1	1516
42.14363765716553	-1	1154
42.14943599700928	-1	650
42.376615047454834	-1	2098
42.37662982940674	-1	1516
42.38968110084534	-1	4584
42.39617896080017	-1	2098
42.39717888832092	-1	1701
42.397308588027954	-1	611
43.36705136299133	-1	2098
43.36707425117493	-1	1665
43.36707806587219	-1	2098
43.367080211639404	-1	2932
44.29658651351929	-1	2316
44.29659414291382	-1	1736
44.296600341796875	-1	1516
44.30984830856323	-1	15804
44.31001162528992	-1	611
44.316076040267944	-1	2098
44.31808829307556	-1	3766
44.320334672927856	-1	611
44.33268618583679	-1	2098
44.333709955215454	-1	2098
44.35336446762085	-1	2516
44.35337805747986	-1	2098
44.408060789108276	-1	2098
44.408196210861206	-1	611
44.408458948135376	-1	2534
44.41293907165527	-1	2098
44.427051067352295	-1	2098
44.42810845375061	-1	2098
44.44779849052429	-1	2098
44.46499943733215	-1	2172
44.46711754798889	-1	2932
44.46719193458557	-1	611
44.48316836357117	-1	2134
44.50320029258728	-1	2098
44.503321409225464	-1	611
44.504374504089355	-1	3368
44.52252244949341	-1	2098
44.524831771850586	-1	2098
44.54337525367737	-1	2098
44.562166690826416	-1	2069
44.56219720840454	-1	2098
44.56236815452576	-1	611
44.56315302848816	-1	2932
44.58261442184448	-1	2334
44.601510524749756	-1	2098
44.61858344078064	-1	2098
44.62302207946777	-1	2098
44.63853359222412	-1	3530
44.64237117767334	-1	2098
44.6424617767334	-1	611
44.65728569030762	-1	1954
44.66030144691467	-1	2098
44.68063139915466	-1	2098
44.680660247802734	-1	2098
44.68654274940491	-1	611
44.69820857048035	-1	2098
44.705185651779175	-1	1736
44.705873012542725	-1	2098
44.705997467041016	-1	611
44.72331619262695	-1	2098
44.723339796066284	-1	2098
44.745240211486816	-1	2098
44.745267391204834	-1	2250
44.754647731781006	-1	1500
44.76562166213989	-1	2098
44.76677370071411	-1	1718
44.76678109169006	-1	2098
44.76689147949219	-1	611
44.784921169281006	-1	2098
44.785704612731934	-1	2116
44.78577494621277	-1	611
44.810577392578125	-1	2098
44.810606956481934	-1	2098
44.810612201690674	-1	2098
44.82687187194824	-1	1954
44.82688355445862	-1	1516
44.82701921463013	-1	611
44.82819223403931	-1	2406
44.8286874294281	-1	3323
44.84629702568054	-1	611
44.84764099121094	-1	2098
44.84766101837158	-1	2098
44.847665786743164	-1	3150
44.84796977043152	-1	1736
44.860292196273804	-1	1516
44.8808171749115	-1	775
44.880828619003296	-1	2098
44.88083529472351	-1	2316
44.880839347839355	-1	2098
44.88084292411804	-1	2134
44.88837385177612	-1	1516
44.889833211898804	-1	1102
44.8963041305542	-1	1378
45.85914397239685	-1	1256
45.8591513633728	-1	1256
45.85916185379028	-1	1256
45.85916495323181	-1	1256
45.87424945831299	-1	1256
45.87426137924194	-1	1256
45.874281883239746	-1	1256
45.87428832054138	-1	1256
45.874393463134766	-1	1125
45.88439202308655	-1	1256
45.884401082992554	-1	1256
45.90468454360962	-1	611
46.147069215774536	-1	1137
46.90529680252075	-1	611
47.096126317977905	-1	1516
47.09842324256897	-1	191
47.47428798675537	-1	611
47.48550868034363	-1	1256
47.485517740249634	-1	1256
47.54746437072754	-1	1256
47.54750204086304	-1	1256
47.54751014709473	-1	1256
47.54751658439636	-1	1256
47.54752230644226	-1	1256
47.54753279685974	-1	1256
47.55546259880066	-1	1256
47.55547523498535	-1	1256
47.555480003356934	-1	1256
47.555485010147095	-1	1256
47.555490016937256	-1	1256
47.55549192428589	-1	1256
47.55549645423889	-1	1256
47.5555853843689	-1	611
47.58423447608948	-1	1256
47.58424758911133	-1	1256
47.58426070213318	-1	1256
47.58426237106323	-1	1256
47.58426380157471	-1	1256
47.58426523208618	-1	1256
47.58426642417908	-1	1256
47.58426761627197	-1	1256
47.58462738990784	-1	611
47.607667684555054	-1	1256
47.60768103599548	-1	1256
47.60769557952881	-1	1256
47.60769724845886	-1	1256
47.60769867897034	-1	1256
47.60769987106323	-1	1256
47.607701539993286	-1	1256
47.60770273208618	-1	1256
47.607707262039185	-1	1256
47.63143539428711	-1	1256
47.63144850730896	-1	1256
47.6314651966095	-1	1256
47.63146734237671	-1	1256
47.631468772888184	-1	1256
47.6314697265625	-1	1256
47.631470918655396	-1	1256
47.63147211074829	-1	1256
47.63147306442261	-1	1256
47.63148021697998	-1	1256
47.63156747817993	-1	1125
47.64132905006409	-1	1256
47.64133620262146	-1	1256
47.6413459777832	-1	1256
47.64134740829468	-1	1256
47.64134883880615	-1	1256
47.64135241508484	-1	1256
47.641353607177734	-1	1256
47.641358852386475	-1	1256
47.64555478096008	-1	1256
47.64557123184204	-1	1256
47.65014100074768	-1	1256
47.6501522064209	-1	1256
47.65015411376953	-1	1256
47.650155544281006	-1	1256
47.65015649795532	-1	1256
47.65015769004822	-1	1256
47.65015935897827	-1	1256
47.65016198158264	-1	1256
47.650232553482056	-1	611
47.65474343299866	-1	1256
47.65475797653198	-1	1256
47.65478038787842	-1	1256
47.70633387565613	-1	1256
47.70634698867798	-1	1256
47.706350564956665	-1	1256
47.70690894126892	-1	1256
47.706913232803345	-1	1256
47.706923484802246	-1	1256
47.70750665664673	-1	1256
47.707515478134155	-1	1256
47.707517862319946	-1	1256
47.70809841156006	-1	1256
47.708104372024536	-1	1256
47.70811438560486	-1	1256
47.70817589759827	-1	1125
47.70833492279053	-1	1256
47.73233246803284	-1	1256
47.73235774040222	-1	1256
47.73236274719238	-1	1256
47.73273777961731	-1	1256
47.75910258293152	-1	611
47.790589570999146	-1	1256
47.79059314727783	-1	1256
47.79059720039368	-1	1256
47.790820837020874	-1	1256
47.806668281555176	-1	1256
47.806673765182495	-1	1256
48.322996854782104	-1	1125
48.367987632751465	-1	1256
48.36799716949463	-1	1256
48.36801099777222	-1	1256
48.36801242828369	-1	1256
48.368013858795166	-1	1256
48.36801505088806	-1	1256
48.368016481399536	-1	1256
48.36801767349243	-1	1256
48.390029430389404	-1	1256
48.39003849029541	-1	1256
48.39004969596863	-1	1256
48.39005136489868	-1	1256
48.390052318573	-1	1256
48.390053510665894	-1	1256
48.39005494117737	-1	1256
48.390056133270264	-1	1256
48.39005732536316	-1	1256
48.3900625705719	-1	1256
48.390336751937866	-1	1256
48.39034128189087	-1	1256
48.3982138633728	-1	1256
48.398223638534546	-1	1256
48.39823603630066	-1	1256
48.39823770523071	-1	1256
48.39823913574219	-1	1256
48.398240089416504	-1	1256
48.39824151992798	-1	1256
48.398242473602295	-1	1256
48.39824366569519	-1	1256
48.39824986457825	-1	1256
48.39832305908203	-1	611
48.39968681335449	-1	1256
48.39969611167908	-1	1256
48.46943783760071	-1	1256
48.46944737434387	-1	1256
48.46946144104004	-1	1256
48.46946430206299	-1	1256
48.469467878341675	-1	1256
48.47131896018982	-1	1256
48.471344232559204	-1	1256
48.47134709358215	-1	1256
48.47135376930237	-1	611
48.471357345581055	-1	1256
48.47135901451111	-1	1256
48.47136473655701	-1	1256
48.50989031791687	-1	1256
48.509920835494995	-1	1256
48.50992941856384	-1	1256
48.5099356174469	-1	623
48.50994038581848	-1	1256
48.50994515419006	-1	1256
48.509947538375854	-1	1256
48.50995469093323	-1	1256
48.5359148979187	-1	1256
48.5359263420105	-1	1256
48.679771423339844	-1	611
48.684690952301025	-1	1256
48.68470096588135	-1	1256
48.68471002578735	-1	1256
48.68493127822876	-1	1256
48.70324635505676	-1	1256
48.70325541496277	-1	1256
48.7032585144043	-1	1256
48.70378804206848	-1	1256
48.703792095184326	-1	1256
48.703803300857544	-1	1256
48.704164266586304	-1	1256
48.70417356491089	-1	1256
48.71484994888306	-1	1256
48.71486949920654	-1	1256
48.71487283706665	-1	1256
48.715392112731934	-1	1256
48.71539664268494	-1	1256
48.71539902687073	-1	1256
48.715495347976685	-1	611
48.71576476097107	-1	1256
48.71576976776123	-1	1256
48.71795964241028	-1	1256
48.71796417236328	-1	1256
48.717973947525024	-1	1256
48.72239589691162	-1	1256
48.722413063049316	-1	1256
48.722416162490845	-1	1256
48.72292709350586	-1	1256
48.722930908203125	-1	1256
48.7229380607605	-1	1256
48.72334861755371	-1	1256
48.723360776901245	-1	1256
48.72356867790222	-1	1256
48.72566628456116	-1	611
48.7301230430603	-1	1256
48.73013758659363	-1	1256
48.766045570373535	-1	1256
48.78866696357727	-1	623
48.93213129043579	-1	1256
48.955349922180176	-1	1256
48.955365896224976	-1	1256
48.955382347106934	-1	1256
48.955384969711304	-1	1256
48.955387115478516	-1	1256
48.95538902282715	-1	1256
48.95539093017578	-1	1256
48.95539617538452	-1	1256
48.980217695236206	-1	611
48.992610692977905	-1	611
49.000174045562744	-1	1256
49.00017595291138	-1	1256
49.00018072128296	-1	1256
49.0053973197937	-1	1256
49.00540494918823	-1	1256
49.00541353225708	-1	1256
49.005414724349976	-1	1256
49.00541949272156	-1	1256
49.005419969558716	-1	611
49.03402900695801	-1	1256
49.03404188156128	-1	1256
49.03405809402466	-1	1256
49.03405976295471	-1	1256
49.03406524658203	-1	1256
49.03548192977905	-1	1256
49.035494804382324	-1	1256
49.04454588890076	-1	611
49.071367502212524	-1	1125
49.085458278656006	-1	1256
49.08545994758606	-1	1256
49.085469245910645	-1	1256
49.08549499511719	-1	1256
49.08559536933899	-1	611
49.09661078453064	-1	1516
49.10300660133362	-1	1256
49.10302400588989	-1	1256
49.10302543640137	-1	1256
49.10302686691284	-1	1256
49.10414528846741	-1	1248
49.12270951271057	-1	1256
49.122716665267944	-1	1256
49.1227285861969	-1	1256
49.148467779159546	-1	1256
49.14850044250488	-1	833
49.14850926399231	-1	1166
49.51925754547119	-1	611
49.53032898902893	-1	611
49.53077054023743	-1	611
49.85500144958496	-1	611
50.09140610694885	-1	611
50.09532284736633	-1	611
52.476635217666626	-1	611
52.48317050933838	-1	1256
52.483211517333984	-1	477
52.483216524124146	-1	1256
52.492517948150635	-1	1256
52.49252462387085	-1	1256
52.49254059791565	-1	1256
52.492560148239136	-1	1256
52.511881589889526	-1	1256
52.511889696121216	-1	1256
52.51191210746765	-1	1256
52.51213264465332	-1	611
52.56221318244934	-1	1256
52.562264919281006	-1	1256
52.56228828430176	-1	213
52.562305212020874	-1	623
52.656707525253296	-1	611
53.854811906814575	-1	611
55.267868995666504	-1	611
55.89083504676819	-1	611
56.09207367897034	-1	1256
56.11681795120239	-1	910
56.116825342178345	-1	1256
56.13393044471741	-1	1214
56.1350040435791	-1	1256
56.14651274681091	-1	304
56.15992546081543	-1	1256
56.15996837615967	-1	1256
56.16015696525574	-1	611
56.1749382019043	-1	1256
56.19217538833618	-1	1256
56.19407296180725	-1	1256
56.214637994766235	-1	1146
56.25952649116516	-1	456
57.108837604522705	-1	1516
57.11114549636841	-1	191
57.85501742362976	-1	611
58.3110237121582	-1	611
58.311338663101196	-1	611
60.26966881752014	-1	611
60.26969289779663	-1	910
60.2697012424469	-1	1256
60.26971387863159	-1	928
60.26972007751465	-1	1256
60.26972436904907	-1	530
60.26972842216492	-1	1256
60.269731283187866	-1	910
60.26973247528076	-1	1256
60.2697331905365	-1	910
60.26973485946655	-1	1256
60.26973533630371	-1	946
60.269736766815186	-1	1256
60.26975226402283	-1	1256
60.269991397857666	-1	623
60.35504508018494	-1	1256
60.35506844520569	-1	1256
60.403695821762085	-1	611
60.41301155090332	-1	1256
60.41302537918091	-1	1256
60.413044691085815	-1	1256
60.41304636001587	-1	1256
60.41638493537903	-1	611
60.45129203796387	-1	1256
60.451305866241455	-1	1256
60.451308727264404	-1	1256
60.451310873031616	-1	1256
60.45131230354309	-1	1256
60.451313734054565	-1	1256
60.45131540298462	-1	1256
60.451316595077515	-1	1256
60.479724645614624	-1	1256
60.479737997055054	-1	1256
60.47975754737854	-1	1256
60.47976040840149	-1	1256
60.479761362075806	-1	782
60.47998666763306	-1	611
60.88087773323059	-1	611
62.11080884933472	-1	1125
62.93292593955994	-1	611
64.1118676662445	-1	1516
64.11416244506836	-1	705
66.18346118927002	-1	611
67.02490901947021	-1	611
67.76100730895996	-1	611
71.30605697631836	-1	611
72.13403749465942	-1	1516
72.13634371757507	-1	191
72.67752742767334	-1	611
72.67793297767639	-1	611
73.18413639068604	-1	611
73.18986582756042	-1	611
73.20954275131226	-1	611
73.788161277771	-1	611
73.90328097343445	-1	611
77.13075637817383	-1	1125
77.24958682060242	-1	611
78.33406400680542	-1	611
78.3385808467865	-1	611
79.13175225257874	-1	1516
79.1340446472168	-1	705
80.23196649551392	-1	1125
81.12927150726318	-1	1125
82.07596111297607	-1	611
82.0760703086853	-1	611
82.08376240730286	-1	611
82.08387804031372	-1	611
83.70139527320862	-1	611
84.185213804245	-1	611
86.68431353569031	-1	611
87.13915967941284	-1	1516
87.14145469665527	-1	191
87.18550038337708	-1	611
87.82879710197449	-1	611
87.82905673980713	-1	611
87.83349871635437	-1	611
88.52686095237732	-1	611
88.52688813209534	-1	611
88.52724313735962	-1	611
89.44831013679504	-1	611
91.79085373878479	-1	611
92.13950753211975	-1	1125
93.1347451210022	-1	611
93.1349573135376	-1	611
94.13989567756653	-1	1516
94.14219403266907	-1	705
95.18643260002136	-1	611
95.89965724945068	-1	611
96.18653130531311	-1	611
96.29711556434631	-1	611
