0.0	-1	611
0.48377513885498047	-1	611
4.032392501831055	-1	611
4.572497129440308	-1	611
5.251829624176025	-1	611
5.266119956970215	-1	611
5.277970790863037	-1	611
5.762864351272583	-1	611
5.897352933883667	-1	611
6.7270824909210205	-1	611
6.727510452270508	-1	611
7.207391738891602	-1	611
8.261860370635986	-1	611
8.263249635696411	-1	1516
8.303824186325073	-1	220
9.190157175064087	-1	611
9.19040584564209	-1	611
9.20236873626709	-1	1154
9.202761888504028	-1	611
9.215952396392822	-1	1125
9.274100542068481	-1	2098
9.28494930267334	-1	2098
9.429224967956543	-1	1219
9.430707931518555	-1	611
9.489753484725952	-1	611
9.682102918624878	-1	611
9.682488441467285	-1	611
9.816999673843384	-1	2098
9.93552541732788	-1	2098
10.412858486175537	-1	1109
10.500323057174683	-1	1500
10.555694103240967	-1	1807
10.557051181793213	-1	611
10.584880113601685	-1	1125
10.924584865570068	-1	611
10.925078392028809	-1	611
11.436416149139404	-1	611
11.478049755096436	-1	611
12.368746757507324	-1	611
12.424255609512329	-1	2725
12.424491882324219	-1	611
12.44012713432312	-1	611
12.870156526565552	-1	611
12.87018370628357	-1	611
13.10181450843811	-1	2098
13.120484113693237	-1	4412
13.145628690719604	-1	5538
13.229316234588623	-1	611
13.23971152305603	-1	1516
13.247093439102173	-1	191
13.354300737380981	-1	2098
13.357301473617554	-1	2098
13.364266157150269	-1	2098
13.364618301391602	-1	611
13.772829294204712	-1	3530
13.772845268249512	-1	2116
13.772852420806885	-1	1516
13.774104356765747	-1	1137
13.794145584106445	-1	5860
13.803048610687256	-1	5860
13.810463666915894	-1	158
13.854577779769897	-1	2098
13.859699010848999	-1	2116
13.859838485717773	-1	1125
13.86257004737854	-1	2098
13.869027853012085	-1	2964
13.869039058685303	-1	1304
13.881788492202759	-1	2964
13.882014513015747	-1	1252
13.92721676826477	-1	1500
14.40731930732727	-1	2098
14.40733528137207	-1	2116
14.407339572906494	-1	2098
14.407341718673706	-1	2098
14.411459922790527	-1	1516
14.413552045822144	-1	7308
14.413702011108398	-1	611
14.421534061431885	-1	7308
14.421561002731323	-1	966
14.434947490692139	-1	5192
14.44153642654419	-1	2098
14.63110089302063	-1	1125
14.638768196105957	-1	2770
14.645315647125244	-1	1125
14.66122317314148	-1	611
14.671788215637207	-1	1516
14.691500663757324	-1	191
14.714171886444092	-1	1125
14.718971967697144	-1	902
14.724153995513916	-1	1125
15.021313190460205	-1	1305
15.023323774337769	-1	611
15.033622741699219	-1	1516
15.143404006958008	-1	191
15.942102909088135	-1	1305
16.864062309265137	-1	2098
16.870269060134888	-1	4412
16.871259212493896	-1	611
16.8873770236969	-1	7308
16.887431144714355	-1	611
16.89209771156311	-1	678
16.89552617073059	-1	1516
16.93213129043579	-1	2098
16.932517051696777	-1	1665
16.937832355499268	-1	1516
16.951691389083862	-1	1516
17.035398960113525	-1	1516
17.042404651641846	-1	169
17.526503086090088	-1	1500
17.52651619911194	-1	2295
17.527117252349854	-1	611
17.536194801330566	-1	1125
17.538973093032837	-1	2098
17.538976669311523	-1	2098
17.54794931411743	-1	1125
17.586617708206177	-1	1356
17.587297916412354	-1	611
17.68521547317505	-1	611
17.711639881134033	-1	2098
17.712244749069214	-1	2116
17.71226477622986	-1	2098
17.712859630584717	-1	611
17.723597049713135	-1	1516
17.73477792739868	-1	388
17.734800577163696	-1	705
17.751835823059082	-1	1516
17.756773710250854	-1	1248
17.887227773666382	-1	611
17.94681715965271	-1	611
18.009548664093018	-1	1500
18.0219464302063	-1	1500
18.150760173797607	-1	1500
18.153804779052734	-1	611
18.153838872909546	-1	611
18.166061878204346	-1	611
18.17629051208496	-1	611
18.221184015274048	-1	2098
18.263368606567383	-1	635
18.26443576812744	-1	611
18.279687643051147	-1	2098
18.321535348892212	-1	2098
18.321552753448486	-1	623
18.338196754455566	-1	902
18.338302850723267	-1	611
18.36016273498535	-1	1125
18.897425413131714	-1	611
19.859989643096924	-1	1500
19.860019207000732	-1	2098
19.89746642112732	-1	611
20.17622137069702	-1	611
20.859046459197998	-1	3530
20.882192611694336	-1	7308
20.88925576210022	-1	10204
20.898171186447144	-1	13100
20.89914631843567	-1	1125
20.8991858959198	-1	611
20.904829263687134	-1	2964
20.907337427139282	-1	10204
20.90750002861023	-1	1125
20.943387508392334	-1	2964
20.943429231643677	-1	10204
20.945993900299072	-1	1516
20.946021795272827	-1	611
20.952773332595825	-1	13100
20.9726505279541	-1	13100
20.97267723083496	-1	2964
20.987719297409058	-1	611
21.00497055053711	-1	15996
21.005932092666626	-1	2964
21.005950689315796	-1	1125
21.017030715942383	-1	5860
21.044212818145752	-1	7308
21.0442476272583	-1	4412
21.044708967208862	-1	1516
21.049538373947144	-1	2964
21.061986684799194	-1	1516
21.06802535057068	-1	611
21.08601188659668	-1	4412
21.086366891860962	-1	1516
21.121344566345215	-1	3598
21.121532678604126	-1	611
21.777361154556274	-1	611
21.777402639389038	-1	1500
21.777960062026978	-1	1500
21.7779757976532	-1	1516
21.778528213500977	-1	650
21.778539657592773	-1	2098
21.778911352157593	-1	1500
21.77964758872986	-1	2334
21.779661893844604	-1	1516
21.78008198738098	-1	611
21.780179262161255	-1	408
21.780183792114258	-1	2098
21.793426036834717	-1	7308
21.823867559432983	-1	790
21.823901414871216	-1	623
21.823906421661377	-1	2098
21.823911666870117	-1	1057
21.823919773101807	-1	2932
21.82429599761963	-1	611
21.84318518638611	-1	1516
21.843323469161987	-1	623
21.8553466796875	-1	1489
22.211143016815186	-1	611
22.223527908325195	-1	1516
22.276880025863647	-1	1219
22.303629875183105	-1	611
22.33287811279297	-1	611
22.333462715148926	-1	1125
22.46863031387329	-1	611
22.479929447174072	-1	1516
22.4888699054718	-1	191
22.504292011260986	-1	611
23.02546215057373	-1	611
23.199897050857544	-1	1516
23.23977041244507	-1	1516
23.930949687957764	-1	611
23.930981874465942	-1	2641
23.93098545074463	-1	2116
23.93098759651184	-1	2098
23.9632728099823	-1	13100
23.974067449569702	-1	13100
23.98890233039856	-1	7308
23.991106748580933	-1	7308
23.991161108016968	-1	1516
24.02309536933899	-1	13100
24.054187536239624	-1	13004
24.054259061813354	-1	1516
24.054268836975098	-1	4388
24.066123962402344	-1	11652
24.06619930267334	-1	1516
24.06625247001648	-1	7308
24.066268920898438	-1	958
24.107746839523315	-1	11652
24.107765674591064	-1	1516
24.1089928150177	-1	4412
24.109021186828613	-1	2964
24.12709903717041	-1	1516
24.13558864593506	-1	1112
24.13560724258423	-1	922
24.545148849487305	-1	1516
24.545770168304443	-1	886
24.546173810958862	-1	2098
24.546265363693237	-1	1125
24.571097135543823	-1	3368
24.589495420455933	-1	2964
24.672871112823486	-1	1125
24.683747053146362	-1	1516
24.68376326560974	-1	1219
24.831427097320557	-1	611
24.858453035354614	-1	1125
24.864647388458252	-1	611
24.895213842391968	-1	611
24.92473602294922	-1	1500
24.924770832061768	-1	1500
24.928685188293457	-1	611
24.94174289703369	-1	611
24.94341492652893	-1	1500
24.94375252723694	-1	1500
24.95334553718567	-1	139
24.9535915851593	-1	611
25.038745641708374	-1	611
25.04293417930603	-1	1125
25.0523579120636	-1	611
25.122151136398315	-1	1125
25.170391082763672	-1	611
25.179792404174805	-1	611
25.19416308403015	-1	2170
25.201159477233887	-1	686
25.202216625213623	-1	611
25.2022442817688	-1	611
25.206324338912964	-1	2098
25.206332445144653	-1	2098
25.2150399684906	-1	104
25.2150821685791	-1	611
25.217677116394043	-1	2098
25.21769380569458	-1	2534
25.23198676109314	-1	611
25.294209480285645	-1	2098
25.30637264251709	-1	902
25.372761011123657	-1	1500
25.378377676010132	-1	2098
25.384555339813232	-1	2116
25.384569883346558	-1	2098
25.387598514556885	-1	2098
25.38761830329895	-1	1954
25.413488388061523	-1	2098
25.422525882720947	-1	304
25.433799028396606	-1	2098
25.437459230422974	-1	2932
25.4374737739563	-1	2098
25.43747854232788	-1	2134
25.449384927749634	-1	3132
25.44941997528076	-1	2334
25.449426412582397	-1	2098
25.449564456939697	-1	611
25.460298776626587	-1	611
25.462193727493286	-1	884
25.467058658599854	-1	2098
25.467562198638916	-1	611
25.479746341705322	-1	611
25.77387547492981	-1	884
25.773890018463135	-1	2098
25.774025917053223	-1	611
25.774705171585083	-1	2932
25.774721145629883	-1	1516
25.775274515151978	-1	668
25.775286197662354	-1	2098
25.775915145874023	-1	3150
25.77661418914795	-1	2098
25.776628017425537	-1	1516
25.779489755630493	-1	288
25.779504776000977	-1	2098
25.77999186515808	-1	2098
25.788891315460205	-1	2964
25.788917779922485	-1	173
25.788927793502808	-1	611
25.797119140625	-1	2964
25.79715847969055	-1	579
25.797171115875244	-1	611
25.804415702819824	-1	3728
25.80507183074951	-1	611
25.815990447998047	-1	611
25.898205041885376	-1	2098
25.899163722991943	-1	2098
25.8992862701416	-1	611
25.908000469207764	-1	2098
25.909175872802734	-1	1972
25.944893836975098	-1	2098
25.944927215576172	-1	2098
25.94493079185486	-1	2334
25.944933652877808	-1	2098
25.94515109062195	-1	611
25.983259201049805	-1	2152
25.993509769439697	-1	1918
25.9935245513916	-1	2098
26.003878355026245	-1	2932
26.003889799118042	-1	2098
26.007492303848267	-1	304
26.0139319896698	-1	2098
26.014925956726074	-1	2098
26.014970541000366	-1	2098
26.02096915245056	-1	1516
26.025744915008545	-1	2152
26.02614736557007	-1	611
26.029804706573486	-1	1516
26.03603506088257	-1	1516
26.03835105895996	-1	4548
26.039218425750732	-1	1718
26.04313564300537	-1	285
26.04744601249695	-1	611
26.055783987045288	-1	2098
26.055970430374146	-1	611
26.067726612091064	-1	1516
26.076695442199707	-1	902
26.07671332359314	-1	191
26.156526565551758	-1	2098
26.15729308128357	-1	2098
26.15729832649231	-1	1650
26.157498359680176	-1	611
26.168137788772583	-1	1516
26.168153047561646	-1	705
26.203507900238037	-1	611
26.20412540435791	-1	611
26.388416528701782	-1	2932
26.38844108581543	-1	2098
26.388447046279907	-1	2134
26.399072885513306	-1	2964
26.409732341766357	-1	1516
26.42268133163452	-1	1516
26.42317843437195	-1	611
26.43746519088745	-1	4412
26.437500476837158	-1	2964
26.437511920928955	-1	1125
26.451245069503784	-1	4412
26.45128583908081	-1	2964
26.451866388320923	-1	611
26.465919017791748	-1	8756
26.475916862487793	-1	8147
26.47605037689209	-1	611
26.487561464309692	-1	611
28.027878761291504	-1	611
28.13459324836731	-1	611
28.13475012779236	-1	611
28.134774684906006	-1	611
28.15892791748047	-1	1125
28.905568838119507	-1	1125
28.934659957885742	-1	1500
28.97870635986328	-1	2116
28.978827476501465	-1	611
28.98026704788208	-1	2098
28.991322994232178	-1	2170
29.00094199180603	-1	2416
29.024033308029175	-1	1516
29.02504587173462	-1	5860
29.02517580986023	-1	611
29.056517839431763	-1	2964
29.056546688079834	-1	2964
29.056556224822998	-1	1516
29.060400247573853	-1	7308
29.060434818267822	-1	611
29.067723035812378	-1	1516
29.071240663528442	-1	7308
29.071266174316406	-1	8244
29.071284770965576	-1	705
29.08113408088684	-1	1516
29.08870244026184	-1	8242
29.08873438835144	-1	705
29.088754892349243	-1	2098
29.089104175567627	-1	2932
29.09050703048706	-1	2098
29.110108852386475	-1	7308
29.1101336479187	-1	1154
29.110149383544922	-1	3286
29.112972259521484	-1	2098
29.114807605743408	-1	2116
29.114839792251587	-1	2098
29.13094425201416	-1	3386
29.130971908569336	-1	611
29.14527654647827	-1	1500
29.456834077835083	-1	1717
29.457239627838135	-1	611
29.460107564926147	-1	2098
29.46012020111084	-1	2932
29.49012041091919	-1	1500
29.490253686904907	-1	611
29.50051736831665	-1	611
29.552944898605347	-1	1516
29.588219165802002	-1	2098
29.58824110031128	-1	734
29.588255405426025	-1	2932
29.60019087791443	-1	2098
29.607221126556396	-1	2098
29.607227087020874	-1	2098
29.615564584732056	-1	2098
29.635887384414673	-1	2098
29.63730478286743	-1	1718
29.66386580467224	-1	4412
29.664050340652466	-1	611
29.664628267288208	-1	4316
29.79297113418579	-1	902
29.818387269973755	-1	2098
29.9044086933136	-1	611
30.040061950683594	-1	1125
30.0612735748291	-1	2098
30.06257128715515	-1	2098
30.069820880889893	-1	152
30.070826768875122	-1	611
30.073749542236328	-1	2098
30.080127954483032	-1	1516
30.080137252807617	-1	705
30.089667320251465	-1	918
30.089835166931152	-1	611
30.09990620613098	-1	1516
30.10323166847229	-1	799
30.68835711479187	-1	611
30.688372135162354	-1	2098
30.68876338005066	-1	611
30.688933849334717	-1	2116
30.688950538635254	-1	1516
30.689540147781372	-1	2964
30.690519332885742	-1	2098
30.694896936416626	-1	2516
30.70081400871277	-1	1516
30.743391036987305	-1	705
31.34842538833618	-1	611
32.025007486343384	-1	1516
32.04332518577576	-1	5860
32.045470237731934	-1	8756
32.05101752281189	-1	2964
32.05305004119873	-1	2313
32.210012912750244	-1	2098
32.23539757728577	-1	2098
32.246856927871704	-1	1954
32.246864318847656	-1	2098
32.26005578041077	-1	2098
32.27581334114075	-1	2570
32.27584195137024	-1	2098
32.28563380241394	-1	286
32.286006927490234	-1	2098
32.28645968437195	-1	2932
32.29794239997864	-1	1736
32.29796600341797	-1	2267
32.30733251571655	-1	2208
32.32258152961731	-1	1154
32.3401825428009	-1	1516
32.35561156272888	-1	1516
32.36262893676758	-1	857
32.374446630477905	-1	611
32.676934003829956	-1	611
32.68767070770264	-1	1516
32.68769073486328	-1	191
32.70030999183655	-1	611
32.70063328742981	-1	611
32.72418475151062	-1	611
32.78438949584961	-1	2098
32.79045915603638	-1	2116
32.79058051109314	-1	611
32.79397630691528	-1	2098
32.797194480895996	-1	2098
32.80583834648132	-1	2716
32.901697874069214	-1	611
33.071929931640625	-1	2116
33.071958780288696	-1	2098
33.08356237411499	-1	2098
33.08359169960022	-1	1954
33.19044899940491	-1	1125
33.29606103897095	-1	611
33.33512592315674	-1	611
33.34809112548828	-1	1125
33.38315534591675	-1	2287
33.38588762283325	-1	2098
33.39388823509216	-1	2098
33.39391469955444	-1	1516
33.394267559051514	-1	611
33.46873497962952	-1	2098
33.58571791648865	-1	1736
33.58897638320923	-1	2098
33.589823961257935	-1	2098
33.62092351913452	-1	2098
33.62093186378479	-1	2098
33.62101984024048	-1	611
33.64107370376587	-1	2932
33.694249391555786	-1	3132
33.704418420791626	-1	2334
33.70444083213806	-1	2098
33.71303105354309	-1	2098
33.74347376823425	-1	2964
33.802258253097534	-1	5860
33.85582375526428	-1	1516
33.85997200012207	-1	7308
33.87790656089783	-1	11652
33.878093242645264	-1	611
33.8856041431427	-1	1516
33.889103412628174	-1	10204
33.89679145812988	-1	4412
33.89902067184448	-1	6950
33.905171394348145	-1	1516
33.914615631103516	-1	1500
33.914756298065186	-1	1516
33.93721294403076	-1	1516
33.95037221908569	-1	1516
33.96471667289734	-1	451
34.07431387901306	-1	2098
34.074331521987915	-1	2116
34.074337005615234	-1	2098
34.07452726364136	-1	611
34.11305093765259	-1	2098
34.11307978630066	-1	1516
34.11308741569519	-1	704
34.12317872047424	-1	1516
34.12387251853943	-1	650
34.12556600570679	-1	2516
34.12557125091553	-1	2098
34.125572681427	-1	104
34.13786220550537	-1	1516
34.14996933937073	-1	1516
34.15135669708252	-1	1516
34.47700119018555	-1	1516
34.526052713394165	-1	2964
34.54562830924988	-1	4412
34.817147970199585	-1	611
34.892470836639404	-1	611
34.94641995429993	-1	611
35.893117904663086	-1	1516
35.89434361457825	-1	705
36.06269121170044	-1	1125
36.09024000167847	-1	7308
36.09039831161499	-1	611
36.1222357749939	-1	8756
36.122352838516235	-1	611
36.13978886604309	-1	10204
36.152925968170166	-1	11652
36.15315270423889	-1	611
36.16711211204529	-1	13100
36.16766834259033	-1	611
36.1809184551239	-1	11652
36.181336879730225	-1	2964
36.18135190010071	-1	611
36.188183307647705	-1	11652
36.18882203102112	-1	4412
36.192094802856445	-1	611
36.198845863342285	-1	11652
36.19889450073242	-1	5860
36.219858169555664	-1	611
36.2198760509491	-1	8756
36.240012645721436	-1	611
36.240052700042725	-1	5860
36.25119638442993	-1	611
36.25121450424194	-1	4412
36.253730058670044	-1	11652
36.254541873931885	-1	5860
36.26019477844238	-1	611
36.26020407676697	-1	4412
36.26537346839905	-1	11652
36.26634430885315	-1	7122
36.27942657470703	-1	1154
36.372565031051636	-1	611
36.54506301879883	-1	611
36.54545569419861	-1	611
37.44684839248657	-1	611
38.33476781845093	-1	611
38.456581830978394	-1	1125
38.98375725746155	-1	2098
38.98415684700012	-1	668
38.98416781425476	-1	2098
38.984724283218384	-1	1516
38.98520517349243	-1	335
38.985228300094604	-1	2964
39.97207427024841	-1	611
40.067049980163574	-1	611
40.82697772979736	-1	650
40.826987981796265	-1	2116
40.82753896713257	-1	1516
40.82916212081909	-1	3530
40.82928466796875	-1	611
40.83375883102417	-1	1516
40.83381390571594	-1	5860
40.84652638435364	-1	2964
40.84655737876892	-1	4412
40.846572399139404	-1	611
40.846577167510986	-1	2349
40.84768509864807	-1	2098
40.856284618377686	-1	122
40.85630798339844	-1	611
40.86020493507385	-1	611
41.145206451416016	-1	1407
41.28777551651001	-1	611
42.84096312522888	-1	611
42.903656005859375	-1	611
42.90369629859924	-1	1516
42.9527382850647	-1	1516
42.96575355529785	-1	343
43.810808181762695	-1	611
43.91893482208252	-1	1516
43.93754744529724	-1	1516
43.94252395629883	-1	1139
43.97053074836731	-1	1516
43.982067823410034	-1	799
44.32934761047363	-1	611
44.32975769042969	-1	611
44.94874310493469	-1	611
44.95410084724426	-1	611
44.95413041114807	-1	611
44.954383850097656	-1	611
44.95444202423096	-1	611
45.43441343307495	-1	611
45.90717840194702	-1	1516
45.9094820022583	-1	705
48.91982650756836	-1	611
49.79292106628418	-1	611
50.158385038375854	-1	611
51.88672757148743	-1	611
51.886754274368286	-1	611
51.88677644729614	-1	611
51.88704872131348	-1	611
52.052804470062256	-1	611
52.80820059776306	-1	611
52.80847501754761	-1	611
52.908830642700195	-1	1516
53.10339140892029	-1	705
53.75372338294983	-1	611
53.9169921875	-1	1516
53.919283390045166	-1	191
54.33029127120972	-1	611
54.33058309555054	-1	611
55.88251447677612	-1	611
55.882893562316895	-1	611
56.49411988258362	-1	611
56.49449062347412	-1	611
57.10840630531311	-1	611
57.76769232749939	-1	611
58.92053747177124	-1	1516
58.937896490097046	-1	611
58.94300413131714	-1	1516
59.19846057891846	-1	1516
59.19848275184631	-1	1516
59.19932746887207	-1	611
59.20810389518738	-1	451
59.56662344932556	-1	611
59.66495323181152	-1	611
59.665316104888916	-1	611
60.06291484832764	-1	611
60.063201904296875	-1	611
60.795289039611816	-1	611
60.911195278167725	-1	1516
60.911211013793945	-1	705
62.912654399871826	-1	1125
64.56064963340759	-1	1125
65.479820728302	-1	611
67.74793195724487	-1	611
67.92266201972961	-1	1125
69.43184399604797	-1	611
70.00943160057068	-1	611
70.44719338417053	-1	611
71.0561785697937	-1	611
71.78030395507812	-1	611
73.02130198478699	-1	611
73.26276469230652	-1	611
73.93735313415527	-1	1516
73.93980240821838	-1	611
73.93982172012329	-1	611
74.00469851493835	-1	1516
74.00470924377441	-1	1465
74.02468872070312	-1	1516
74.02469944953918	-1	1219
74.03635907173157	-1	1516
74.0477614402771	-1	1516
74.04776930809021	-1	408
74.61992573738098	-1	611
74.62030673027039	-1	611
74.92898988723755	-1	1516
74.93128824234009	-1	705
74.96368217468262	-1	611
74.9658317565918	-1	611
75.21809697151184	-1	1154
75.21851205825806	-1	611
75.2266275882721	-1	611
75.85156893730164	-1	611
76.92941284179688	-1	1125
77.92906212806702	-1	1125
78.61964201927185	-1	1125
79.44805693626404	-1	611
80.39158821105957	-1	611
80.39583945274353	-1	611
81.37861919403076	-1	611
81.9314661026001	-1	1125
84.4508924484253	-1	1125
84.47697806358337	-1	1125
85.37207555770874	-1	1125
86.29428815841675	-1	611
86.38289189338684	-1	1500
86.39194774627686	-1	721
87.44885277748108	-1	611
88.39613056182861	-1	611
88.39644646644592	-1	1125
88.40037369728088	-1	1154
88.44898200035095	-1	611
88.94445276260376	-1	1516
88.9660415649414	-1	1516
89.01946306228638	-1	1516
89.05147385597229	-1	1516
89.08454370498657	-1	451
89.67288112640381	-1	611
89.67870020866394	-1	1154
89.67910695075989	-1	611
89.69593524932861	-1	1125
89.93660163879395	-1	1516
89.93889784812927	-1	705
90.05205368995667	-1	611
90.05233407020569	-1	611
90.15617108345032	-1	611
90.44919180870056	-1	611
91.82429957389832	-1	1125
91.82431411743164	-1	1668
91.93734931945801	-1	1125
92.80543971061707	-1	1500
92.85639524459839	-1	721
92.9368782043457	-1	1125
93.97410535812378	-1	611
93.97440958023071	-1	1125
96.93815159797668	-1	1125
97.19620656967163	-1	1125
97.19621992111206	-1	611
97.2253041267395	-1	611
97.23701548576355	-1	611
97.37372303009033	-1	611
97.6610038280487	-1	2098
97.6663384437561	-1	1151
97.66739177703857	-1	611
97.67956113815308	-1	611
98.27572345733643	-1	1125
